629.9199750672934
634.5251154443639
638.8393284029005
638.4406461751805
626.3958149930515
617.4746585818723
612.6024313162959
602.8168844163472
598.3788541857705
598.5369595460311
592.5770803541731
590.4056643674663
592.1573059401127
584.5772885711795
574.7286110206933
566.0836134575324
625.9001386416076
632.7127447984751
640.2173472884027
643.800179035193
626.6266381619073
617.2292299549129
615.9418067404487
602.6028397869062
598.4330973222064
602.2388991042293
592.1601545703633
589.6171444870182
595.4658288576818
583.5026781022788
570.2372619860422
558.5263570736964
617.5055301896565
627.6355899536629
640.604993328388
655.0706753422411
625.2131682348464
615.1615122309453
623.9752832629645
600.6858280259671
597.0885194203537
611.169642622475
590.1506167535133
586.881321846407
603.6338042818854
580.4314111666848
561.0123280019743
543.9254738095149
601.7839394964916
612.0877985649996
633.3461733683891
691.6411419942705
615.3075790622025
604.3024951773713
652.9584747929939
590.0627912469413
587.9809148463099
642.8467992680328
580.1642568282527
574.8813852443644
633.6613960250072
567.124025053586
537.6518929061735
517.2691386258188
569.4362171745424
571.7734156178899
576.3974547034104
583.44623917366
587.8438254563339
582.9361317984203
586.7849164806581
592.2253471423761
570.0253229839666
558.8954212026046
559.6269872604653
543.4458253775806
544.4948896792337
560.8576295742649
537.1253755601147
527.2356129261365
531.9776109054345
513.5939216988886
498.1753442408188
489.40973154080626
471.9661230598818
458.818988297553
453.09420230123106
451.257315095993
567.7959502695844
569.6152151059929
574.7281909938539
585.1341603287157
594.407245567728
566.7824466509416
559.9684714134962
559.3026630211353
538.5011235887752
526.0682744385604
522.7543904364944
508.4991003243816
512.9602467388742
550.127469219105
504.85379050485375
490.0450749608404
491.2044146549548
476.9940542608858
470.24188982104477
484.5634501967391
467.57092657400557
455.29695766108784
450.7737507872072
450.6057192636434
566.2198860581816
565.7426382961356
570.0374776774386
585.3826168158732
626.9278086294602
558.9494496559297
544.2896976952064
559.7630848769978
515.9548135658805
501.60317706309837
513.8022285668347
479.10717694115976
474.9460007154451
500.34521466859894
464.7574923847206
456.5634764388747
480.5152700546174
450.08528522454077
451.8493038503318
508.20814350145895
464.61354728505825
450.14639842147153
448.00709087570516
452.13045966638765
568.3380146704288
560.2592913244488
557.1263119536001
556.8309255449881
555.4333446954549
529.6745235614324
513.6414364172659
504.23209118411614
482.18932751106655
466.6618889339756
457.661287379199
440.3378161023292
431.63271183742035
430.7015497744182
418.2399354935815
412.4531030091353
415.3580805030567
409.38450331646425
414.1837240309482
433.8080807459993
435.49357491013507
438.6983285144461
446.3796711573531
462.49881216061135
681.5295713912108
669.2494861140522
648.9352811195363
615.9946547891418
583.3321221880055
562.3086897277751
551.9869986956181
545.3518158017877
538.1181836800263
512.1233711940173
493.15476583358935
480.3663676573072
456.9272107903496
439.38147168008294
428.02093194969444
409.24556023364687
397.79852476981085
393.7348055092851
382.1145264571545
377.4759003561831
381.48657410512004
379.4602622193603
389.3440628883488
414.11026931065226
425.16961169185714
437.61319157632164
456.64492667329057
490.0270178000411
537.8150971233147
581.5553224259713
607.6373732261412
623.2368870148692
694.9414579077755
684.0278075317451
666.7028113551715
635.4169491827942
601.6586740332482
573.2420633213989
554.0713370608705
545.3204630026011
552.3416240818817
503.5142105555983
481.0188970697676
479.0970437804349
438.2272372280661
417.9377162068015
417.2559934309573
383.13277295844165
369.7363118208462
377.2863276386388
352.8517616731159
349.77319423708406
370.66621485623483
359.5927829471866
377.89659205072047
429.01217207924236
429.30178731051086
447.1462717252862
477.67824200865664
519.5975470181377
565.2755880431067
604.8479102269631
626.3959621316022
640.1535610712349
715.8457944954779
705.3180875676517
688.4166750130277
653.706789574634
619.050817903436
587.7367141176654
558.6518402566821
536.6806385675061
517.8667306345247
486.5844953321251
460.9731788145301
440.3972012000194
411.21614963441414
387.69123218536805
370.51618399656434
347.26309175846677
332.1057052745121
325.76767261787256
315.5979551225403
315.1219918895844
325.9772348519985
338.326979965861
364.5108466220221
401.15200016510727
428.53661701879935
460.93747888925475
501.93143302735575
545.1980365969079
590.2467690719792
631.8239704825017
652.6019022679216
666.001649930849
747.5352627860623
741.8815929440678
729.0007423078893
678.0147809799442
639.0707926835529
607.7584111539172
567.5026352260003
537.2403718171752
512.5423156539764
478.2079431275231
448.5098950801114
423.34631592035123
390.2387691285603
362.4479655296638
341.2451392020403
315.0368755736371
298.2217082588166
291.8372847307561
284.1674027748773
288.5613964219169
308.7161285463348
331.5192366656353
364.37573454550454
404.9855702723126
438.32010783329383
479.03184602837257
530.1723137739868
573.2811438468774
622.5489269340756
679.0411906267343
695.7832561531949
704.797094242086
781.0110310628694
789.2480029891657
813.2192085402844
705.9684441102735
660.7364040314462
645.1710435910901
578.6081272927686
543.0886113014404
527.6119191161379
476.47027286447457
443.10724603736975
425.82846276965364
375.87621943441405
343.59999961973233
330.2468900483447
288.14319711281945
269.7299229456142
276.42667208383045
260.67300703981965
274.3544068947761
318.00171511216485
336.24439157101716
373.12130517151746
429.7238884381669
453.7049668815155
499.3627920673085
575.087577939402
604.1419472397765
660.8909428408863
767.5060589615786
752.2487799520736
749.3867815028539
785.8545363317037
779.2957003349056
764.2452350495071
707.7319516471381
661.5380198542632
623.6023078207779
576.1712700035589
538.789480866678
507.43337739542505
467.8628642775107
431.63081280612903
398.02801236987506
356.2878745116165
319.3911073985621
288.7117632492519
255.3053988036563
235.64417953178787
232.60331127936095
237.32841627996493
263.73003760104905
302.4003059761292
336.93960410696025
376.40652193788935
421.41361782518305
459.80375534689495
506.589241170575
564.7263006272966
616.5337785646399
676.4052371802958
741.8260842131924
762.6192512409889
773.6630360918509
804.37627497236
797.0892258934663
780.9144651473513
722.7373564056561
672.5938300500621
629.7268297134669
579.6033896902956
540.1169710587948
506.3618375319147
465.2466585742665
426.60557798145595
389.70176253897114
344.4992440664209
303.4893001230439
268.02297912912957
230.92048777563664
210.59743646115447
212.9367825680345
231.2809301465884
264.7364966728006
307.6397366907406
344.93971773426983
386.29001816550755
431.73884345514267
471.68051933024634
519.8574835365788
581.1681563630679
640.2458650160205
708.4443428068189
780.001017801093
803.0976799873156
815.0917468540499
834.5828572302679
839.0383296466396
856.0480474440752
752.1371802757448
696.0144056152169
664.9058576639168
591.4715899217533
548.0591455389866
521.9884111709523
468.46684674215186
428.06049588359815
399.17854465781744
340.98310573479733
297.16883831201596
269.4299616899356
218.6978926127178
200.09295391048303
225.12787771135635
240.08322351737024
277.2153167364184
332.01837699672365
360.7986679554699
402.5618723185142
458.91597640272084
490.16305511531215
541.3682190252215
624.8322528917699
676.6724539750688
757.8200170080181
873.8731550613509
869.5896146005026
870.9289278277644
843.8690142274803
836.5877168523795
820.1370404872382
760.1193904468963
706.7733531896689
660.4349325459732
598.078211286891
550.6017146792251
511.7172684396711
467.032638915457
425.2520725574532
384.83653824151816
335.6361377670369
290.39693002978566
250.41253062375105
211.98720825796605
201.52337354389167
222.98204506551454
251.27985830186566
288.72499351878474
333.1530101636683
371.3150606553986
414.24355724558086
460.56649229110417
502.82146158414326
556.5661303006656
626.3483117361066
700.1423014897748
787.4694255922602
880.2789429383477
900.5808966684253
908.1104279049124
857.3541234771416
849.8920843080274
833.8816106051288
778.0719299254656
727.8467376222826
694.2902200068697
612.9673010358208
558.7682323967865
516.4545714101847
470.79739663972106
428.18041338137954
387.5170403805583
339.37450960564917
295.25649240079315
258.45026376734876
227.57260503087687
224.01653444072298
245.15767611362105
271.2095735485209
306.8651930798739
348.83728363732297
387.00294182364087
429.6187537248276
476.24626109336725
521.3280720921127
577.7453689760058
650.3585050940457
728.5094215709062
823.5582987777633
947.6342157464712
943.0205336510992
941.3539860503976
873.8122318432845
874.8681165315448
881.9745975552413
797.7193014911757
740.9778203353894
702.9069204345482
623.3273061900018
569.3392404815751
533.8926813935617
479.0133378981013
436.9987422239591
405.26201272533166
352.1249994602508
312.92892817033436
290.9408588995761
259.97272616175303
258.36478643998095
284.66515511004144
299.1465634874351
330.98624550088357
378.1535289170414
406.95738449989557
448.47169058532774
503.60831644345336
542.3278680604653
602.073635626275
688.0561188694995
751.442913085818
837.7571816236142
945.4814164882516
945.9631000906567
946.6398255638069
871.2367756862515
864.7260608484969
850.3265241047652
796.6300029084861
741.5355378451209
687.610063894157
625.0027613355909
572.0997159296447
529.0846044752442
483.328161579901
442.5148322207261
405.8891292562372
365.2765746513185
331.5102593392749
307.931875735455
289.9162575440364
289.00834814266113
304.2286650562493
323.07275831151276
351.5713543560719
387.3765255733302
420.95781180035027
461.4021164552372
507.83677823016876
554.9757930907952
614.2717447015726
686.5379860288413
757.7358696079925
832.5936980775052
901.8048176870694
922.039742274293
931.7092127434452
873.4263589320799
867.6849242546982
854.8120737778524
803.069416806473
747.8821653698467
693.2615605085373
630.1840298392667
577.8369189319861
534.7448003933305
490.75636790449494
452.2088345454138
419.08625531814727
384.18673742477426
356.55811512463583
337.4354930674356
323.73443761742243
322.7032283945707
334.43390330881647
350.533462591761
374.8085524843286
406.1897534279362
437.4989020112924
475.5371536762999
520.8738027238443
567.3067344817117
626.2991336929849
698.2718791657384
766.4468582578195
835.4243892736256
895.0792686786804
912.627637778235
921.8327798002065
882.3007556187918
886.100757136622
897.2013836133821
815.2273774912532
757.5173257192822
713.7019341692708
635.8534933389351
584.757429688444
551.7114451294058
501.5162986283856
465.91483105190696
443.0485739940993
407.0753547975137
384.01900021712703
374.21682500928637
357.1285104856113
356.4564865258334
371.91850734749806
379.3847766172898
400.2105640770982
433.7006335717563
455.9637940738994
491.2340273508538
541.7037462354305
578.4999270353246
635.7201996479475
718.9300767891425
775.8825376909173
843.0193893941225
914.2498571679191
914.9126855436268
917.527457797966
873.7178731821599
869.6702223885692
857.7585261892407
799.1967917416434
739.2047356378001
680.5737751633997
622.1963621129537
580.1917599392328
545.6581626834248
507.3198321158985
475.8904407230235
451.01445801794137
425.69867264215753
406.12643646357566
393.3242343776577
383.2841377334158
382.92274123578494
391.64477648653803
402.4227890746437
420.5763443384755
444.9218743607445
469.2476775878488
500.6753168752469
540.1224405129223
577.3795643224398
624.1177495143692
689.0041159155272
758.0382981834155
825.9307700147339
882.0053143434415
896.8043764298943
904.1121850331224
863.0911842074811
853.1747713355811
830.4099415177952
773.9878544849225
706.9863074787373
649.3101421673892
607.884505687267
577.7329393729586
551.0630395497943
516.9991985000811
489.4914775354361
468.4728885154532
446.3784912823428
429.2833000090076
418.27392576154404
409.4407152683546
409.1756582401383
416.86125021074304
426.3996752358979
442.37966956543255
463.9230509421402
484.8856005909706
512.7412579946097
548.0595075651274
576.8136139641217
610.5522369871203
657.8426939701205
724.8157448747504
800.4795512598209
857.4524663852837
880.8530699386291
892.239546643075
660.3870958078744
621.9465254039964
596.7632557575439
578.5137403283842
568.6893486250366
530.136139457029
506.2041208582615
494.4863438820099
469.18309190871304
453.87135349926785
448.768935239788
435.89492359787914
435.6343529615161
447.45125187416875
451.39984745463516
465.8889258498376
490.4606525956325
502.5739706438891
527.2671263273784
565.6958006420332
578.3054909854367
599.1059784030233
628.3403298537188
673.5072770197132
625.171344634248
602.3650978059303
585.8271339116544
571.0687916876843
556.7403648783942
533.5095976369461
516.9453005587535
504.8365437577869
488.08147233223866
475.35743617167634
467.15431077334614
458.6276696458533
458.44057130765515
466.0223651055751
473.2195474111252
485.2928051219316
501.64813229401506
513.895766604811
531.2962481509553
555.2026662739707
570.9801175283952
587.7700225097556
606.776709575619
633.5107670161159
605.5940076592974
591.556519874335
579.1829645973661
566.0667411321538
552.3936924129049
537.4967004679538
528.7841434123295
523.1814250872533
509.0349512264563
498.9033286521367
493.8703504264327
484.6572658403457
484.4670146787446
492.77609186077495
496.97238468206393
506.46417786028377
520.0414816470409
525.813533322278
535.278905983476
551.1912161695321
566.0668724376171
580.7398810212363
594.924194062267
611.2705582033464
595.5554422015314
585.3210071691169
574.5087409024387
562.202025515487
550.9466010183884
542.9583749999015
541.5301480409174
547.5337985804662
529.331270829577
522.04398154484
527.553270124656
512.0087942423153
511.7229574871533
526.0362914678218
520.0387747340841
526.6178249160791
542.7710686920765
537.9813431336673
540.2965438739599
549.4836915313864
562.0892631515492
575.7874767649508
588.0261707893292
599.9013214654269
547.3317671855478
543.2458162939389
542.0909487406215
542.2622171291544
534.0630245149964
529.0071910943126
528.286495086557
521.8570640824144
521.5526597836163
527.1632285828637
527.1555504362311
531.5633059625741
538.8702294814414
538.7844518683374
540.2551607438202
545.0401639101418
544.4157393112594
542.2841604746455
541.2337944376345
539.9328403919965
535.3326831628569
531.5425871172966
529.4042123427021
526.1489273795609
525.8509903682077
528.3982824136109
529.8466096519023
533.0558477769761
537.048700213201
538.1656380708283
539.2858463562025
541.6836484371369
542.8422293681905
541.6142850256687
540.5972252108483
539.0038142006667
535.6665441765264
532.4571159053738
530.2128116976152
527.9866352972647
527.7000028598583
529.2700220508785
530.8843490272748
533.5168588960587
536.3413272310166
537.6775942920656
538.6678615515725
539.9931987357048
542.0395461702606
541.143276035796
540.1052265235121
538.4776936608313
535.772802615065
532.9489752545362
530.8164191249219
529.0578460567519
528.7817624696361
529.925568625634
531.4659375785275
533.7304866606581
535.9628295306114
537.3118940038806
538.2510868054316
539.1658184930766
644.7722147939769
644.7847472057737
648.918163513176
671.3013714915302
628.3555641636189
620.8738668892641
649.2843201944778
612.4157100343828
608.1947486614691
634.5531308262865
595.6408809243255
591.2443195746795
621.5661360155472
592.2235889209614
585.623211875963
583.0377034727973
644.8248342159343
643.0044687691743
645.3200109708677
679.7010624209074
624.8077780752346
617.1154097773223
658.6018082585246
608.7429397710733
604.7710810730896
644.0115993978502
592.1905341757861
587.5203353784442
628.771383529574
587.5765423083285
582.8765630918489
581.348106138412
646.970669975264
641.3586038787391
639.2170844917979
692.120889896307
619.4712737367711
611.4930000776999
673.0832464754268
602.7326168655
599.100726693119
658.6084375551719
587.0147144832424
582.0354647294711
639.7084411480121
580.364283804461
579.7639874698912
580.3065408016126
664.3589611388632
647.6735982189646
666.1652223589886
1088.6308144478
633.7575174446854
625.2306034886049
1096.0449686801337
624.4319020715044
622.1720264879614
1072.4147828760729
601.4688602339498
593.5031399200936
1010.5968651431766
599.9426234381947
578.3896739814342
584.8964912126374
574.9294720217539
583.2978585168648
602.9146564165956
664.773074381736
704.5985995764427
593.2682158835582
580.8572589961414
605.3996192298912
560.444217178314
550.4765743636059
579.8983325468095
538.9509857416981
544.7088747321526
609.3363290101851
533.3957635906356
519.4869617077841
545.8452728226711
509.8357617603574
514.3891383593951
602.4488363136347
546.7342285285814
482.7871931595671
463.5423766460469
455.72767289445716
566.7359693155287
572.3213585432692
585.054409668086
656.4294655559191
829.2498359696414
584.5068736243993
552.1856882068236
565.2804875636458
527.5280679733659
515.5226348775122
531.0455459383361
501.2172416935547
526.319884409096
806.2462000760712
513.1933002052967
482.04582467629467
498.59115796224347
471.48469771436623
489.44457043063534
704.0190305504622
533.6352445177578
464.94522964017085
452.9126655880808
448.1871777924202
557.0249104802631
559.4052537396457
563.7320088981039
613.8578770117555
973.2598019834636
572.1324291310905
549.3343307161099
726.3642089123321
516.342208871608
501.40405599847014
652.1998749180411
479.0648121158172
477.1007657662539
651.5349981675148
467.9178355395164
458.5075021815005
642.9165280401384
456.563995942917
465.6402426768864
833.5731999748759
492.1686377019428
444.5354147708581
440.7718591237349
440.1052555415954
549.7635641965868
544.2882022352863
543.3914305479103
547.5703224743513
565.152758921848
518.8233338742278
501.76641130044334
503.42043392103153
470.04895355600155
454.74343030242693
455.3521122321977
429.11331333570865
420.88648318507813
430.0919173637258
407.8931244700468
402.01506058074864
416.11747274818134
399.5878974725525
405.12011101149307
444.06481997755003
427.2798544461801
425.68483332412524
428.0472033600302
439.990720266766
669.9416037422912
660.3428714514163
647.434796782952
608.184215315307
565.2524892292128
541.5115317662513
535.7103180352027
532.8000891759317
540.714271524052
499.3968662934198
480.28679266730404
477.5117316723541
444.63562711615396
427.45202761747123
424.684116609315
398.17642349025397
387.0392040157529
391.30473591613446
371.6874258482489
366.9765054450663
380.41920392614276
368.79340222627434
378.4593171013309
417.61522376863303
413.56240976013413
421.62736605805736
432.5037670856907
471.3413250798926
532.9029268530772
582.776817546034
597.9198234739612
608.5700282333113
682.8674879670808
672.2876157900191
660.4706474627828
625.8814877547085
588.7861458493302
554.8540476942003
537.5776229508394
544.6829980051641
707.8487969926734
501.1465685683344
477.5705232289235
586.6627866075459
434.84687426407345
414.75017292904454
512.6044790147026
380.60976739339907
367.49629895803514
472.4488159282866
351.19432236398063
348.26623053388136
477.5915345986271
358.0611945873797
376.93834768225395
578.3986059823696
428.84941207568625
430.5293370943244
458.72785718171696
508.75834248057305
557.813650389767
599.0593903481858
611.8049641524452
622.7780683312945
707.5874599400871
689.6374575759435
671.3161546991118
633.6810607615878
599.7337431862182
570.2765541996203
540.6170004674492
521.269144973461
513.7937562718579
472.5913762122472
447.7344090592132
436.67657743232127
399.7151340271953
377.1143387187652
369.326544974034
338.29606268845794
323.5058441587037
325.51295616621087
307.0630376107737
306.2029557140063
324.80838313158904
327.75254430838856
352.5162345140054
397.80831983852477
413.6491705261176
443.03243297694576
483.990625977374
524.8004031401435
568.3803877906889
611.7742243101715
630.3370408461875
648.0994811524477
814.8894663498511
788.5878254956251
745.9256080057286
660.6388806990167
621.2203533059137
603.3496557188147
550.6450985639933
521.1309673111307
506.2255171825198
463.92671008522365
435.16535840808757
418.9461170171338
379.1555353407222
352.6010577852499
340.7398253214433
307.20292517809156
290.8794884721243
292.48418910234
276.8093327070063
280.6333195550522
307.30274587762324
321.0870179995319
352.2490559272761
399.39204760438327
422.67997728077677
461.9881413662601
523.9816007632855
553.4549676178688
602.4323442021092
688.0907621813589
726.7384857794731
750.8315233987264
1057.877408355669
1110.665500336658
1190.4828109078337
708.9937883168096
657.9226274036118
788.9894083804434
571.8787525476055
535.4837986766726
619.271026505963
469.94234604792206
437.7925979584598
516.3441282334359
373.2227139454683
342.59522944944183
428.27691366799775
289.8533003300727
271.80061127575954
372.6391728234524
262.4246545040869
275.0541788586713
407.7055941938255
333.3194524233097
368.25003198986946
516.0515527284292
445.98614271208163
491.6272710123915
701.6120007349618
597.3811865521069
658.7500890930702
1079.816750528261
1014.0029517399611
971.0670191048793
852.3729034514712
822.186644991516
777.066014373185
688.8943912085796
642.3825046481169
617.2567660858995
558.3340409287127
521.832746708291
499.35922437159377
453.4156596543058
418.5984839843933
394.06128137859065
346.3403166102041
311.1956579253637
290.5297000864826
250.27926045989327
231.35079583040934
236.41446758951918
232.47018235696066
257.2610473372434
301.25547061023576
326.43894589055583
363.8089860557437
414.0097597454427
442.8544385273554
487.92782835364903
555.674709799737
593.8393111100518
653.0134777829084
745.4685837824698
787.614757275748
816.3336516191707
874.4263994640664
845.0067514542269
799.3243154476878
704.8990284060458
653.9049438235924
624.6323137553225
560.9114868546552
522.5000692245311
496.46535684978573
450.5124298747024
413.5651576074322
385.0561926281892
334.8222959339121
295.862019677808
270.4078050657931
226.96197917171872
207.58362860371372
218.01673945999605
226.9486173353436
258.3352809396274
305.80049679439776
334.25795402700214
373.2114594490639
422.2454418835168
453.952684597412
499.8071023547569
572.2700276222006
617.0252150687937
685.0970049232387
787.7901970774087
832.0245648181973
861.971873169728
1107.831845293097
1162.3240083417854
1246.91947267109
758.055786213621
695.5240094766789
807.629144620645
580.9996810014853
536.6730754840352
584.7688374188165
459.5350068272796
421.5966396581777
471.8120936267796
338.23577376317775
297.0756073529885
360.0850779326276
223.29133025677498
206.0356846674427
319.379830334746
243.0273326116295
277.3779120339385
405.3273691725595
356.22614246697015
394.5911225686414
516.6119237068423
477.9820471350674
528.4240611665323
744.1601734903778
668.8675385646416
755.6245702862506
1183.3751410525422
1126.139340326688
1092.5746201985403
910.1384847217324
881.4050546652838
835.3802956686632
739.7108751587521
688.2528562650838
666.9758395085536
579.1305491704194
531.9246865527756
500.66902345364736
451.9227698639811
412.12826312792754
380.11553231355884
326.1987459203739
282.9962081099086
252.81922085716704
208.33780710899225
199.04594839347624
227.9215493087258
246.44334988476984
281.5774868447223
330.1681342587418
359.7413012290084
399.9767944631163
449.4262387559441
483.02590908458376
533.6718893029698
613.5022759453575
672.9444137312793
764.1258507744866
913.3968109178811
979.5087451578714
1018.2136120006869
896.4586859703516
872.482342693209
835.9171907346122
755.305520146114
720.4695390271066
814.067571588026
600.1174455303656
539.6665651073268
503.8610868012201
455.2147026591749
414.6724868016969
381.23608226481406
329.5678294067608
287.16142402811755
258.5932348793648
223.12053748851514
220.46754974914543
247.38029152247088
265.3954312779705
299.0027491078967
344.01286231976377
374.73891646795664
414.68570513544097
463.195584676716
500.37772295643975
553.057013400697
632.5228812128669
700.2422057997089
814.4983189660013
1221.392045828593
1187.8876102790603
1166.0845726640284
1007.518842535794
1030.8370434023586
1067.9246613226974
783.7075913479683
726.1671282156833
781.7545124452374
609.11698409485
554.6764998202605
577.0208417064584
468.1001670780378
428.26843802983916
453.5771106840597
347.12838982448903
309.7140755560681
346.3549699739083
260.1312546499991
259.22554157456534
341.98974123739134
297.88351393935534
327.6118160402782
424.7589488821029
399.24858333083023
437.86567931847526
540.7610660798792
525.9388099549313
583.297302587447
737.179519803998
727.1476221931605
817.5598766437254
1090.9324497944249
1087.6253012870427
1084.9338545542905
889.6910348151519
869.1314616234953
838.1516676218946
765.156756977098
711.5462111672078
670.0323477705797
601.1347016593771
550.8338917869472
515.9313437834587
467.1502065492195
428.4860117497483
398.9188657524375
355.1782741946641
322.70932745618427
305.81981869800967
283.8131491451862
283.6332871443601
303.7011307193765
315.91627444451075
342.8775102615927
381.6654058859368
408.08392914582294
445.8601625986356
494.25774144333855
532.2404666013266
587.5162423927318
662.8350998220706
720.9377634460711
793.3296639057747
879.4436700656696
914.2193582208288
938.9432622206115
887.123491127397
867.7661715294156
839.3768309273155
770.4938757352766
716.6419449016826
673.142291867301
605.5226160781964
556.3261851144784
521.288057186121
474.65459475377844
438.20397956627653
411.12724800645583
373.90866582706684
347.7553119867592
333.72896296706847
317.22933485789423
316.5283088868957
331.68888297814834
342.8823441972369
365.73901059443597
399.28886333422156
424.50114904493927
460.0534071199202
506.90890495897827
544.5661669033686
598.8771671254541
672.3613137842399
728.3885975330293
794.3758500527464
864.9998463784448
889.9256412652777
908.1622957195509
1034.6258083330165
1057.7960785394475
1090.8068668635622
800.3396762824439
740.0678100376774
771.6303220116133
619.5349327345858
569.9763230155822
585.5929796189216
490.8284822374656
456.5413808415103
473.53325243591337
400.78694330027975
378.9540309003705
405.6375679002841
353.91730115092327
353.54119395338245
403.5462654324329
375.0923581388189
394.8489924230386
461.5357707038639
447.3248423210334
480.890368182328
567.1927789303661
562.1092537411164
615.8973728451327
746.1159173685356
748.5184306712496
815.0797284997686
995.8733758399935
981.6083799745047
972.9499255394422
1036.1623266222466
1037.2508565225892
1024.5263308907083
816.7227487578955
744.9259920553417
696.805997205664
600.6347421579799
561.1227291419119
535.2092217327377
492.2316531661646
462.38618081498277
443.40955011775907
415.3245562144811
396.82734097625905
388.5763713199749
375.6274144039192
375.44741854871404
387.3104279842106
393.8564750313688
411.131574382648
438.1610976099486
456.64558814207015
486.2258546207052
529.3400398401434
557.4864349603935
600.1054799193562
689.6685761499475
751.4692977647609
825.2311838688455
956.779700069056
966.5300744390853
968.3845342515683
1017.7026585891433
1004.0893106050056
969.114329747424
802.0187160145539
704.5315184780612
628.3011993262957
586.8034687440453
560.9478300099172
543.7750050445702
503.3662326661516
476.6503428437295
460.86536357016513
435.9565087409555
419.71873541844974
412.39811024791516
401.14982858577235
400.94206408507586
411.2700910466263
417.4392649824064
432.77720812828437
457.1098836178744
472.89354412420585
499.8603105749352
540.8655538997494
559.6598366354397
587.9357287447738
630.3940524054897
713.5132437199279
811.089177662653
922.7011285667331
945.4304040918931
955.2670202422823
635.2610080042114
592.2708762980204
578.8742025527733
571.3175190862789
603.0805962035787
524.8862679900158
498.66303285313404
513.7975806642057
462.4876100077925
447.1875070735053
464.53831137273005
429.9699964585088
429.74617011220846
462.43040689668226
445.15636947666235
459.8095493313388
506.6018076890102
495.6835081969751
522.6293064190456
587.3546748964852
570.3721721821071
580.3672337375823
594.7963295625824
643.0997550225715
591.4623298501497
574.8388120132922
568.6746104091702
557.5251776066024
552.4703935190452
521.5574202258941
505.1492911996536
498.21391748119254
477.40842182655365
464.89483352238454
460.4632545442525
448.694375666674
448.571162947092
459.47959148509227
463.17357194283704
475.2635921910197
495.6398105787644
502.9444751374885
520.1693837441192
550.7414656892921
557.5493326335777
570.2709565705642
576.862486825428
595.5829780753372
578.6220030320527
570.7307435023966
566.1165343544008
556.7596639906453
548.1497433028862
525.9521669434423
517.9605956771613
519.4719787393642
498.9057219900055
488.7443790989808
490.68024394389454
475.0123696616865
474.85382439108855
489.5692517644629
487.12882200530225
496.90743992610754
516.683100282809
515.7753951393289
524.4818894312594
547.1873083374214
556.8068461150997
567.527186673935
572.5181949312129
581.3881514708667
573.6781163002465
568.6060626496858
564.5783582200318
556.9064554881306
548.4378730124453
537.1616202395187
537.477607824638
564.5174663050972
525.7216964546452
517.6625695225499
542.0250314883298
509.8924369166113
509.5115820081169
535.7926604308939
515.5673583046703
523.0713415597803
548.942721109846
533.8004727803542
534.4358980309306
547.4741880102125
557.2536002634695
565.807283887229
570.2904394485935
575.9495840603987
539.2387108115015
532.9874832247973
531.5798446056289
537.6667568486273
523.4054792922059
518.0809611286717
524.1348174192804
511.64898140375635
511.37674966351227
522.7665232928946
516.4356588360397
521.3326672998977
534.0352521748589
528.8800444626113
530.3214241657491
537.3055060825334
532.5440341733398
530.0391695674945
528.9486150365974
528.5511302323853
522.8138658264057
518.8672927813122
517.9090138004963
513.5454064585092
513.2776655381397
517.0119543539408
517.4354902486626
520.994957129971
526.2292823320025
526.5872758065852
527.6190878845325
530.2713242015534
531.047508578739
529.5887122475306
528.8360963242355
527.9971994929755
523.1216066700463
519.4136567433329
517.9532649029811
514.392338017728
514.1264396048448
517.071150800683
518.0004708524859
521.3217974664318
525.7486853557805
526.4882472856739
527.2010785584624
528.7027245503424
530.3337102096457
529.3417366279278
528.6882479081368
527.5845052966212
523.3320793229027
519.8277724783412
518.0717704643213
515.064079443335
514.7986080571419
517.203509243616
518.4368522154475
521.5529322828098
525.3934316139561
526.361184993245
526.973139185693
527.9794524593916
