18433.176483889936
18549.804957472195
18617.52148622724
18445.590936812747
18308.824210192488
18071.5503622889
17883.454760958706
17612.674320128077
17417.31932514907
17182.139764614803
17051.23482186488
16884.156158493897
16795.802929632668
16571.514235755938
16328.614421148934
16117.518283020147
18329.89175849703
18529.357252805457
18720.357087687797
18460.543614667313
18366.94857174634
18070.113692059545
17931.511306216817
17603.816129978135
17454.76911413691
17159.73430350588
17073.530265515194
16855.71212900383
16828.692895583263
16523.41422219931
16214.257328708472
15928.851296797902
18080.020008223433
18410.5179153024
18947.265838612544
18431.928691075544
18496.086386869963
18021.80686567856
18052.12468645101
17546.26201545613
17564.56091192997
17086.17523370739
17153.538630870222
16773.787321431722
16939.239288212983
16429.97224856951
15994.414993642748
15560.147588978369
17557.51690409666
17789.23336236886
18026.848305216947
18119.877603556863
17785.60185835827
17701.637194929608
17325.84566652852
17205.516912492265
16812.906008068316
16728.610554814757
16408.323503793115
16398.127707091764
16123.239640341408
16127.392151364395
15466.664976261354
14845.2734142993
17407.149024520986
17403.100692872813
17343.234799783633
17166.682821619062
17174.21722198612
17309.759064936097
17605.430377995024
17364.951148221717
17285.70780589951
16945.509021129386
16786.092317579045
16399.284644016814
16246.774027519843
15912.218872545398
15826.75255637519
15556.197820733132
15493.534640054933
15113.621515319479
14597.977251177717
13945.361629253115
13283.852338518145
12768.4819794782
12423.525152737177
12186.496892366038
17419.146990274574
17457.91045768219
17467.7196842738
17154.939957828767
16997.975517622337
16857.989294413466
16893.670503772708
16874.366302622097
16576.089498273945
16401.022228614824
16028.026982634603
15813.627665662449
15459.431796210709
15303.035972648939
15021.348856785346
14911.077964708971
14617.466945832557
14461.674677261564
13887.573679658422
13319.287116229425
12947.965579500218
12540.98951611079
12223.857967631178
11962.314160015778
17384.313180210047
17483.37787525376
17746.51606757813
17191.28362543208
17050.178714970083
16638.31467040321
16552.405613002535
16262.922936399325
16084.014975286986
15736.145266692936
15493.613001227479
15126.186355294501
14902.32275503471
14580.214537924994
14409.468796042582
14112.848860178014
13939.699317554028
13590.145752000219
13345.527146706138
12883.532860235768
12805.80439134988
12329.328152084685
11941.5534060082
11588.3003708497
17253.6488133881
17196.74898368076
17205.949064172415
17082.782640002133
16643.86470046921
16407.180501658208
16049.313182508437
15841.517617703747
15497.969981919889
15251.014092802478
14881.58616199288
14617.571787487243
14258.530399189074
14018.237808764174
13685.127410940866
13462.17127997409
13121.650114747988
12898.1751698619
12528.806951524863
12339.907968257969
12017.61306114001
11960.793076541318
11424.570839448801
10979.393066020906
18499.446509663067
18404.662941530085
18185.042257484423
17715.816929046156
17310.40171469206
17074.943607357396
17076.640496507232
16660.300971923138
16385.289930731964
15956.378133606851
15689.156064838822
15317.853885199904
15052.455676106956
14677.422578438141
14389.492379735315
14005.691696705522
13714.73046209221
13337.575626027146
13057.234165468286
12682.422468425042
12409.741201165129
12036.785138149437
11793.821489122538
11451.008736779404
11321.091352468902
11007.463358185454
10643.849335053279
10281.967087926309
10012.038551898186
9851.021623364682
9753.315936963936
9686.98047852562
18604.053038198104
18573.470024400965
18459.440510377
17925.428945232936
17455.00626227201
16973.242161106402
16703.38383681874
16438.24807751469
15972.12454842057
15643.188507072688
15221.262892228533
14916.98941457269
14515.450725776662
14202.428063006042
13792.789636462103
13465.284626853909
13047.203864575473
12715.550868158178
12296.234352693355
11967.700235202065
11553.91475098303
11253.257604432598
10870.556532437968
10662.577302943757
10400.461566723809
10343.582254410094
10018.440132253387
9818.312284551683
9834.471600430685
9764.10840495835
9685.014405279142
9615.577227849108
18680.765729570976
18742.831397894322
18892.48601185138
18136.483594866582
17717.556680025224
17021.41786949948
16630.30316045401
16105.62291138759
15717.93734646319
15236.251380081838
14872.837155578334
14423.776069193682
14065.758831182533
13618.314986866579
13249.771151977175
12789.042252297158
12408.19024629659
11943.019564050797
11561.179883101071
11100.524240830482
10741.122699087484
10320.256101794299
10033.778494842178
9730.264758064663
9635.524905376102
9504.255327677207
9565.395331400638
9519.519090800928
9839.665669933041
9719.714576171844
9592.941383117386
9488.221296603808
18586.75640042621
18577.912012140725
18528.835650558853
18224.429415837512
17531.007578515695
17004.130203807854
16374.968500451905
15912.03266880015
15371.905989804221
14947.911882648974
14442.794080863561
14024.054715816095
13521.710367377336
13097.280761871098
12584.390702001343
12146.283188636919
11626.638916343692
11189.444164728027
10677.70483969319
10260.485471578573
9790.602687688606
9445.626293562027
9078.44109558543
8898.435775933332
8740.782136363527
8801.047023480998
8841.061198771413
9115.428641997456
9260.063128281297
9599.792695502822
9360.159337931349
9216.083199351631
18537.876610941235
18551.202928773062
18599.52233402024
17999.47475213135
17477.298776000636
16764.223522520642
16216.63147864509
15610.177966664
15131.04095177989
14583.430242602091
14113.185941064528
13553.302898227916
13063.719796359353
12490.54042928786
11985.681945749486
11398.309130534662
10891.353808608952
10316.294816722972
9830.658747373822
9298.67682880032
8885.999934443837
8455.458168158333
8180.414925476778
7937.896014214436
7907.393954070633
7913.153838536274
8155.929127825261
8360.564449220787
8754.86309570304
8853.415189631874
8785.039479862035
8704.68777741896
18447.214545624774
18411.359698498112
18326.354538931744
17976.700459134776
17248.04814796608
16633.50245931867
15939.994411691365
15404.38624700234
14816.287531017082
14315.445986282835
13724.812990227694
13182.679649241392
12549.12733204964
11977.328189113448
11318.216158661371
10727.43972653414
10066.752828918345
9498.83416316196
8882.217439761273
8388.380144602546
7880.487085124322
7517.794869435022
7171.273438726928
7016.46511515549
6919.437619627457
7050.887739076024
7237.798241318746
7646.1484729565045
7940.710842298139
8341.415308891024
8196.78940158355
8104.0751288342235
18425.872965933664
18415.677497378467
18425.753616695645
17796.48785555242
17181.41653673727
16381.803045478631
15764.649773531684
15127.952011510222
14598.51792473957
13998.415380660459
13438.198033258146
12771.097694537064
12145.015382527357
11426.2551462181
10756.207861518877
9997.380597431475
9323.788889525116
8601.8519983921
8003.256861793014
7401.896436486881
6937.840714972445
6494.361597638129
6208.714523340564
5976.15969839724
5947.901107238254
5991.909076667294
6301.5519767365
6642.7314791844865
7172.628352170476
7396.738810921615
7400.584412607484
7378.300622822233
18368.601657219588
18320.525006412194
18215.248478541307
17810.760309109257
16994.77731919976
16279.666713372397
15536.530398787909
14964.255416750866
14344.369175543958
13785.513315530075
13123.25779051818
12475.82939858217
11723.895137033094
11006.145608827577
10180.377942059413
9402.628202766975
8559.867166690743
7832.081431886311
7103.820804444284
6527.6863100155115
5964.212520262637
5556.76473317338
5178.9372620971735
4984.043902207373
4849.934132945181
4937.357183862436
5150.016582431642
5690.929672782593
6192.551501683079
6757.473041132948
6730.194391665271
6725.7708204601
18344.388036854427
18324.165677758225
18312.123768744837
17672.97743390063
16991.99453029416
16126.525087090648
15451.51306969074
14778.79103036217
14202.007883818325
13554.222122772002
12922.98887045773
12174.718273546316
11444.051465541615
10608.659099934997
9790.403720780749
8870.897622850514
8021.896391091033
7144.573976517285
6418.726948794675
5719.242656564963
5166.314615438459
4641.728888807828
4270.3381219460125
3956.241517429654
3806.907812869958
3773.010118067628
4124.983712432034
4727.24091048277
5525.460625043069
5943.026228535666
6059.767760614903
6118.477655203481
18258.068296370522
18208.433282551363
18102.23935553959
17699.30221979872
16895.344599394197
16145.565356929957
15358.29883834731
14726.400848868749
14055.671992157335
13440.135756303676
12725.298083231764
12014.556473433458
11201.868935488266
10407.773221465819
9508.459367991614
8637.979775458756
7696.449604838735
6841.792196651048
5987.651071062262
5267.8368545533185
4563.406204484745
4003.861043924138
3488.9125059849
3113.8306079585
2761.456514173518
2784.8126225038477
3316.4951617187776
4224.516304898918
4955.513830643787
5605.261818201205
5664.292043137778
5715.185747359125
18188.62392457336
18165.543169871602
18142.294121311956
17579.190460256446
16944.178094344854
16117.398476964354
15403.424216885265
14670.87724884251
14030.813962329885
13334.394664487674
12661.570400152985
11891.827440358666
11140.83083435501
10302.59507649135
9492.953064852993
8605.148768273699
7766.6739802216225
6883.223030873561
6097.47001585834
5305.738826286726
4611.966733285911
3908.9474802699747
3310.3781397811567
2713.8551085185914
2264.9306767639164
2256.4986508038446
3133.75859904291
3961.5693754512417
4798.110497942051
5244.721782490703
5382.482898635811
5457.910731795532
18075.151818674876
18033.82918567235
17947.50180612331
17602.019196839232
16891.08188530543
16192.522264259283
15403.302040263685
14721.56843927428
14003.756227223232
13348.904346503728
12623.248550185781
11923.186448477118
11148.982794520014
10407.100011939288
9598.222244791188
8832.181340842113
8009.291886448179
7247.679697217837
6457.524852667732
5742.7254614620715
5008.811463116964
4353.027297379269
3707.227984997453
3173.5494837894416
2635.7860602504525
2710.8817390432537
3320.109756967484
4130.370257785841
4761.996534276195
5310.976754111847
5348.502139355337
5380.9437777356425
17983.996117192757
17970.427060309295
17969.3135851001
17490.600184455714
16932.605653734165
16174.683869970568
15485.570961366486
14741.836994247074
14080.471931857186
13375.009447649798
12717.351889660202
12001.02539584525
11321.78915617312
10586.818865978254
9892.954263031173
9151.65319638355
8453.467561989082
7712.0903289544
7024.245385335878
6315.335726899148
5670.066688250883
5017.41427222487
4452.319754162136
3892.975692039071
3487.9413484160355
3416.2060405887682
3822.2390400555523
4361.494299204941
4964.67032916072
5267.590375617682
5329.265359875088
5357.157553102807
17835.181654498334
17787.606188124126
17705.329412557603
17454.561221128828
16803.237635020454
16207.800421196116
15493.604018576229
14855.707387957282
14155.798787832808
13520.920577744724
12843.956064398284
12218.014646270876
11546.748013589731
10915.489135716605
10244.464040473948
9614.589665037607
8944.538316286498
8311.825473821887
7651.758817317983
7048.7716165906
6429.358309807009
5875.923129637004
5303.758770987898
4819.645923006231
4386.153307609703
4274.570157000824
4320.217631299952
4730.827730583145
5053.276909837873
5446.734720507068
5403.344046983249
5388.305168282927
17694.728779410012
17620.87720826602
17485.583303504514
17158.839751149346
16594.698117890726
16029.755349658619
15553.867761949507
14941.13372836135
14348.365707924571
13687.931066752697
13097.4934760029
12475.762467742736
11898.190430171519
11282.649192349243
10704.733009963067
10094.32862494812
9520.803176073328
8921.540257432169
8371.002030600246
7809.916023149491
7302.718421259781
6779.297354660987
6305.914108594879
5804.205044111824
5427.303853983797
5130.866117634307
4917.012963100839
4958.8899938542645
5105.624809021058
5320.021798372083
5355.4087619487
5364.960362507806
17586.65869489135
17485.050111982222
17291.784268301155
16900.994306484627
16351.207200540166
15882.41127718487
15547.611455243145
15136.954193360698
14542.634643915662
13988.62700135474
13392.71591530447
12863.368271402856
12293.905416988722
11760.64948892634
11188.710443494649
10654.894708615015
10099.235851295287
9597.571448895193
9091.733218270963
8642.9153949683
8173.452286780698
7765.076768879718
7307.046310386394
6908.725592637369
6466.04367947065
6187.820350534784
5788.052166881358
5514.775586206767
5321.48507454722
5332.587249926852
5344.572073058075
5353.06298399442
16067.686841636374
15802.285282700408
15659.866786151451
15270.067917259106
14828.718812110747
14284.759724275622
13809.727566525202
13292.247990015296
12813.208535418464
12281.846891257683
11777.342260292267
11242.761586747887
10763.586950215213
10287.546222551719
9887.789612198641
9475.898698982595
9116.513394106853
8716.77056364534
8342.242432434276
7902.498753667117
7509.704792013665
7071.057492534036
6646.982157192062
6278.437650524575
15839.452981867598
15689.733712071926
15584.93361911282
15409.838885387493
14995.52037923605
14641.242302296167
14226.132874442203
13837.787338438886
13375.943750123997
12931.969017547794
12419.551816522453
11949.654616484351
11469.66251467766
11077.325988439436
10703.01503446821
10393.165686600307
10042.744640352486
9716.348854442189
9240.62949891291
8819.707950546499
8276.104248773514
7863.899963048916
7383.666469489135
7005.454664368179
15707.792659918892
15614.890884755248
15524.187544377874
15373.42574043415
15116.704827933097
14883.98058428849
14702.135643186137
14380.634105564246
14048.45996827921
13632.58982965786
13221.932181213193
12747.858660603046
12339.06869294882
11926.681047440414
11621.144955748976
11302.940845707879
11031.286141084756
10669.512285879646
10148.891889014129
9537.961855895825
8838.148477481174
8261.79462291795
7806.311141646858
7479.562833711087
15647.68427547543
15586.214576615219
15522.969556153746
15436.94398628747
15316.43494557434
15186.636882826228
15103.924519923044
14954.499875384206
14672.155138799326
14399.259854194652
14033.471827967804
13677.28663108735
13245.504024046397
12881.344928390985
12506.407192876466
12233.854470161605
11927.424806105197
11649.050262884715
11168.567913599478
10518.295585809046
9568.65963827981
8736.712109968239
8162.872504750376
7809.9143327332995
15494.774368709219
15452.827606869994
15472.545952925848
15365.864437620654
15222.42205063446
14999.96382798925
14772.447108304366
14439.43995484949
14081.184464143987
13659.686753045045
13294.281538538735
12956.503011363147
12674.862590997329
12352.320433611303
11979.431477334887
11526.211200630129
15577.121192407894
15567.453232517704
15593.940285966612
15605.983462405418
15493.75949646971
15389.007539946559
15177.917403281223
14939.989529844954
14556.351198218092
14179.321678098984
13751.734156520604
13432.507741211759
13095.06354350414
12812.41182631474
12499.13327249218
12191.002024266478
15602.061232694268
15602.319871791397
15619.678786113704
15623.619442305973
15556.642314293777
15465.914463151108
15297.76869944578
15065.50171142799
14715.079547514906
14329.453997584125
13918.319957945385
13575.17041441423
13245.246196007143
12963.085355898296
12708.840954790607
12497.292900628518
15613.97660789627
15618.649432434016
15632.518058448082
15633.7318388443
15587.158640432423
15508.447804847121
15361.46820212412
15137.943320848208
14806.736666327362
14423.778721587149
14022.716098997054
13669.211365578529
13343.114918624658
13065.465959155365
12833.177226964273
12660.416544676887
21354.897278710665
21603.229097940508
21554.645745292895
19442.62028608687
20023.14814830355
18893.04623780845
19996.906240083674
18767.005754537327
19620.090887597
18160.11916190961
18675.83651012093
17623.601605487947
18657.5026098317
17299.144565643925
17070.39968292431
16958.573587612977
21174.247146390302
21633.637609644058
21916.456505320693
19167.166763162524
20237.387547864488
18633.09161351444
20319.73118043287
18497.54341044676
19938.220685275555
17911.872696196908
18869.529804103837
17375.92336713332
18933.625708229996
17077.26022547368
16974.633312480903
16877.666906747112
20694.816685688347
21462.413395274132
22431.823349768067
18717.338586555834
20601.242715697146
18217.988350635507
20863.653443397918
18027.105039405826
20456.843512474785
17482.784281351906
19193.48208974386
16976.061288483845
19374.343719776407
16743.8079637599
16907.052373899955
16776.78529144135
18523.953072187378
18558.410851482346
18261.036148012798
19593.347351162072
17869.341209774328
18937.251267099324
17624.747089299635
19055.77704128931
17158.156243904235
18433.965098659697
16525.700506902365
17664.857851105844
16336.897854672787
18242.328236514648
17418.37493385977
16427.20382320966
19578.633445493637
19581.366208678945
19309.0220201612
17887.239170003206
18051.61188633958
18318.91221796209
18965.363822877644
17357.103429500534
18091.059095377143
16896.268402516056
17972.858371917337
16543.972311838694
17494.17259460692
16019.928683853279
16642.417804983113
15540.666659340937
16493.99360177257
15240.860357925067
15284.81390445594
14521.172118086595
14210.276545909877
13270.527332889975
13009.29756843987
12889.881096575242
19578.52545374934
19745.412885937385
19761.136008665115
17669.569030974482
17826.12675316671
16847.944760914615
16780.49423068786
17490.56051952989
16414.7446853048
16902.351291328003
15959.328404773316
16593.2059367593
15417.16568625409
16051.78030328951
14900.992333018432
15476.529299786815
14570.89518177326
15448.410067062452
14795.968031789787
13626.152043009393
14213.419203479305
12996.529114506011
12864.113616298537
12774.45927008154
19302.744955253133
19755.84837619554
20420.187853008734
17322.858808956105
18271.66807075145
16507.067367467196
17074.573499411825
16059.95349797184
16397.915560424095
15500.546326377693
15758.154666317103
14898.162551608908
15177.84148641071
14369.65995711446
14729.881411783557
13946.419701522247
14400.647064651102
13545.082680413005
14299.354516485842
12984.303923058858
14577.101854464043
12629.707808163432
12730.989554084186
12622.733235661768
17887.55191872882
17660.65865657496
17320.771284571118
18117.879325871163
16571.67223631994
16931.34441390338
15830.243102533615
16084.293686617644
15231.185725992635
15412.397023179114
14604.183736242187
14755.990833842256
13995.898033562402
14183.153935634746
13459.164476604214
13714.29494646578
12957.820284304327
13335.035920769013
12504.707968825036
13210.185165261182
12209.018616951564
13717.2131698364
13060.354554195226
12323.519314041701
20563.89663686947
20427.9686295483
20068.951591114197
18418.13456261839
18009.578741589758
17779.03292145833
18170.424349544242
16575.397395153585
16886.037408669978
15741.513103688461
15903.990821707343
15041.234788202684
15169.144460940752
14388.29541710462
14467.685493692574
13720.746382333531
13803.139581513273
13076.467762726195
13202.90374838331
12469.107266099525
12652.54525450171
11898.268742905017
12276.863582495902
11449.04617830098
12183.67856979283
11180.237783929355
11250.480581962129
10829.731829556948
10988.6635964724
10494.786173889257
10387.052889389053
10348.274783360184
20748.68217718902
20768.675887080026
20636.53774171553
18424.35760663141
18185.372558987245
16891.9454025634
16536.372292423763
16892.452564889485
15750.284395283305
15871.794239440213
14940.591640263967
15018.025066611257
14223.603229703138
14273.476005759981
13506.37753987151
13531.257004405084
12778.809387679863
12807.463664351711
12063.460121231512
12127.449244040263
11369.888359086424
11520.164089276772
10767.950402952765
11152.679389602334
10426.152071623988
11273.31072995768
10824.144644414062
10186.246318575113
11118.557818991145
10321.311027560618
10283.528111985748
10294.604992523278
20715.278646421357
20982.95152789417
21364.09186515173
18191.247621411974
18693.013651178604
16839.155740370235
17004.145788544294
15862.595528636222
15883.065912950546
14950.643639131531
14963.25240720638
14130.787040495208
14137.565912937975
13340.87147073359
13351.442746469598
12540.560648955869
12518.57393550086
11715.463372144732
11697.832361470522
10905.202576439948
10926.526611982254
10171.274832006611
10305.443679817901
9651.869022250272
10083.779032345079
9550.885332644128
10423.41437320265
9696.19812692383
11521.063994611593
10052.34530232955
10217.97577805794
10311.952968445516
19126.838562675483
18920.110095394528
18582.996353986127
19166.19528651401
17409.389354048693
17376.854792048427
16124.869226883322
16044.379537643195
15077.77418089658
14999.756099688539
14145.485604341622
14070.57972513969
13240.563351012663
13165.496308161752
12339.31214456322
12259.644868183324
11404.925906260934
11317.847159085135
10482.067877916363
10417.89813595798
9628.53184989411
9646.633501833268
8963.44069568096
9182.19900394939
8698.170214585773
9270.842087021068
8922.189685603253
9972.815211893861
9548.92737109696
11417.913697204816
11070.161958312907
10838.384231517815
19485.784342164286
19608.423927404558
19826.007951790067
17909.46764366878
17906.032832656227
16523.868331381116
16341.900496512479
15308.81286009143
15149.664977317949
14276.865527394653
14136.107771102234
13268.732662915096
13113.922201784706
12240.13731248699
12084.81395509797
11188.321555754792
11012.82444158108
10133.845860195475
9977.968124378505
9145.408666363386
9057.850009449878
8334.779952552111
8384.516379948647
7862.654047654232
8211.491551572512
7913.74468795038
8685.562881114005
8494.63819110582
9737.274831336812
9132.111865688363
9384.105566951022
9529.536546736406
18734.782987449045
18547.00566927671
18252.45769349764
18593.475381415356
17058.33370394001
16829.67074300783
15643.390917286844
15411.735779597871
14499.350753269571
14291.817464351732
13432.37072219487
13201.714080888076
12292.630072203414
12047.696682652519
11114.867204797243
10861.572125233248
9903.05468027415
9658.45007467036
8744.131978345962
8563.278713337051
7770.51001837746
7711.529292654753
7088.362295231417
7246.584773733061
6887.880810843975
7415.8346841420225
7320.251407962564
8338.463312903448
8189.214262011645
9736.505533280895
9554.979856555761
9443.60275718157
19398.544335680963
19547.449951049508
19813.275992708008
17789.384159798446
17725.291404640473
16173.158427645056
15785.71094498887
14803.275929058587
14539.144679667854
13686.398449280547
13426.193139829456
12504.870308922973
12181.588428794215
11213.744738936877
10895.17360611839
9853.904102690482
9526.824604235188
8498.944310758267
8190.288123166982
7313.827245776004
7143.2667647941025
6431.37314667606
6399.069006282422
5934.3365861452385
6210.430288921174
6019.64183299967
6948.69684351936
6914.619211377966
8353.417198426387
7813.3328524666495
8090.836773191904
8248.476002121593
18734.58783190763
18549.150195818827
18240.304720844935
18610.43645796639
16890.49287137742
16546.46975975858
15221.385727773659
14902.413208110978
14019.47640191643
13714.719805284318
12843.506821350515
12478.427141969678
11493.592115387586
11079.768629318802
10028.822478434931
9582.964537221584
8468.243101058737
8055.794849984794
7029.485246419455
6734.6566145073875
5919.07594815039
5776.600603740616
5145.949644740723
5207.682932338463
4860.165826821896
5282.461072218677
5324.796232128389
6572.031186949255
6581.980111123908
8414.346222026397
8189.1459133941535
8059.442986678065
19197.471258702084
19315.37421936047
19524.74444611363
17648.89231132947
17441.1202471046
15901.81470151903
15413.743339669405
14448.958894033052
14104.387527052808
13247.876780689317
12890.114853033192
11926.417447059644
11471.02183378945
10425.870082734386
9925.882758847163
8766.766362317347
8229.975968904551
7087.707937495336
6611.720034186794
5684.285822576809
5380.615712770443
4632.620750600416
4478.432852705629
3969.652968778686
4068.995152135416
3820.6097278433967
4685.152163767746
4979.224669157143
6544.284953351661
6299.5983029651625
6580.802753526092
6750.802735124588
18447.6328387819
18292.10495257502
18032.77867392763
18271.09033909669
16731.001883791072
16294.903917810536
15030.242106079515
14624.617167075068
13731.665698566467
13343.017991601215
12454.189596629412
11995.128232745665
10985.896509381548
10460.23351805487
9371.772480808075
8787.88293519182
7626.926880596193
7044.278243046942
5949.571144996759
5472.688326824417
4566.410310202952
4233.706335532653
3514.2031098351204
3352.803579420479
2760.827533855465
3081.6861628916267
3411.333534540357
4871.605319309605
5218.106867178817
6841.804640192657
6686.412047325275
6609.15384593712
18571.773007207823
18610.457043491944
18692.282868159557
17368.93235782924
17041.18604303898
15813.210453549727
15319.261791840703
14339.558728797365
13909.793652534823
13030.810306223088
12582.523254775362
11639.685143472758
11121.735897830044
10112.086577111602
9541.225587856858
8482.935924714198
7887.459778059538
6821.091524694372
6256.451740301828
5286.7305396096
4808.39351894617
3931.697736777344
3532.776537629597
2735.3622079850766
2513.451357080424
2237.755056146394
3430.0792710179066
4041.636007859791
5354.976618360653
5376.171865516384
5607.347043448258
5759.512219682629
18039.81092877076
17914.01634677006
17710.478212715527
17793.934890500976
16606.85772846008
16149.45149988594
15069.582685428633
14593.536193097305
13679.434647043114
13225.321911890609
12341.262786817846
11848.441960025297
10920.23414105962
10389.639253972799
9427.230891568912
8874.90767854253
7900.399918405141
7350.343837866224
6398.254720266626
5889.540250754524
4999.11901724901
4540.67857255347
3736.7312920037625
3394.432487556432
2642.8983530559663
2945.3236823860043
3337.552891526417
4485.208158411596
4855.2745845319905
6026.002941680794
5967.878438441701
5946.587011958812
18258.799938502667
18321.516366551445
18433.03723842978
17258.474893347237
16970.64599698984
15857.94760652282
15368.206151485569
14405.320586126478
13929.581930779996
13064.240185430146
12591.411052007757
11733.226016749779
11239.541652179561
10370.289641106016
9860.577712933075
8989.74233709018
8478.789027910205
7604.118301823519
7093.827524396757
6257.127677045606
5788.128436543893
5001.987470312778
4607.36188372284
3916.0706881529195
3696.3296034012105
3438.2235670617556
4073.341090797546
4397.891840701352
5406.432567785144
5338.713456638939
5523.783845999853
5637.0776955101455
17684.074330239375
17579.77984513227
17428.642973742833
17729.694008717404
16506.998470790866
16177.120514372837
15160.480130413609
14706.035862783525
13827.374361888675
13360.11499676118
12545.047191724096
12081.592087669465
11289.532555423022
10817.982858090823
10033.800427411998
9563.10672583107
8785.522260088259
8313.839994836615
7539.545416915941
7096.203898686134
6362.891147769641
5968.460723769692
5268.451157921587
4964.231301924093
4397.56574079758
4478.923360307545
4306.310555982385
5074.296011796039
5093.77907864155
6239.939811632424
6143.75287505781
6081.51739738679
17567.058009723667
17512.98917877651
17459.73015746455
17470.078131889983
16548.12751823229
15975.56061386671
15454.698740053766
14620.280468056906
14189.99259524384
13368.928296602822
12916.209833955823
12179.21838775063
11737.57682490258
11023.252129251729
10573.99344099047
9875.282905675127
9434.148164468701
8751.039665041593
8336.607263887616
7686.649177037544
7317.093031340485
6695.397823506328
6380.374283652509
5765.115840380282
5584.578821335776
5113.606151125201
4890.981869471681
5140.5108325599085
5254.5678238324
6014.31631568847
6067.09594779875
6072.492708638553
17512.669007033455
17468.944618348956
17412.398714147832
17176.841660432794
16279.73715139296
15595.141747004513
15207.30431992351
15013.121541628887
14230.36174638698
13810.508665313946
13069.27353237689
12667.053080071813
11995.645380982125
11584.398176791105
10922.338737848298
10509.184528605232
9874.0512442052
9495.701418242632
8911.502683463936
8588.108043175513
8029.992107352308
7759.283541818357
7209.838525560468
6983.3523946278865
6430.57063749797
6390.048777684074
6093.537513714123
5814.131220856897
5558.945277266041
5917.57251804265
5996.270814134899
6029.707646783589
15916.969366804915
15628.34056816525
15603.53625961005
14969.400518446178
14665.061760155108
13956.86532802682
13586.133421996617
12963.148859853529
12593.863397142093
11977.665352054812
11577.522148181853
10969.61498417532
10599.209074434986
10053.048042436594
9765.417747969295
9278.688497288871
9031.829832775335
8553.999665396519
8319.959905022488
7789.201399367232
7569.983800747525
6994.41149074001
6917.919523834839
6691.807223038842
15499.7339935407
15335.805370848664
15214.090459741525
15290.447342030679
14646.602584323564
14417.865459239876
13872.800347342461
13585.837452893002
13040.849878130115
12692.589009006051
12102.307726604478
11729.041503550658
11183.332073387048
10888.076837936509
10456.355112756906
10242.288659593389
9823.991229197847
9597.138643352035
9012.908869769664
8740.593512354735
8087.479218471313
7977.440371213501
7748.270125679313
7503.275389509609
15381.222841055009
15302.879050343661
15249.179304472304
15239.587626333145
14849.12315286354
14640.602881567407
14419.630855247337
14026.95079745655
13774.546949375965
13301.442297922866
12990.346023497901
12454.834820629423
12126.638270020625
11653.414232723424
11409.91712236727
11041.212324241635
10845.343799396058
10418.95181304899
9936.815279071967
9226.225692023123
8431.876733217232
8103.234126978423
7927.313430687357
7768.5325420169975
15348.978494809124
15311.532900485998
15304.518351871035
15335.401740869309
15130.076717976293
14886.59397710468
14714.65817459998
14662.003964024683
14323.882117915564
14118.046559161521
13741.982236136082
13443.556126905853
12971.489229040446
12653.56490912679
12207.949348599332
11993.179138266014
11646.71229019556
11430.701243435784
11192.646357637866
10516.922285261091
9240.81876800223
8409.822661925919
8105.68865700813
7935.405536274203
15283.792931508166
15151.76018823302
15141.954975155395
15004.441418786915
14895.129609209513
14651.695691424959
14478.37107060007
14136.66825186256
13788.087531940027
13362.415622409855
12978.068614510705
12641.68891703417
12369.258363141395
12021.015835839962
11939.182804685805
11674.556653835045
15238.93103242728
15175.029116097883
15144.600056607314
15223.976943799205
15086.286908514749
15000.128322278251
14797.67138799892
14549.959110441589
14174.08447641831
13776.52035312667
13350.769934429085
13027.12566130054
12705.555627033744
12388.348997943593
12306.614753758333
12187.722891918962
15218.93863975561
15186.590536998376
15184.446860995173
15246.716384872196
15165.98103251256
15076.582874343188
14908.882848080206
14654.136660268388
14291.740505904292
13877.54584154001
13456.384142099865
13117.276430114101
12797.41640388167
12473.431663380828
12377.46667661864
12290.888047035683
15213.960540629345
15199.230669144548
15210.776965589956
15265.833618965251
15213.37366360259
15138.093357244155
14984.251779649781
14737.585802378955
14375.135540092482
13958.815425291396
13532.990136511635
13190.050809211047
12860.568758227364
12544.830223385765
12430.458068042473
12352.89675226563
