70.85774444358806
71.53921736312212
72.29207419810346
72.85529085772706
72.46010177070325
70.39564211129952
67.77163973727579
65.7545959355211
65.31017605803773
66.51866725159424
68.8220739756196
71.85257960579025
74.76371528469473
76.13862841698152
76.38551638267137
76.1610761832393
70.24794318122404
71.1894438993137
72.21309166382471
73.2082373714594
73.1617012298285
70.680043591591
67.61844314380706
65.34628214260081
64.83685175152422
66.13335849082763
68.6650603614847
72.16057738656744
75.60183519590647
76.73827975890345
76.57610729556252
75.96241194381687
69.03308362147983
70.46216048253704
71.92188326745296
73.65886289915845
74.43267302501947
71.04936764185503
67.29463726631371
64.6988898667837
64.12307920924964
65.51763559863626
68.34231754566441
72.55738241077464
77.06881830452114
77.50749559598975
76.59694877968634
75.23354780462694
66.66533481509113
68.65585747152286
70.86497219963604
74.2089964229968
77.84692218655557
71.46821619247436
66.38089663233016
63.42606809051124
62.81652611930504
64.26870777426065
67.45558714070623
73.04332970799435
80.84622036000839
78.45698539998135
75.75622778494474
73.1802310592101
60.99887036707383
61.299917104660516
61.7433430742583
62.42818899302111
63.767080132498236
65.61670567940574
68.21286364596803
73.56493519729939
87.39694060829017
70.821510617551
64.25749861927869
61.38421873245946
60.92259685847443
62.251804578804325
65.45644303271804
72.50861203426462
90.97727676274701
77.94661513685
72.7356182827663
69.81933373372884
68.93829177303867
69.41334509221218
69.77653712621112
69.93730363350447
60.75331626730791
61.079782625438824
61.4872259355782
61.90633012447904
62.00331695889549
62.0132113152613
63.046140287008114
64.84949436702419
66.91351260499476
63.05043676419663
60.144330277354015
58.777923463242665
58.81601540058565
59.68744105919386
61.55840968026292
64.93277745162455
69.6307141039798
68.20571835526157
66.59105630640104
66.6602730678618
68.45636731782018
69.63591698842747
70.02762764959083
70.16088181057125
60.31778952688605
60.7803851778862
61.34770713148241
62.01147117066789
61.948059616148214
59.916561242984336
58.93780960784333
58.80149385399219
58.71782303674324
57.5473494421313
56.657239396932574
56.60584799796649
57.34189880957374
57.53096636131743
58.143948725020564
59.53571623637421
61.373015029075056
61.99118726849291
62.919195989989866
65.55740557735105
69.24012218668723
70.39847506152809
70.54078549561214
70.46612908822969
59.563832612557725
60.07650547745792
61.0245205052452
62.6629026138092
64.10980784149083
59.05948758030593
56.027729923276496
54.72576482838125
54.11397086444886
53.72328079533977
53.91357352182092
55.148488117617745
57.26363491928121
56.038275353336
55.44567992679923
55.85834627450342
56.956812304826116
58.23880558524701
60.858882399194954
65.485473247998
72.39867407848949
71.96860279142653
71.00836769663572
70.51170894738353
62.30939446781177
62.05447071606378
61.51400006709595
60.412775696051916
59.109545053166705
58.70602942161738
59.70613981813583
62.90621199966252
71.83295458001062
58.311416951467685
53.455027762409735
51.48543757566894
50.67491456791593
50.505776484144846
51.23135441339391
53.77780464292471
60.714092576442894
54.70827701240764
52.86196921863482
52.89576988795623
53.85031699168061
55.64662411773346
58.922366573027446
65.34655015341713
81.53290289498312
72.89606700759501
70.2158278726218
69.7320850929849
71.74685056072406
73.96663607034641
75.30750107009675
76.05666869621312
62.59724340882403
62.47455160097897
62.151460557089514
61.21785228455458
59.454694884757195
57.19546961226339
56.298986674767725
56.566379853912856
57.016034716136396
52.867750080141704
50.0093072154645
48.44914373802295
47.63516642813059
47.28081344358335
47.61942987106678
48.91763981789308
50.876718865383054
49.9304789564213
49.46732362092235
50.06526106677844
51.41578093472008
53.27197145114816
55.920147804448305
60.080797947249344
65.59750773925074
66.0601290038345
66.50297334429342
68.99493134641446
72.57674602997479
75.11232679026492
76.25922581914182
76.86026459387264
62.87547618202927
62.94099427289932
62.892297224853834
62.39682915007907
60.732707149967254
56.94903238689553
53.986345091126495
52.15269460325524
50.78868387019385
48.62837098277832
46.838617077583464
45.75530957225898
45.11807616260653
44.20972346498746
43.8173336960851
44.1719263717292
44.98826114936285
45.36224626664422
46.027367941388256
47.59626216635933
49.70402575818855
51.30692685850954
53.37161374423755
56.220580850246435
59.4803018250408
61.83776387020608
64.86290699546268
69.20609319962882
74.39141874446682
76.83177842433908
77.660243569168
78.00583188907338
62.87851003583348
63.26439623765089
63.76702249409577
64.45220757369081
64.28679105586747
57.45181777971265
52.65509447012955
49.50537126443265
47.27348787273333
45.478683352982735
44.162570512861755
43.659474387998465
43.83138251902134
41.544848790478454
40.06934927771648
39.732379479424544
40.21830836045359
41.20013417616778
42.974193937196794
45.79133339939694
49.264184664531996
49.99215088418966
51.31589387661773
53.63076992213595
56.41689691671444
59.753960559579404
64.06436619942494
70.35517745245059
78.97127113954738
79.86090043111335
79.60921040438177
79.24716374641916
62.10632228811131
62.71096583450028
63.78961066270045
66.62413021359845
74.38249634825995
58.089293505668124
51.332567271335854
47.5491099305789
44.89217407690485
42.873094873783465
41.65561835350478
41.9115833882839
45.86238487343863
38.9880003555501
36.229716064390345
35.42940748087075
35.91378289563889
37.389637905212666
39.9533328829168
44.25704275964477
52.06445613064216
49.01157277976996
49.48465947719092
51.665406920097176
54.56809618812077
58.12969053984365
63.20167417972017
71.72180224807856
90.73251582315676
83.09043794392704
80.53297226083188
79.27175206941821
59.934729012647786
60.168769214155326
60.46837635149495
60.79457119106434
60.23477408099186
53.73196737410748
49.00261163003641
45.71304339283522
43.050651146296495
40.596363580143034
38.61146227541999
37.39597039711699
36.57869902514778
33.50627589730144
31.61615079815885
31.106686783307065
31.887791423343927
33.615537618898266
36.30484491706706
39.83476977965523
43.968284990337516
45.394764992734615
47.2665597284796
49.893468441104545
52.92250599002345
56.47326842543866
61.017549637624974
67.22403990346805
75.22965870252915
76.36120431867619
76.37937356383958
76.25133400839013
57.21709377909545
57.05763717797728
56.735376319433335
55.86235231314543
53.90171324941325
50.14279450056713
46.932448843146986
44.430616991148575
42.05343218931117
39.061500753700585
36.05380257669084
33.45894507963155
31.13487979274274
28.61522089644434
27.19852770244458
27.227386602059198
28.595376925800913
30.305921533572736
32.70616512553642
35.93976945668815
39.42984188854797
42.175555601009265
45.17709697243944
48.484605931084616
52.16857104327524
55.42195452629413
59.127774480929034
63.68979000445336
68.6907444230017
71.26014672226539
72.33037696192679
72.9247892757514
54.82795241718016
54.42497161612328
53.78338166658236
52.51214801772084
50.449560130555426
47.75025301191854
45.38633372639887
43.766638308268746
42.27598189139483
38.22266827405191
34.287790686020884
30.629083405160163
27.465285187981298
24.78085014398134
23.455127770648726
24.158632292873122
26.76000006486367
27.82153618345187
29.800520836853256
32.73346382186993
36.177841472288456
39.83115727229289
43.73291746660897
48.173384453045436
53.01091076691044
55.386825998761864
58.12801228462703
61.7699877269246
65.63533353935885
68.27552481463384
69.68244121939762
70.59710699670285
53.572552291433
53.09574985524986
52.37322930048559
51.0326572157128
49.020685159541564
46.61952456753045
44.578663347301685
43.8049450951322
45.65592643766551
37.81553657352765
32.73842858464139
28.56525924976773
24.903387163412187
22.008400898460888
20.573725988737763
21.925070447069725
28.541467713722405
26.074727829674572
27.28900639646022
30.165889006361226
34.03425540904873
38.286265202756844
42.886829543878996
48.41736068792985
57.10220174127217
56.11766911273305
57.86184945449428
61.35438038621773
64.89159935584546
67.44907080993434
68.87860639337181
69.84203659177425
53.823910396055034
53.42031489196462
52.79052373874402
51.539370309039576
49.48483830544244
46.70103138406684
44.08219155296251
41.864089269526026
39.997761365398944
35.59729889079655
31.243003277527087
27.21609957089099
23.48023458920434
20.26011267870366
18.362423160805697
18.397536105437595
20.87839112850554
22.44739236978174
24.949556222909386
28.468350534095887
32.71919528598176
37.14042722542051
41.65790113607855
46.52950889330735
51.751131208586564
54.5502517452917
58.19116336815817
62.39254695330579
66.38666747525603
68.95107956682517
70.25371565331152
71.09184955471252
54.861829867634846
54.63907480162236
54.25705658372679
53.34810520913988
51.42614165992453
47.69697541908408
44.04684840591424
40.828228641325545
37.68322075403981
33.99309371807629
30.234102591233977
26.76908112433311
23.5116210069579
20.064120487404498
17.563031265306034
16.734863120282085
18.002004306848892
20.42101112983619
23.649317542494217
27.768155940191733
32.27713510920923
36.60185425577507
40.88590277571774
45.3894642626659
50.06697236733705
54.48712594040618
59.27412536354913
64.53706618933681
69.51246517562426
71.84998112517638
72.80400138809813
73.34411627484734
56.32866818636959
56.413360436747304
56.51848919050872
56.58119458176763
55.85118967545526
49.76731535619802
44.64120416802599
40.538745943772184
36.937924560238834
33.44411429947146
30.123572234774446
27.520905529020638
25.282653981165247
21.351005635816456
18.44041388615276
17.06134545991015
17.589239865704716
20.0802340887866
24.007452988476686
28.815745784382617
33.93323318788926
37.07780940115505
40.941317409389846
45.379562688237925
50.089382163540996
55.121140188862064
60.909094961229556
67.72645993727637
75.04096668061851
76.11814869232315
76.21946197307119
76.17912521084106
57.68114120803703
58.117266085280846
58.92436567880208
61.069206831730106
66.73333143497636
52.74871889492958
45.61896700603002
40.893061019601156
37.08494883324674
33.68490163428252
30.82058188500266
29.203310634590544
30.258739810227038
23.926799068624653
20.553573154526987
18.84647282200186
18.68309639390205
20.796232705781694
24.96069455852374
30.53246794852489
38.352566887534536
38.66066442828159
41.64931278822235
46.01355494861205
50.810361422176214
56.13924939325119
62.61480942125801
71.47030146139065
86.19151002474982
81.29004332507576
79.56858681417354
78.69994851393304
58.21575050226861
58.49549271189508
58.84092243450416
59.17558745835103
58.43417540002901
51.17852698419279
45.517252378383546
41.30201398183624
37.82368508562223
34.574811442808425
31.763971210610364
29.583492800003796
28.20941271725363
25.24573949127752
22.954769642900903
21.657613730066334
21.381253637717467
22.914258477038807
26.520787912008018
31.00750854280381
35.94011056491913
38.98380188604192
42.930795171279186
47.442423664091955
52.33416830377766
57.35708402809567
63.13589393598196
70.31073486044241
78.37036551672844
79.3051024997216
79.18897492628801
78.94417749787344
58.16246739974935
58.17877779718946
58.02534303525973
57.132541630395394
54.56405484403356
49.28811851123218
45.277266865767466
42.456840878185766
39.841501227910435
36.49634520726382
33.473692607568495
31.14090497382297
29.23079761358013
27.276191505581068
25.860960263574068
25.173769042303274
25.371679730811017
26.381360192922923
28.932748999771192
32.516169205204164
36.4363097570722
40.2143494747082
44.79138601338371
49.93131367232571
55.164823094408
59.00610275760149
63.34411874876365
69.22910604225548
75.23675295241587
77.58635590288316
78.21715396179829
78.4024840817561
57.878989488296625
57.62206163697183
56.90293964990574
54.995469652131035
51.65599045156006
48.11394489472747
46.227347511009015
45.26015769554264
44.3394658333048
39.89959910823218
36.41580312356553
33.92734306537418
32.006970891130074
30.474570207775592
29.445977483048026
29.276449523709008
30.27458310332606
30.737926683822607
32.37101065611572
35.34893210019518
38.87258522579333
42.77921846395577
47.542396091181644
53.51637286639559
60.155208762178646
62.33168371537707
64.61989540050497
68.54910263941231
73.37676436882711
76.24967361178557
77.40264039606706
77.87653107687716
49.59115313140881
48.36852363770686
48.15626645732595
49.333477973126314
53.226485724877854
44.41685302788446
39.91596712199886
37.294729640478394
35.564116103931504
34.15236760988343
33.30242759753572
33.71626790898724
36.91701025453451
35.36701627892193
36.487674632932546
39.172514365128166
42.383555571327435
46.2497295586791
51.26511190184545
58.29835722222209
68.83667902794981
66.31367017190541
66.30410127322361
67.95397948135414
49.02549337715081
48.610932637581556
48.64423175778719
49.141282231276655
49.580091189444424
45.604401675304665
42.74743878670494
41.067049976875545
39.749694887252204
38.28713108313163
37.17415040116475
36.987229520736435
38.01584985047973
38.722052300895136
40.76894446421818
43.63326830386799
46.80464177289978
49.87027040152536
53.79004989887583
59.08125827160271
64.85733228466529
65.61291223761792
66.00529503521146
66.88951389256921
48.838841226877705
48.68679241978832
48.736545305667946
49.030245102986164
48.919819844083754
46.9684682236696
45.99350632535137
45.49510670226593
44.88159539523865
43.1508068014185
41.55528416116604
40.798757020111914
41.196503076948396
42.894286941008474
45.502056613284886
48.881034300523275
52.19619903224626
54.29709748776925
56.35774828030465
60.02745913772259
63.77073355913039
64.98347804187416
65.59881874287196
66.1931310089782
48.79977098827875
48.77038811358476
48.9750890703653
49.4894221393241
49.77112294539863
49.61059918143158
49.808115572967615
50.51725526160386
51.364412493306546
48.74378272448665
46.48030346585743
45.40736503914812
45.689034803128955
47.65195646858766
50.62603681546516
54.59540258870301
58.7513032947354
59.26054644489899
60.10970463878953
61.804867810847355
64.05431272292869
64.95113310006118
65.3973966941664
65.83930683424266
51.842012679994134
52.31450714852757
53.21142269209511
55.34230986352025
59.5408243862747
54.2213173265495
51.093783893916054
49.64481387148494
49.79090992521974
51.87169392250569
55.09368797492519
59.6991887193175
65.43929456604077
63.550309124582874
63.03590436048725
63.596603592910775
53.28376519074981
53.75147875985323
54.513624304708074
55.87853667408985
57.44288390055142
55.248140568626326
53.345922921905874
52.35481903124719
52.58118998001079
54.488070018867255
57.15330020572237
60.47577574202323
63.700830057751595
63.6396910401266
63.58078986765338
63.883617014646404
53.941759218944355
54.32608825160132
54.94665756233648
55.90124747972137
56.69792405822491
55.52719552701824
54.3536945749
53.76113031266175
54.08080953315197
55.79570617985805
58.02757700616883
60.64377411532284
62.92313028825502
63.401077227870324
63.5500157030417
63.76990181591636
54.28327366549313
54.62060397589687
55.149473141351585
55.87753620226738
56.35471995038782
55.672586363034405
54.9685140097789
54.67036997238127
55.065584782371
56.63026432696793
58.54981272173447
60.70433529463498
62.49108376336778
63.1645553650005
63.43565991925753
63.633587966017934
71.19275675777376
71.6209859633667
72.09217650480961
73.49577283326119
74.13821465334954
70.95360764454388
67.35044145642547
64.7048337470051
64.1335626587854
65.61230132716996
68.40895840873272
72.47181410077066
76.93290741942484
77.74859319959408
78.13619314079135
78.26742640278472
70.8818741091178
71.43127334346391
71.8769041235637
73.54265147044768
74.63159234421256
70.976325336921
67.18408145507644
64.4936607652796
63.91946267064572
65.40092210123558
68.24666494155242
72.51803926087213
77.50547044113416
77.87367836730034
78.30167282646505
78.36523177061686
70.30891030775878
71.14838409686617
71.59533532568605
73.55486747285208
75.29935290344606
70.94988042681868
66.95930889221154
64.25391046704186
63.681705999211815
65.14698701781015
68.03962671054195
72.53373488716807
78.26327872109582
77.92860405384688
78.59453573587889
78.44110873307496
67.98523757421121
69.86254984501626
70.8270961765425
75.65187358757146
87.69631460354198
72.7241087860855
66.27976579814883
63.03554199568755
62.41237563329129
63.94774974446169
67.31500698926047
74.30996383214703
91.63104769179388
80.9094997713002
80.71499721599635
78.16319777960761
61.029993801498826
61.173875112609096
61.42905460802583
62.31504364829694
64.15287442306747
66.75786676037808
68.82806180038762
81.82436642474542
180.67990641345796
78.09950285276423
64.72017361158647
61.03390952547335
60.52205398905997
61.964066926032366
65.74029041280339
79.5988478059605
188.79691436731298
88.60218028904127
81.48413077513332
73.6708641567361
70.56663320458031
70.48314659580215
70.78915100084804
71.0445695165498
60.902930155826645
61.05172980198114
61.214179060404895
61.833722523753906
62.05595951961252
61.55238791689404
62.81806787057908
65.52146740183362
72.65262983022188
63.61455861939083
59.83381651152216
58.33159506424519
58.4073276881531
59.2983659428983
61.31589362700677
65.55254374436667
75.81404412169293
69.3735386441418
67.07604947914332
66.5297079112061
69.43665415095704
70.43217607534514
70.9628149404387
71.30352106027425
60.670090486080646
60.91108741269001
61.061088918350066
61.887490332995206
62.38530052467465
59.60639806663206
58.550060422305805
58.48962949433218
58.71534249105187
57.21406089656431
56.22595778172471
56.23376543404444
57.23341211371003
57.1872603745644
57.79318478976647
59.287186980145144
61.50713644586626
61.84625765834328
62.652470912089186
65.52154039899966
70.11527850830865
70.7106715206877
71.48513456417382
71.99609357453701
60.0159446662376
60.51165162430614
60.945260951895655
63.74083981648073
71.06514520692922
59.632153504965174
55.72068228329722
54.347806141438724
53.74787382827965
53.33740681953589
53.5698722283142
55.28607823261548
60.31188890572671
56.18797355797214
55.15094491893049
55.53877883378828
56.68243353913254
57.97056676251709
60.69289941448383
66.38070598212768
80.5458186512382
73.83864962538269
74.22781697006732
73.70358628455027
62.422484178492994
62.28345024858862
62.03579097138727
61.0541144158683
59.40995805361902
59.14812563801149
60.194000468248404
69.82499658275825
144.34079960804138
63.125179784197705
53.434405008420406
51.14166116370705
50.31087062127906
50.155410944673065
51.11758529359859
56.58982060960283
98.90496139642461
57.56075354142671
52.78841133267804
52.59702738385687
53.556895285498605
55.378362355735014
59.051953420004594
70.83322548749099
159.91468634244438
81.86425771399345
76.90135672515147
72.99623959013422
73.9795252370252
75.75911965460995
76.37081355077284
76.8172828712071
62.61469286130955
62.52156167542209
62.38278709563902
61.78658508337256
60.02965352201543
56.70118284736615
56.04150476804673
57.14085467100174
61.797799486040894
53.21692408057571
49.73314108648564
48.12118732988109
47.318487797119225
46.96075399579219
47.35438156101201
49.08587682331119
53.63239916773976
50.108095798500415
49.22501552436175
49.78271501855415
51.14811155344167
52.993941309948696
55.70086342311384
60.59347350878752
70.93652678741891
66.99762611586615
66.76487423042254
69.32279500027877
74.07332206466623
76.30333941838839
76.92595127484073
77.4158545910642
62.84530054782401
62.7394287124177
62.590766038219016
62.31670311454912
61.19242792497192
56.70785570105982
53.63486824271338
51.87181911614141
50.78008939328946
48.356384526141866
46.53611366839503
45.498546484617506
45.060505739837254
43.97358743756947
43.560620812686906
43.970421473527416
44.99432353805779
45.16187727867651
45.77736280446788
47.38211353386596
49.667523319065765
51.089895494319116
53.109079931958476
56.01599121825705
59.58597292063487
61.67878711500904
64.63309605597603
69.19146492026805
75.21433432454691
76.99796132173225
77.8436663650826
78.56784794678015
63.528951291675014
63.60945501581282
63.66535043551461
65.5998691875192
70.92835327395585
58.01752272047192
52.38708755166172
49.17317916600613
46.96467369020387
45.17353576242085
43.91895379076719
43.85337710483573
46.54222158407664
41.769429151630874
39.89087835028885
39.5178657798063
40.02037641895129
40.988620395249896
42.79822145288098
46.011728021973376
51.877446685051936
50.19217948458463
51.097826152523936
53.37361235909795
56.17269623796307
59.49942293778231
63.91811304493446
71.21310558666777
86.73583552751406
81.63011870822523
82.47833510364876
82.93390388803918
63.504013188858266
63.915483809670285
64.46826503873253
74.40334828523989
145.7737086268287
62.82410657940264
51.349730048073916
47.24025353373484
44.578335442794966
42.592903376410966
41.62621784587807
44.63870970922431
80.77035357870488
41.78940239805368
36.308183610388916
35.2910133626772
35.76831232409197
37.24514710990692
40.006238656860276
46.935202226366606
84.74851192216245
51.59861861740179
49.42053605736673
51.4186388058866
54.30533114242328
57.888629569060846
63.38453735253139
77.18834766151625
167.11880271922163
93.07873484284359
90.48012096176534
88.64961215080929
60.38799288646709
60.40193147182425
60.37402194580541
61.80490344773395
66.10408884315378
54.23546075716411
48.735472517937005
45.39576436777671
42.758729986735105
40.32403332455316
38.4114339610079
37.64248631183803
39.35962860110338
33.84054846001372
31.574679348401276
31.045650757416187
31.846642772305824
33.54082606167686
36.22385193898947
40.125600623803614
46.564004932342336
45.62057760926704
47.073128479317404
49.65021335179445
52.678218080219786
56.20325133674447
60.85124014196807
67.9805998548031
82.03584180396757
77.86578586443731
78.71654678205752
79.1883041936021
56.822581587129896
56.663657207121624
56.45167278654365
55.78100974576213
54.30943801133023
49.908452162178136
46.585164556180935
44.151626729209966
41.94973358730504
38.84134901003612
35.837618987302726
33.31401934850528
31.22287834385684
28.572422864755953
27.167653126449647
27.278392876666995
28.873322370652588
30.34972550879165
32.6399328162332
35.85215710701228
39.494070730511694
42.03617533756082
44.97982184283175
48.29332126807067
52.11472409251999
55.160399908286344
58.81889693257904
63.60035268279663
69.31414929318838
71.26776152704018
72.02255568781604
72.6346762661676
53.84938291162966
53.639384439849245
53.400596429298744
52.18580781118423
50.16456495839425
47.37911477294145
45.087309687796726
43.855714992816395
44.340209141052775
38.34198581834255
34.12746311897335
30.457957305646833
27.353377203666724
24.726355645732205
23.500757615787133
24.713978273481757
29.96915119545364
28.368829724267805
29.804019829539115
32.61916275979992
36.035819793096316
39.67061307378891
43.582021936338975
48.313672264609636
55.180265899551415
55.53336638627528
57.85763517861844
61.46516204664538
65.38210363931648
67.89846140123315
68.43438412206791
68.93280387674574
52.429128476618736
52.217176789967574
51.98004605338608
50.68184682073608
48.679782321517585
46.26039319988485
44.43855605277648
46.00552983649392
72.10848954568199
39.861139593194885
32.76281247431668
28.420953828986978
24.791280559250282
21.975104915294807
20.842386719642608
25.076411994177324
61.55094256843375
29.178732968397117
27.49377516459967
30.06874868603596
33.885639405547565
38.137918039362404
42.882606169102594
50.42955962669656
82.99524419395772
58.585909206155435
57.816492056743385
61.04207992965123
64.54430853539617
67.01052328903015
67.48069866816252
67.922972480278
52.87267642021734
52.674038874720864
52.438207994341326
51.241150112962664
49.2287695786391
46.357468131831226
43.7887921379504
41.925801147922726
42.07450761106377
35.75241131052294
31.120963592838983
27.076968069450583
23.38711813676674
20.209204323744768
18.407816525056063
18.926597033643468
23.93788670912991
22.963853231685142
24.955238609355558
28.357426985277176
32.57263280678203
36.9798074698272
41.506749548591536
46.66462369908558
53.87492279500497
54.65334391318634
57.88059624886614
62.08610132963631
66.13285957593011
68.57214666276057
69.10081394270361
69.57052278201566
54.28101325488806
54.130862180096166
53.94617479619817
53.17261203298827
51.609751606707725
47.47817964291686
43.75410730153124
40.58668242901211
37.600398529693436
33.82060831097034
30.070805045995975
26.66330382859453
23.59079799808585
20.026700939074395
17.531630107151088
16.768896272116976
18.212743220434884
20.429998775237607
23.566777235721034
27.680350138816888
32.2723125506301
36.4531821158949
40.69118635791775
45.17953403018226
49.9532549944843
54.204221582321935
58.942656312751566
64.30710702858752
69.75851331499253
71.62113504875184
72.23688565751131
72.75576255841187
56.43431449532065
56.426180172181056
56.392939571208096
57.34621702828493
60.42993419516315
50.225716338086706
44.441102615916215
40.29200557911464
36.721949443891845
33.256522590648586
29.992106810847417
27.720526064449427
27.275750686921775
21.587291192629984
18.381525871601603
16.99109766425251
17.516075427349342
19.97589136333836
23.905322710114206
28.98905340732465
35.74901386241376
37.190913192705075
40.739950962810866
45.1172925502877
49.80195767255391
54.794789788137365
60.65608211299411
68.26657271442184
79.76801048941535
77.02436684629365
77.64726073013394
78.0015639918756
58.80533326228793
59.13141742802749
59.56995660541998
67.34062693359536
116.77960596047271
56.90080420168232
45.74405365605285
40.68211558427565
36.87024885160331
33.50289578507355
30.79591051886323
31.115976211472404
51.75657484603491
25.828280627305052
20.58432345476704
18.70842596165621
18.52893063162101
20.638905987320445
24.954946336900687
32.29910756171117
58.01478898683354
40.410646523434025
41.48616141789605
45.72858823963817
50.49777912856975
55.83673308796538
62.76703086590217
75.82149617074558
131.0395816052856
87.98955790660976
86.34230604059653
85.1695916001312
58.98683413805182
59.01609827474901
58.99431639545586
60.60060899060346
64.76541893105811
51.99166924295761
45.392206767601124
41.09057863546076
37.62637743065737
34.37812542705279
31.615146853385642
29.75321580351203
30.091920437459976
25.41698670373169
22.82979238495095
21.485201562609365
21.19518518934448
22.714618276061646
26.345720003586443
31.095573736963704
37.650963868041856
39.03605340226726
42.659747596092274
47.123477874085914
52.02053351418333
57.01536098211466
62.92950588352982
71.19547845505349
84.62268750498066
80.85491974174482
81.70840992354924
82.19431041850429
59.13287947878739
59.19677396040825
59.32279257374818
60.35359304619826
60.293006702886814
49.67633862174446
45.02329774390165
42.32157476889903
39.96007819989089
36.338058249329706
33.28157506435226
30.98896276453488
29.192815774597143
27.12853506680076
25.682838075158116
24.99517548864788
25.27855034767235
26.179629325379693
28.70434860520109
32.294100523690524
36.29298632012823
39.933488507922796
44.45399361720331
49.66707242404663
55.245567274859816
58.65913549904173
62.56250272167411
70.82293021826693
81.61563417369446
81.02064964650839
81.28500808716497
81.54693095341308
59.141128581004864
59.14804004116833
59.099363658341716
58.47079891103031
54.46801819628563
47.63394773557928
46.12691080420085
45.81493526284563
47.58965075063822
40.27246686499796
36.263610509437314
33.73303822787701
31.81686953830681
30.274941101993583
29.25090225556806
29.264886090143243
31.383600420984216
30.707245406954094
32.11869154044551
35.06674505571199
38.57527867729186
42.44696870107469
47.26938668082202
53.92606043819871
63.57819831875087
62.89640684549234
64.73349167886673
70.42904247405582
79.18367490896833
80.61500468621847
80.95631025345065
81.19718320760448
50.46254764151845
48.5436683188657
48.60315671654085
53.36284830742829
80.46014823633311
47.53269739166156
40.003147425253346
37.10963185058941
35.35796467217586
33.940930933711655
33.15919397369782
34.867363786265294
49.12737399495337
36.48625974168694
36.27456560758935
38.85984180206351
42.05253549211906
45.91557185487374
51.32165432298022
61.65204847650449
89.81078893491983
70.41041097799842
69.48152554107611
71.13866896549114
49.224342100332336
48.72000875865751
48.73738463297712
50.05763389841514
53.83107064776475
46.12384772496752
42.61419421800143
40.87180564782507
39.569196903109734
38.063145245171874
36.90757296111802
36.87113616831026
39.252825039169714
38.55060320932503
40.44765972768251
43.29008433582715
46.48122449875673
49.49930760218986
53.44806921090285
59.657130733489524
68.88636509187106
66.60652014157921
67.31892225655504
68.342911523532
49.05753951246382
48.93778750727272
49.1288198564145
50.381047394777255
52.09530381868529
47.04008540388912
45.82336584876337
45.40361452005978
45.07932256571929
43.032956953247144
41.27531313939951
40.47781580515709
40.893747424972176
42.54393914770995
45.16766022925024
48.605184700518855
52.24746047857666
53.97536179015482
55.41837355459591
60.537873960657315
67.4094152675267
66.85261365834266
67.11249442969627
67.59051161493734
49.103083317110105
49.144780837672926
49.50266079900281
50.93514653897977
51.823469129266584
49.915592904331824
49.800145677730335
51.056665794550064
54.169147021756864
49.26135606378177
46.416231939258346
45.13774813991456
45.37247552389082
47.35680034022479
50.38089545141937
54.89715795774163
61.08718529419638
59.63179428355464
60.4180761356004
63.28987500808202
67.7443266000758
67.15187120986688
67.15784775420994
67.38623255060156
53.453651235584964
53.11618943852173
53.627556707537735
58.230583643690665
72.54356033096383
57.08444011349995
51.49688710754391
49.43373768806725
49.4698338812161
51.621777033020486
55.18572552955339
61.86377909262624
69.75665306739599
65.59900364442458
65.04117002456208
66.10258228194596
54.201038167623764
54.242580599062364
54.54705040181123
56.52619517404543
60.445214350504514
55.854564593269615
53.27157804308414
52.019738424251585
52.169821914017255
54.11347929233709
56.86469472032381
60.74551232775569
65.55020347109661
63.97395187940971
64.26510382529193
64.87062991394546
54.398735486249485
54.539039634124926
54.94812482818014
56.88401675144895
59.78870059805772
56.29253990345753
53.82171474863472
52.535864977594784
52.674436987748216
54.63469554744193
57.36006157658034
61.10054883481731
65.08845030571803
64.20305574049819
64.25173762145798
64.57167278061999
54.56551767744394
54.76954712778994
55.28152719383708
57.08488400331955
59.3050122345694
56.555629290772565
54.269988712846796
53.0097107618532
53.14232231524755
55.09123883484071
57.77461638783886
61.30964116857604
64.72322461710458
64.29875892245519
64.27399135218835
64.45256937139614
