48.04959025851819
48.359258815074256
48.65642658847186
48.68585869653489
47.833035129598585
45.561154295904515
42.78009594797839
40.41779714824962
39.11020282171333
39.389452434877015
40.74964632898667
42.75475212474439
44.697920833494464
45.56828449507888
45.66297047134061
45.443313939544765
47.780066064594514
48.2350686335154
48.72525458960195
49.076346162823384
48.477215490667014
45.857012507203216
42.70404471794108
40.115966196462956
38.7335512283029
39.06206647099293
40.594945745529664
42.94068097807897
45.29745816091292
45.99085024991428
45.78059186964445
45.26378442732778
47.21682797824797
47.90798857279554
48.68282542855122
49.58307699119131
49.59783828930761
46.240147499924774
42.50642982729339
39.6323153208634
38.17100989608143
38.54943592076145
40.30258106608365
43.180653106264955
46.37619141971943
46.540307030027996
45.76233680102203
44.65603644308341
46.13543112981935
46.985012295030764
48.20208263689553
50.27829914182016
52.48416655785318
46.714280954233516
41.8725531174671
38.67241528399744
37.152381581470685
37.53294970761522
39.54119188522126
43.450992833367245
49.236789417672746
47.220663408702585
45.0447121382729
42.983864223285785
46.32924126122389
46.10719864508082
45.77874596553028
45.28064342991927
44.97388183863988
45.345252175567445
46.630525075552434
50.14662856577999
60.27304501224016
46.410107934964785
40.32719266816804
37.128256445121174
35.686424468379485
35.90767219553623
37.85561853242858
42.89156129506168
57.09480640680327
46.742628338214
42.617163422342486
40.452603981320465
40.25066569075872
41.39925500696011
42.31826083258481
42.92073588911097
46.577464761577474
46.399405760741224
46.13150455274287
45.61358996805383
44.617028940085284
43.401712920582185
43.22176257729724
43.77397699817069
44.528100648795615
40.553876474551075
37.26453899181216
35.16912255232365
34.0711998211381
33.832563443427254
34.657555916021494
36.78560960524882
40.18664057664262
38.99716079773615
37.81387734339481
38.26413829431003
40.37146175480427
42.07004666072918
42.98837511396354
43.647140746438154
46.91100735239651
46.73446322855342
46.6214276446592
46.336116030924714
45.345192271711575
42.68372572268078
40.75174704827888
39.5984355341209
38.50315813584306
36.51708364379668
34.721903817334244
33.59796954973268
32.93879954262966
32.089111903894505
31.86167650946012
32.4113304388434
33.57212516221014
34.105822374490195
35.155808580448415
37.797332636753005
41.528483626560934
43.27967341763971
44.09030798670628
44.74873205915115
47.396869429293126
47.05144606501385
47.1644753948879
47.68026423347985
47.85694646793238
42.85766775085162
39.34172616618943
37.09029254834115
35.41846758065812
33.90327617760297
32.83795909107003
32.56230585644025
32.9421129783338
30.89910756385006
29.64603823883332
29.387428028048944
30.039318122490524
31.316541451455343
33.86611185943097
38.34393159590863
44.8740437225819
45.484431724348205
45.58636451744477
46.22998841601613
53.49599203736048
53.074689213644405
52.23589234694872
50.57810107065319
48.471689628714735
47.095247513659274
47.11685922306889
48.84733679475039
54.94957771951868
43.231355833970234
38.27314926168458
35.44134844066779
33.43085534857751
31.917006670106023
31.103346334760122
31.697209911673177
35.74191644346882
29.83925284259096
27.543946354282404
26.965275259350268
27.656306916830044
29.577404611960603
32.9640693024858
39.19361108643078
53.31276558714819
47.49469618743934
46.44428471752755
47.78223717299506
51.456964627196676
54.66055052642926
56.44045291412684
57.42834246091313
53.96438019062726
53.71556644639216
53.20848705598124
51.95348937710411
49.81131896831523
47.17315900288965
45.53471428166709
44.93074866594262
44.37367834691096
40.076790056394
36.65797455813391
34.11473100572828
32.02120574713849
30.170616728822377
28.844820264144964
28.276089593236996
28.25498828273871
26.14286921462222
24.856753000251445
24.76221688012012
26.002475732192547
28.34588806170762
31.63188190137649
36.19422649445969
41.89472897170145
43.47682731179864
45.32024430091454
49.04293976858534
53.38199575968972
56.354688223163
57.735574515072834
58.506623837045844
54.49385921916644
54.420053768455325
54.20039076437215
53.45525402042157
51.61013472893415
47.94653213689135
44.88498321756713
42.60159551367939
40.64783346713948
37.96698644268737
35.44804084900726
33.276879454578975
31.266824090025793
28.858983422031333
26.72472423048949
25.159192673620353
23.99671131471284
22.72393621468681
22.25632694137013
23.153985585455544
25.469471546502536
27.932197030262785
30.990105197413342
34.59224054151428
38.50712140778658
41.823190505496314
45.67963043923339
50.52339626384745
55.805255882443745
58.45288215983614
59.48486344108931
60.02590151097543
54.9250993691699
55.12995304397797
55.39254445996632
55.701473668705866
55.21108768406553
49.24026024599699
44.84192520513156
41.730724929221616
39.19843310426206
36.842487947652955
34.77028962217502
33.12826081918167
31.795824857820136
28.248798392361987
25.089719728736817
22.644839065118095
20.908494077282164
19.87941790318225
20.22607544093257
22.827846193428886
26.647101068949258
28.55840353605908
31.11729850128596
34.295177594488365
37.90201474891991
41.79449089310886
46.49268756248785
52.724260171643564
60.62823887475411
61.8751777275448
61.991737297545164
61.94574042703047
54.79573532350137
55.21067555536014
55.989055698708974
58.128272822540275
64.10766008485349
50.71001870157586
44.84765745179086
41.350475337750844
38.68810003535773
36.35404255489654
34.40700858363577
33.50323848572725
35.33522175756316
28.181281564878674
23.8572184108441
20.788609639250016
18.697434710191025
17.839301656563812
19.448632817703874
23.70961470611619
31.110532194126545
29.97310798216108
31.77298475425086
34.796413270994684
38.29745044161144
42.27017516943031
47.39050630274797
55.32717537367309
71.61246820386046
65.8422538886443
64.02930946652533
63.20079778410412
53.72681058196416
53.84319590709489
53.9985736737021
54.1470332113278
53.57143912691661
48.14417697611682
44.07457434937437
41.1231559977436
38.622967076304676
36.18726715093363
33.879203249497486
31.948984097713648
30.26094605625036
26.308970594280723
22.634869611431473
19.666474071659028
17.660301937128704
17.40448773705219
19.608208422038757
23.25824534394328
27.48253029798582
29.681758016728114
32.5661826588779
35.835268479238685
39.31750910451526
42.99349386171526
47.40114085680431
53.2291233238208
60.54320225406139
61.82321652905974
62.02101557277374
62.0601727685109
52.46163994756733
52.27107534549841
51.93534690751541
51.129188175710055
49.429352956706964
46.29823974259941
43.558209682141616
41.33238967524878
39.18003423746592
36.510260770654504
33.74121582243775
31.05445660596422
28.37961624972192
25.209951328195743
22.16564557008339
19.82214228146822
18.63124218793507
19.087344749844398
20.85991305355407
23.723540843357565
27.13616946411512
30.532879297162115
34.00849300908663
37.55603024014765
41.11600296519672
44.26475118763849
47.74868337846432
52.09088258849077
56.730266414313654
59.14991195716911
60.219831086344875
60.85212877348131
51.69304559445959
51.326236432416685
50.75412135411455
49.64430562372861
47.871280216315164
45.60198353107893
43.68076699884896
42.24070813502586
40.91670789426621
37.509156066960465
34.15976599110614
31.003413209819424
27.990018654945846
25.077454451514217
22.715987488263174
21.5803622298829
22.258095219454763
22.250083025368394
23.30688045329261
25.626490623867948
28.828630518213753
32.35063871322448
36.057580722877375
40.01616304570595
44.259369995874074
46.47999841697249
49.02432893317388
52.53745753738198
56.11459020963855
58.58028396783282
59.9118678072216
60.78896740160539
51.911314079071836
51.51269304616931
50.90268995842683
49.76014283250759
48.04086163783502
45.997748158272564
44.334324019642075
43.73929911431986
45.275132431496495
38.981538429138546
34.95471852820284
31.59864081697893
28.54909813527112
25.881257778725317
24.331539754184025
24.890425161175372
29.242994667003373
26.105774435078114
26.238778801882333
28.29026800424156
31.243196377193645
34.58725349233494
38.344514861377014
42.92543078037254
50.17942324285255
49.51902991198825
51.35225553689562
54.5562628073812
57.836073301836755
60.20893598017452
61.525931681864684
62.406843305834734
53.32844612839015
53.026396256831895
52.533842281486415
51.50415119322111
49.76979373925583
47.37858504631143
45.17436984880092
43.50147267748548
42.15589165747111
38.825486122945364
35.6294764156052
32.7234371382051
30.1013315238536
27.846518581430644
26.515462290474115
26.64111878717568
27.95498982890191
27.97606993101306
29.014149111751472
31.33745713686066
34.05677142973305
36.91420121241137
40.259722524957105
44.04535935590643
48.226196495438984
50.69209650508215
53.91146658104986
57.70196923448342
61.34546029485472
63.66585413595198
64.80606804887111
65.51855506715167
55.32509060504196
55.21517428650432
54.983307115628605
54.32614314520933
52.787278936290924
49.613586572012196
46.559308429515525
44.02239506667645
41.753084978247884
39.22517986411373
36.78103447844663
34.575704584928474
32.69776601688072
30.76812833369746
29.441904758301995
29.03109958582957
29.432873883396013
30.482326556016364
32.31101225020399
34.7902156670641
37.42570992583133
39.746425452943036
42.36733164145854
45.61893621410573
49.19411565349852
52.769620360783655
56.896569071041434
61.59158595147859
66.04725037014543
68.04059613082534
68.79498835212152
69.18600335103748
57.52329512422941
57.71360683053677
57.95481069384633
58.24182459337661
57.89149657604527
52.71840858768709
48.42481160490213
45.20003345631991
42.62261200865631
40.347801945554956
38.50803722269105
37.26353515556116
36.51101200850717
34.394814928924724
32.98897752690779
32.40387303966811
32.71423171012748
33.874506428268056
35.90979121327763
38.64985672359559
41.68849704704152
43.16283555143243
45.04263810264339
47.96158020887133
51.406796473087674
55.399354122063485
60.32527795993864
66.36479844633959
72.8244036950633
73.46151431751501
73.33045755179032
73.11915470775605
59.42137002098441
59.933107763785124
60.81023076673006
62.9678905118532
68.22500324209462
56.40292545781011
50.41510848379679
46.73079250141572
44.09616981111228
42.056959637965775
40.73991998002476
40.52520093255822
42.513349206721685
38.35664710279081
36.550863097761
35.94283964752334
36.33720117086502
37.47814705502376
39.45630180023302
42.62762534564211
47.90866465115127
46.89974906605165
48.07944581614307
50.72795244244972
54.12497833200097
58.29461136675787
63.76229137643411
71.55295892431641
84.17600510822578
79.41010078186942
77.58058138993638
76.57771930491657
60.34556784020182
60.72909540989034
61.227639324945365
61.88665536966376
61.77780387640715
55.925424935851105
51.49815364179635
48.488229373293585
46.2307699973521
44.35016113811972
42.99720466209757
42.32989409861393
42.19005546116234
40.64998107332334
39.66197076782902
39.56661391102902
40.1000904966278
41.08528431936611
42.56872359399198
44.87804709548508
47.730889091484514
49.128254674268184
51.06581965562934
53.93751066761231
57.296958038985174
60.937542191478
65.5515773385455
71.60541045318061
78.36949645002687
78.64543336667188
78.18536733644575
77.70059869279605
60.604475012051516
60.77605769306408
60.89910805454606
60.656713657534056
59.221816631203865
55.47240187236857
52.822634807769425
51.16900212258292
49.726131415549695
47.562763009291324
45.82101711432882
44.72011889481305
44.032728822388606
43.2891258443431
42.96529795922557
43.29079472961542
44.01768489679167
44.771627014943256
45.89728130463909
47.617454745852335
49.78688466919288
52.00762848438307
54.54822526626268
57.95403739594535
61.756349329978946
64.35520662478606
67.19743079653864
71.69861931012021
76.33067608063699
77.7414460905469
77.93110192253606
77.84216614867647
60.58990161969471
60.587848877816334
60.39305721650447
59.64278592570852
58.13150616174126
56.191040129608254
55.36506000827046
55.312505273746496
55.33867338832829
51.94280657761518
49.41527276357623
47.93156594387505
47.04691864381395
46.496081454198624
46.4513670322626
47.128535127268194
48.377097509914854
48.68005193315207
49.49326540061598
51.05576383631487
53.15518169683358
55.62227848902617
58.795927682863656
63.20810769626193
68.40416677986492
69.3512569380137
70.45777183592388
72.75457813369394
75.71943631263247
77.21736221957369
77.6638227107916
77.76166735204924
58.239818166488064
57.92890271674472
58.40079260315954
60.33942532560149
65.04302212183998
57.09813273776156
53.33620429329107
51.62336208453187
50.69761918378868
50.17147636209959
50.06714717738298
51.134877295144186
54.29260591911752
52.8066360415484
53.36267895033655
54.92377092643061
57.112792637634975
59.57430666595591
63.195254869055134
69.02717234123776
78.14414559146245
74.77563746390743
73.9025834649882
74.40385618045786
58.94319035149093
59.09472508346656
59.67385244760048
60.9416425183841
62.120028478526365
58.7891945657681
56.711811192399935
55.70703392176468
55.067637742998976
54.309011986832886
53.73274132357397
53.89880352051157
55.25719051951062
55.834131710550025
57.38289287407361
59.3603136399544
61.71459085691507
63.848822556801586
66.35574002908946
70.44950185025338
75.2536593334831
75.01071207662699
74.69983213148173
74.92352386596113
59.45344693348946
59.72061788736022
60.339369551383676
61.36603247006721
61.96347238031834
60.80918981164748
60.50129295238077
60.533903462440705
60.50196783389387
59.25462115671278
57.96492848316321
57.348216564001554
57.949865330100344
59.658135783069085
61.933687046925826
64.58880634713785
67.37912353114857
68.77101037324718
69.88590266274821
72.0523354533931
74.75141512361938
75.08200232575683
74.95705890593781
74.98857831660843
59.83507976190524
60.2484790644894
61.08869250561303
62.35535732571823
63.60477627982152
64.16302313096394
64.84895227226932
66.06666127570678
67.4404467412612
65.03904985371338
62.84661417832679
61.721988280939
62.08257708259379
63.96917222125361
66.85606249172329
70.40460565249016
74.21736363629728
74.2977251330733
74.44277988492011
75.04285468725487
75.66913240658124
75.60814690787714
75.3089976389132
75.16678191749996
66.50921540849657
67.45503590560779
68.75017003884537
71.33834356075869
75.94753405389162
70.71799280069942
67.49603237460326
65.87868096818316
66.05154386242256
68.06565905779077
71.23024041386188
75.6355632001493
81.13468329209934
78.9023614225085
78.01144437602089
77.93034874447707
68.50724812438631
69.28724621407329
70.33536321670998
72.02982530791223
73.84975383783609
71.74800092702573
69.74194069403787
68.56885396921749
68.80110877129944
70.65376839343966
73.26583391839482
76.37788279448728
79.38076538469544
79.0875860140373
78.7984622415462
78.79927438088689
69.45339977507669
70.04784058259541
70.89814000923451
72.10539465681896
73.08769551351573
72.0178360366472
70.73114590918111
69.96914566395641
70.29272833127439
71.95475513313049
74.12984026220181
76.52158788504991
78.59175967097727
78.88669590419678
78.86658585088458
78.90386638970884
69.94924158422187
70.45108092733686
71.18074432112014
72.09755016000007
72.73545129234232
72.1527713265732
71.32777048824848
70.8747876443801
71.27705467115632
72.7877304253356
74.64477220281566
76.57437745417732
78.15748320413084
78.67088975627381
78.80506447373735
78.87430628514234
48.17239435207469
48.38194409613878
48.61651264812822
49.31758461353215
49.266199968887925
46.10613230579848
42.51205986605244
39.592252565681875
38.131824181073505
38.586225389534675
40.33691588660383
43.12837764794855
46.30190556601503
46.7667778198016
47.03154418610196
47.10584822633856
48.02208634300484
48.28839788935756
48.511323332942936
49.3980205615281
49.6809750622039
46.13854680745378
42.38731976524275
39.429374235984405
37.9691733083092
38.419281560461656
40.20396079767583
43.14885779301565
46.73050029524147
46.84525265941417
47.148210608575965
47.16698211029078
47.749588314343924
48.14824136945472
48.363856293443
49.45532395864294
50.23529202459319
46.13064101489827
42.21394437551147
39.24448235613343
37.78917618669767
38.22121763331272
40.03671152497285
43.144139587782405
47.30349908423989
46.86823690737794
47.36122370793862
47.20582883228002
46.7058847278577
47.545912788200994
48.09336574716524
51.35545559048239
60.16012116061082
47.66471356117997
41.76218202974648
38.326155572007195
36.799696843012946
37.24483600656099
39.40370890265471
44.43226371080106
57.69736183101992
49.14677959679163
48.970246586619304
46.92545894592894
46.28712950096898
46.17198658725765
45.963030012667765
45.52378447672173
45.16090816110605
45.857534177302156
47.02201749565088
56.567064694764845
133.40647178861178
52.08684292219281
40.66143331591764
36.81409963458171
35.33656067152177
35.64447505813053
38.0510623900592
48.451383303875986
133.82273272189514
55.1217724375655
49.50019523730006
43.4736266179199
41.7858561433251
42.68810526211934
43.319738506478274
43.77235047135371
46.409875175236635
46.307542052318425
46.180701506502686
45.85320012484852
44.861145500973834
42.9166960682008
42.95110617328681
44.2426846964227
48.980873988828
40.96091080745959
36.99348597046578
34.781979467057575
33.71525717041242
33.48933981870304
34.44140464430699
37.26325554091494
45.05032870407544
39.9142964036349
38.17938960101597
38.257511953543606
41.445699434096085
43.00860754144654
43.710360227487094
44.27264871618316
46.60903668607116
46.446508656903994
46.316776622272386
46.191768023750974
45.64790572804082
42.38908878529985
40.378800464437596
39.29511893428613
38.44781141874746
36.206571936709175
34.33940047831161
33.264969566968446
32.8154029757371
31.792037531076584
31.568621731296467
32.208883537317206
33.674965384760426
33.98900833205487
34.947825644053786
37.788891358259725
42.249490289011256
43.50981057531397
44.44500453984056
45.29188121624689
47.25582251873391
46.93793227066266
46.99007027294198
48.4482829942966
53.2510031101158
43.231186315270556
39.028151799093784
36.73089817076187
35.07448018379153
33.5468513203588
32.51762874470491
32.610261280244615
35.272330013306835
30.99515632498474
29.398112774738788
29.13143608287016
29.8221768055164
31.101729739921748
33.730870414568805
39.0607594488039
51.36366170798523
46.92513141683043
47.61642118242294
48.19738314999911
53.59968831822978
53.38832485786503
52.999952653560335
51.40498649657229
48.67056062869705
47.08570075064159
47.38169499131564
54.205438053108516
111.68262726275844
46.93861149691864
38.1783155200197
35.10386066950302
33.08387084139522
31.58376082451539
30.948932426917487
33.82591134091266
65.61080567396243
32.027881187430864
27.468957581310825
26.727463240245452
27.424892411592804
29.36097251878523
33.06099124881784
43.583163994980545
115.21391730855375
54.598694691782775
51.36969449036661
50.324403967303226
53.91767590712783
56.77851827736783
57.60379280022611
58.144997376667
53.889860800031315
53.758458509871275
53.56284322497433
52.6673158542685
50.51026351172933
46.74924667872687
45.223156747774276
45.2988161030243
48.06250561885435
40.26897468581578
36.354045052413525
33.77965746001006
31.702557616237684
29.854718237201233
28.57452376407523
28.34929195024549
30.34812561914748
26.24922428029082
24.651142262927603
24.536470035209835
25.788853014004577
28.117381839567177
31.447077162989064
36.593420984462675
46.16597365712615
44.16413329525151
45.47515161190274
49.787530641000544
55.14059967111426
57.705612559134124
58.37023318725788
58.87764429077385
54.215016490655415
54.06524318807745
53.87081128375185
53.31951256657379
51.92287473771418
47.69293766503343
44.51574511692693
42.28909713164059
40.55415463874344
37.668687249336415
35.12198974491776
32.989704947927656
31.136327295612983
28.603700115230485
26.459335762750857
24.943316275750767
23.950770056268418
22.535912819017234
22.044763001698897
22.978262378415458
25.429457053966463
27.74072776664432
30.76748513497066
34.40466214673913
38.5575106932228
41.63583619954662
45.48345931034266
50.508535714053025
56.46629048097847
58.52827221517729
59.36558310967344
60.084482108189015
55.184220538177776
55.206886345146266
55.206089705133074
56.52357793121194
60.42756480223011
49.60622241916952
44.530919827401604
41.36867804088687
38.8566152502406
36.50692965465506
34.48059228807504
33.17841676179664
33.83740278190647
28.346479322223573
24.883702135275612
22.41728743794669
20.705893382256413
19.68002919789802
20.066179980377978
22.973935555244342
28.661062335625452
28.683846564235093
30.908855296935307
34.04540913640472
37.65162377509779
41.526849497439244
46.311538708022695
53.38856280842503
66.91450187654873
63.22565459869916
64.02010251677517
64.48473052681885
55.695505568267635
56.00600709479395
56.428224363560936
64.22989274076848
120.104176020665
54.43022648416751
44.76231147644095
40.99995021560124
38.334542165003484
36.029377344030294
34.261022970232126
35.53573840766285
62.7872668294115
30.290907769985754
23.83436423011539
20.608637908831568
18.5258253686571
17.682321264308936
19.43678960388144
25.744519159893102
57.08431319569593
31.94722567761465
31.64981181178645
34.53642007193885
38.01685365299262
41.995465547299055
47.47285151787861
59.819080360989574
132.22683695920753
73.83253242620266
71.80118936093383
70.3809502792628
53.83542048029368
53.834639172754386
53.80227946702115
54.84709937771509
58.18141633249115
48.43919645872623
43.75166436274084
40.75899840487061
38.27850858437841
35.85983477231822
33.60031159801284
32.01330258183103
32.32692120297211
26.451525382577397
22.488166585737638
19.5120460564204
17.53062584185029
17.2551032107732
19.46051164522873
23.392204729778438
29.421379122944792
29.747408999464692
32.33328046181789
35.5602438887539
39.031257641624656
42.675280553658844
47.14204744311631
53.751608875051346
66.04988884204406
62.937317027261166
63.670792989840706
64.09159922309458
51.886486160598835
51.75089306545095
51.575963980647614
50.93802778545134
49.638297665619596
45.98492093559654
43.16259914172531
40.99359018145926
38.97562028225117
36.21428081649888
33.443062338725426
30.798056812599818
28.29896066900776
25.03740544231235
22.006386746337895
19.723357109409335
18.70024306151058
18.97172442501451
20.678434211819074
23.53088914359887
27.024593494101467
30.308469041295293
33.75604609199342
37.2997851686195
40.96876084118163
43.934171414322904
47.34712825250612
51.86830072623565
57.12648430892848
59.00358341991294
59.66171368350924
60.20312680585776
50.70463438189425
50.527187604413285
50.32630057753905
49.264736656935305
47.52563037629487
45.18763332544051
43.32086761014744
42.19214420184992
42.46053357316584
37.477645585968624
33.89456519406533
30.719180381778397
27.739579941097656
24.868352978217313
22.587580205603054
21.850195419325214
24.663244415638577
22.49750907319224
23.135031021187434
25.383595024997586
28.57537433474699
32.103030018300466
35.81893138154507
40.0117043925469
45.92136177624622
46.477125904420866
48.657396733493506
52.14903443238365
55.770222681571376
58.12024943227241
58.60839019872628
59.06200255902304
50.86687799702939
50.68155674040433
50.47435376793025
49.36743695206819
47.65639531005327
45.595668601836884
44.12913275227568
45.40104775111922
66.48555650682108
40.50569194357852
34.828771046279705
31.325969143467738
28.289082488704175
25.66290845336716
24.330766127504088
27.221296103644452
55.86018812500998
28.384381675472092
26.160393375920265
28.018879897106007
30.9666989469271
34.325841298791744
38.20065531206035
44.44287457005848
71.2345636840646
51.41577530340808
51.15029542815848
54.15573070840355
57.40572345144037
59.6932447444695
60.14151443286076
60.56161387171519
52.545220478244396
52.37180931848002
52.16002399654082
51.17613476072955
49.480596100154344
47.005375889046284
44.82275860095384
43.46337149091322
43.714212677851755
38.81403767491608
35.38514080380607
32.45396840290135
29.854563956341917
27.61146091619518
26.328581264383857
26.82464027652495
30.193019440104194
28.123301588238725
28.741636384749633
31.038374143667973
33.76526063582478
36.621692847458355
39.977988445448126
43.99966915988989
49.83059284586138
50.561832266571066
53.52330018284447
57.328054913366884
61.018512952613875
63.22140915560079
63.728700434668134
64.17213844304361
54.91430297108355
54.794698003493416
54.64093308924448
54.103188184310014
52.89468658059182
49.35372199670803
46.215378860730056
43.71725316977046
41.58188980454469
38.96450716737624
36.51524754367581
34.34571413796929
32.59264311990623
30.54961946498613
29.201932446964147
28.79224469287913
29.27100603653204
30.20392411641101
32.00116316759783
34.50370459301359
37.249482820819274
39.457023082686206
42.03597299005664
45.28075583117081
48.93747117198483
52.37654994010707
56.48482420404694
61.27998476736556
66.18618032605049
67.72629872872086
68.29254079215542
68.7622642499643
57.7382034389374
57.76356160378153
57.7693489599675
58.842699362217566
61.8600823762545
53.06309113224961
48.162425883151826
44.888972952702
42.33130786782252
40.072150603143875
38.27540119786514
37.29050826006567
38.02130776775418
34.42674487902566
32.7574944083392
32.127997171482804
32.41895503305035
33.567977109667254
35.625400204320826
38.605900470774564
43.04638596907726
43.102145622831564
44.707746655893736
47.57926142543507
51.00290063487672
54.965647388065406
59.966936529842116
66.7646317609119
76.97898937862385
74.16235925635219
74.67698571998609
74.94999716062785
60.52361501089177
60.85801755417608
61.29478164486642
68.25491827366344
108.73649170028291
60.0480381631753
50.454765900073035
46.45917415186785
43.81512893095401
41.79824717048787
40.62750478695509
41.99619596023921
60.377543030263645
39.81069100873343
36.42693258868071
35.66972774549539
36.0412491723861
37.179850291812606
39.27995603492373
43.962662778119636
64.48022988472478
48.232783852351105
47.818054507631096
50.33040253386307
53.699949764516944
57.879648272686424
63.78418648436863
75.4479607168073
120.84668755222788
85.06304665334608
83.56232602327677
82.46711400883272
61.11355819479797
61.206051672406865
61.26380353076286
63.019716665649874
67.15244435453903
56.556200159283485
51.30667791069598
48.21657640987131
45.96988933160113
44.08835312692547
42.77998148970898
42.36229037250273
43.6542432889994
40.67065358236605
39.42881298573168
39.30156022759617
39.830421625089194
40.79644008848276
42.278354463388155
44.81347772558587
49.0509579443898
48.97949314128924
50.68408834314198
53.508594773718954
56.87134508458745
60.482109610831394
65.18230602447818
72.25741487242712
83.6844313155031
79.84125726915717
80.45169930874287
80.74966384571117
61.38408173891205
61.49833119051149
61.695296097811195
63.034625359483485
63.83360721439649
55.65556231096997
52.537910731314874
50.972998830394204
49.77071554768325
47.34763881837952
45.57763399805282
44.497347147925105
43.891212218258666
43.05484073074632
42.70652102252652
43.03833511680359
43.835392607387995
44.48958830170537
45.57164576790913
47.284422714872086
49.49329256390631
51.622034946641364
54.111268558657
57.58328673555058
61.7220009840745
63.93021134600964
66.20907428928001
72.60683868970895
81.41018503590712
80.23757906834871
80.32828395541107
80.45694598852678
61.5230819537231
61.628093970303134
61.77682529068713
62.147923269270755
60.561667984082305
56.029883646206656
55.25052637783788
55.80745311544016
58.500845573813265
52.2572188101744
49.21388698290434
47.68346105142413
46.79463438486443
46.22870316029466
46.189288314699034
47.03417582262134
49.273910151854444
48.54956389532464
49.151988609175056
50.67887730035137
52.7589117716174
55.19270232580238
58.42348955719287
63.504239981953354
71.67057400117469
69.85704796583994
70.8563801167733
74.393399242178
80.36170602481249
80.35007529538028
80.34949065661615
80.39844592298766
59.493261052212645
58.44181575736754
58.815527262316024
64.20248782925556
88.89944604760572
60.161164172060175
53.36278755009663
51.387255843008305
50.43648828453415
49.89746863771917
49.857456856513146
52.09039891467992
65.15827937808271
53.72197814343878
53.059084603392535
54.523334100956376
56.68925922938632
59.14707486582929
63.14917394427638
72.24209637940622
96.3534840339276
78.59317882984179
77.36418592113338
78.01192624935103
59.57745569853561
59.45354369235734
59.70930898622194
61.761587616115314
66.2059371287768
59.25115698425375
56.526757855210576
55.46592212460864
54.83191044218719
54.02312039040719
53.40174485197672
53.76811378441182
56.29555232188708
55.578175376053615
56.97922230126665
58.92809154643186
61.29869758523587
63.38963066448239
65.90392279482836
70.90685609730062
78.97953132675016
75.85997209320067
76.23633932671906
76.79788978072726
59.80653407593673
59.90676017023859
60.335033156787276
62.35786320410754
64.89899272172683
60.80466502231987
60.305572173471866
60.398363976653286
60.65624670206469
59.07339486109902
57.61998084760808
56.96366729201072
57.62743976250606
59.234770029377636
61.51194294870249
64.21987183852583
67.35246326550006
68.38998790981483
68.9335002737436
72.22120819928696
77.90774717203497
76.40615288869594
76.3453224165534
76.50877415231281
60.066670946781215
60.327710652014716
61.094000616214586
63.47053005134179
65.53995488619914
64.6187253439399
64.82287238344799
66.59143424706235
70.32287353462078
65.53146002611305
62.715260530430534
61.377161067885204
61.68219968456734
63.5840877840351
66.51839398310183
70.62964428405311
76.56800598176898
74.63209393100004
75.02450287622841
76.53288800220444
78.88612839758007
77.16991063863442
76.67405926318948
76.60031387201525
68.35257762692778
68.46500341265138
69.1577759706355
74.23568958410269
87.78885221332195
73.62668919968439
67.86571165064795
65.595954872418
65.6472154527845
67.7260147867177
71.23839562318796
77.78567148993895
85.23782524928525
80.9234386445848
80.2320405581549
80.7780492469105
69.6654151675111
69.91916590829733
70.32924466501612
72.64189745436319
76.79386772946339
72.3189958154726
69.61431412957882
68.16188357480564
68.30773143451192
70.19010629275508
72.87695846874338
76.56995414956576
81.16196688742936
79.34940259066366
79.5854781542681
80.00772436199902
70.00404774688019
70.28204579731135
70.79191230055088
73.02904737685265
76.14754196025193
72.76775290428257
70.17635098282842
68.68048881812746
68.80921670710556
70.70988565293445
73.37452575675944
76.92845663059722
80.70517552468299
79.61220497195471
79.60447223404982
79.81481289045873
70.24775145763977
70.55763333639732
71.17649990225165
73.25053757261354
75.6677374401316
73.03547327119618
70.63263794957055
69.15754373002632
69.275423023852
71.16626004046235
73.7909509228361
77.13760080520322
80.34398597294805
79.73344516114581
79.64893327534307
79.74963791043355
