891.5178869069166
906.7517113869055
924.4960829125597
941.0118897155371
947.9703152442728
963.3235821736416
988.4346749413028
1010.5594731265986
1039.232319572537
1070.4052092434677
1088.4987570224332
1105.726769394194
1123.3850185800518
1125.7233423446798
1121.952570909665
1117.5597532463405
877.7744422475072
898.3294553694399
920.8511947561792
943.2117719855319
944.8424307288267
960.3840725619012
990.765856264778
1009.6535921588492
1039.6797924423747
1076.2346945337565
1089.9197158388176
1107.1397460946246
1130.401826327623
1127.9128091107557
1120.4247481130808
1113.7225045133252
850.8448349636425
882.0552651414453
913.7415800495023
951.049205197118
938.6448489020829
954.5547970776262
998.4370930887884
1006.485149841409
1038.4223380452813
1088.7161541024145
1089.8279424588427
1106.870697999035
1144.3808411285368
1129.0562201199298
1115.3197165784002
1105.5355893256385
798.4497530836322
842.3437989736761
890.8040841679589
985.4491515868829
919.1476235603526
936.365446168509
1030.9804003139873
992.2683761468543
1027.62150376354
1129.4907943465953
1081.0289592796266
1097.1810441312598
1187.8791217944793
1121.5184312865345
1098.8278530251869
1090.1501638371356
527.9684499594669
555.1139338136549
598.0637194543272
663.041005024384
732.7545724962819
775.7162786401686
813.2538959160585
849.3614931707002
853.6517329928088
874.2654475556226
913.1823065785305
933.6516203339136
974.7033632902443
1031.401401586828
1032.7459973545745
1045.4955492128897
1072.563011825306
1068.0955764371593
1066.847307186819
1077.704540086919
1077.1102441174723
1073.4615836836285
1071.3228666526454
1070.7512489283715
502.23299638785136
529.8265087924835
567.7147885027345
628.3891792675935
697.2284195016059
719.0716019955332
754.7548704345743
791.0431275610038
802.7425023655488
826.4791647509546
863.9188710286415
888.9924449152014
936.2171001220302
1020.5607806199986
997.9256735765283
1007.7096059107047
1033.5194616306242
1037.1379476474954
1050.069355039748
1087.295413930867
1081.3009564240729
1073.4396942934618
1070.3866266089253
1071.1053081930283
461.9449171960174
494.9766547184629
533.0038043823758
596.1754504762395
701.1781261731334
673.1425194033317
706.0080221260207
770.3935274668246
760.5214677395475
787.6614260176211
848.2009152969308
850.5700744166878
889.4704526512786
961.5935620713435
953.7644184934677
975.1974151780045
1032.2893373411553
1018.8370748340938
1042.2198106251583
1126.903713377047
1083.4768846797876
1069.9682390033174
1068.5487795154938
1073.1291175360577
403.97200245185894
440.5244678758073
476.22239796223516
521.8798191816537
574.816627541573
601.6791958232997
637.4696397207699
677.9703008027275
701.4665813890839
733.1067508065017
772.4624235599233
799.8674971939209
836.2239100745169
878.9088687259627
902.7424264256582
930.2984558978834
964.3906094645754
982.7422811069987
1008.3406565785526
1045.17865317032
1052.716261107179
1058.101490948106
1066.457989720814
1082.8798451636337
327.0742788730362
322.6656326335496
318.60360929762624
321.8810627333632
346.53687886815277
382.4074965396738
418.01410180357675
460.0419229847555
508.37084650819685
538.519274299111
577.3048684212984
620.3539849252006
648.9385741762682
684.949819484101
727.0997731662751
757.4696348514883
794.8868651720586
837.2675830936233
865.4484188102701
897.9435974935421
935.4778850974992
958.8936991467713
989.1944185298545
1027.1045001734458
1042.5324100394284
1056.3165461004087
1075.192409721115
1108.3672089367763
1154.787929513909
1197.6758060080138
1223.7142657992385
1239.3087773933682
332.70939243434043
326.7441504011682
318.19832764437234
307.7569630747095
310.74846927335045
331.0150940555706
363.4795296573369
406.1333562682004
474.7610014074705
480.471739002359
521.3859202091357
585.6281916755078
600.0391036020217
640.1851643789963
702.7761547103665
720.6916482938711
760.7854670029193
821.8891659967137
838.2212353316194
875.2331218238918
934.6669200535343
946.0250887433846
981.1084571852067
1047.134686281838
1046.1874392368525
1063.4906890301297
1093.530263394304
1134.7989837565874
1180.021094285338
1220.2353232733997
1242.1831600388302
1256.2126624778919
345.08262314476923
338.0783883966744
326.3951470871988
302.8156903198063
291.6068194417228
295.01035349143797
310.85624789480545
339.53240602708837
378.1466118948973
408.10191921299634
449.44298408729827
499.12074291840304
536.2977011901338
580.4163348597776
631.4674290035518
670.9380507263218
715.3133145995555
764.3604495453409
801.9978905171249
843.8157191143658
890.1098066520799
924.1263022310804
963.8523715963732
1009.6799015917351
1039.3295408378879
1072.5779040132986
1114.2575992181432
1157.801598305525
1203.6632851810955
1247.1863267095964
1268.797103191636
1282.5912215054118
367.63379578376527
364.84346467668064
355.24884223320015
305.3667641439317
279.0324078873865
272.6556888197141
265.44849272428104
282.0447919882051
314.02628181846796
342.32087488466817
382.7766637470586
434.1619310108176
475.49266865836495
523.4689036201929
579.6109572255898
625.1748494963983
674.9021285855019
729.5582148401998
773.5202568635187
820.8830134927626
872.1798632246017
912.8813415499228
957.445317166664
1006.1028670950627
1042.5086215035315
1085.5838240758867
1139.9537259502042
1183.6276877780858
1234.8169979890765
1296.4346942040695
1313.523509135581
1322.0452565398393
391.2279728317909
403.7212929929661
436.5186371842019
313.2278115997922
270.3101644429479
270.9238674914036
222.06625645279723
226.12332243831133
269.508465917638
280.6420317445235
321.34377971249916
389.6605123515642
420.43245997880166
472.0907546705243
549.34478065332
586.7814390466594
642.1025575324115
719.1395108922999
754.2328447093684
807.0498038695799
879.4777161835896
910.3823334190497
958.1350667707045
1025.6192216033478
1051.3447848155377
1100.7215525080812
1184.3240725960447
1211.5314064158304
1270.9832468823065
1392.6665238460578
1371.3419259991344
1365.715981235879
379.3850352549883
372.92022509580806
356.51010213178864
291.92662428032276
241.93843742106048
203.91394903487378
161.6986204227643
152.21460522949175
175.21781985208887
206.62532314787856
250.04317138109357
306.89071698117374
357.30113287724845
415.59124144375323
484.1626893718786
541.5622099694988
605.5951724970137
675.1232889938215
730.677671326712
789.4006959631242
851.793659154991
900.2337814075506
950.9048927731282
1004.4749490394413
1048.0107900941332
1099.2410700125813
1162.2987706036588
1216.145844905841
1278.9627714184844
1349.7969961755537
1371.4373383755633
1382.3921228448553
385.1486448637044
376.7484600826676
357.8136537632865
289.100783656795
230.71177457860364
179.74344208037314
119.98954991340831
82.14305683678354
94.01033202335351
137.78475755506622
193.11249516723078
254.37925701678603
306.4576923073873
374.6833415585193
448.5898832332284
511.6024997522997
582.9351392266001
658.5210391484707
718.504966437
781.3109645723474
845.913411846323
896.9411996366223
949.6178724180638
1004.1103133570343
1049.6937010937227
1102.9790489422471
1169.6682570157056
1231.884403556258
1303.068842593323
1379.6752828882863
1403.9493838827304
1416.1462434005646
418.2934090023172
423.43396124586457
443.4063013538281
318.4207907066083
250.89396828346753
211.51617400463098
117.57956324429809
52.319183422572216
25.77807408925895
92.82574241499327
161.5388904139113
241.47717999230431
287.3158810160671
356.816331740597
447.3855456291433
502.20026659321906
575.014967593731
666.9278585154158
717.2777346414566
780.3400331924101
858.4019755480992
899.8586860558355
953.4838782559
1021.4564640016868
1057.5185427123579
1114.7122629015896
1206.691241013974
1259.4860512654307
1343.9140513376767
1472.2689813523136
1464.2648476877612
1464.1427470849549
442.58409210785686
434.7767519422451
416.5485450709463
348.3068855213844
287.58282821260076
235.33765610009166
164.68679511522998
116.14303275929554
96.71412047640791
121.06915029109791
173.46513741833522
233.63079755310417
287.3239684911249
357.67776842053956
432.41333815549046
497.5373892170604
572.0249198026543
649.8898677146498
712.514733308076
777.4526772367611
842.950417633243
896.168354307238
952.1783211677129
1008.9820349389638
1058.4056630075827
1118.3955293325166
1194.2690549831582
1271.3688304405196
1361.9966958758089
1461.539089485368
1483.0072208833628
1490.6332693561853
481.73514652425087
474.9548995071865
458.9014201365065
399.2136108738965
347.2517881131016
316.2639614273553
232.71676418005967
188.4739963282668
173.98588937054382
178.7376167937749
213.0385647895296
265.60834523501154
317.3873568407757
378.8302878784209
447.4480265477126
510.9722633401395
580.6048228158238
653.9873316708025
715.6796751543648
779.0271864813277
842.8423613876797
897.4869770540004
954.0711076089422
1011.7378501206313
1065.0822711513702
1128.4579879784205
1206.8381045440524
1288.4634456481842
1387.5856744069051
1524.179921301207
1516.8328220001877
1514.111528812098
523.9266003822073
528.0860748555659
540.7878372661912
449.74885201390316
395.85511615965765
365.33102865087176
291.52868022447603
255.7273068353649
252.53948759584753
241.941987616808
267.2592580205724
323.71214212947
360.51951896814006
415.1858783281628
489.02174705973516
536.9517665146337
599.3082754535792
677.0923474138451
726.4186398813954
786.2201243618277
857.8626351947258
903.4562134653925
960.0622996482518
1028.510945466681
1075.0362704434551
1142.2764281726634
1235.4889207116837
1300.8373975636457
1390.5571036179063
1508.1887116866433
1507.4835199353934
1507.8842884604812
541.2824380798146
537.2746449264349
525.6879184024892
474.1213517353152
426.41337989176856
384.2757497777663
337.29654541018544
307.79517560926257
296.27691087694086
295.0803114083499
317.10252520102955
358.305287779509
399.7126478662843
450.7555852094277
508.3379247480526
559.5993249207186
616.6730511548168
679.1135838260179
732.7135808855509
789.809894101779
849.7608376768271
902.1272951501786
958.7899400690311
1018.3388710576439
1075.7292413932385
1143.1184003796943
1221.5906115417995
1296.4547399270787
1374.4558285407702
1448.1383855296342
1470.555937918655
1481.6020210398888
562.0357963857376
559.6046909926475
550.7180970318292
503.82355200962576
460.6571920466663
423.9389003955937
381.9252437883903
356.817659800902
348.5764812001581
349.0618559825044
370.1149777950637
406.27259016055433
444.6108028605786
490.0167509711862
540.3376873529426
587.5212370480172
638.968655684385
694.2953810261972
744.31939304451
797.1990477046432
853.0625357468919
903.8932766142132
959.1266444514616
1018.5569430640398
1076.216477875854
1144.061935413646
1222.9402363199258
1295.7596333666384
1368.6507872319507
1432.7295361637866
1452.8335535136448
1463.7915231536713
587.6297778141811
597.4354057741687
618.5190334638779
538.036608185166
496.74073412415095
477.69373379660533
424.7186704377151
404.0262251445872
409.11127551498174
403.199384926946
423.4393289518773
463.74974055355864
491.29057875035085
531.5040474139447
582.5174963761784
618.855192539508
664.9223067801256
720.4941778405372
760.3602966971174
808.6093500693158
866.9232896573201
908.7292441876393
961.4111014458598
1027.4600671401035
1075.4853889229303
1142.585123957663
1234.5586086402136
1296.903496929184
1369.731173038234
1449.9313802539452
1451.4439128607573
1455.1438141791862
589.1774420599711
590.5992707324872
586.706465373814
539.8420613659787
503.74022539839706
476.1155696635316
448.1082194150429
438.2586122259344
441.8442771985121
447.94844331266927
468.57971101695887
499.5745237567242
529.968431000921
566.1377455905226
605.8843446674726
643.5401055234071
685.5348777435179
730.3897926800996
771.8340408328571
816.5459527907971
864.0938521863993
908.2484074089966
957.2492771606301
1012.365562513607
1062.1882675064955
1119.0735689454189
1193.2937142422463
1270.7836993742521
1346.5126154970455
1410.6072714572342
1428.6954791662909
1437.8764156672976
585.6932201827192
582.5023150947941
571.5299229579022
537.6058729318669
506.6125570606954
483.73678802036085
471.5921762230815
472.5316764369291
484.0776821517741
492.71717661903244
513.1911999525536
541.6797923216977
568.525030478182
600.5441111669933
635.5613986385284
669.8009761870194
707.5727634465758
748.5853911666544
787.0719700219487
827.6518997672284
871.3266090999377
911.4946975853208
956.4316209817655
1007.3455326362156
1048.8559390385262
1093.1812667317276
1149.4702612508117
1226.1190080386907
1312.9771790815432
1379.8861272171673
1408.6431032876706
1422.8211547640253
505.30754553484246
495.9937775397839
495.2051871290453
507.4369012754212
534.4351927009744
536.3542534343321
556.7403323432758
589.1470237931325
606.8431033581948
634.7126696482958
670.9811388825
696.6994720394905
731.5097673372059
774.3721086122837
804.7948892543791
842.2971014357976
887.2519657015148
917.6428226328538
959.0788130361564
1012.8293414029157
1038.8533178010453
1069.9240180575707
1107.2923973963925
1160.9262008054754
509.768602364857
507.6636497137778
512.454623611199
526.8310491792013
548.2986347866628
566.0294536476056
590.8983642549576
617.4408631344663
638.4706700855073
663.2552938100245
692.3707453815715
719.9775599288222
752.547902467939
788.8195518376538
820.8236558580564
853.9193424905044
888.8832216540941
917.8794528071396
951.9820524554984
991.7914849859418
1021.4509390488199
1049.0671426004285
1075.2822033938166
1108.7377939998273
514.8199919188766
517.0785470090859
525.2532282799893
543.1455921128138
569.1920485085207
597.7038970569178
625.6620931886296
651.9088819497259
669.9448097087538
692.3108751287293
721.1583225948986
745.8579185422494
777.1936181899097
812.6670323052055
839.8020340702866
868.087298269831
897.9722136824048
918.7760980867456
943.7409334509607
977.3051373384947
1008.0500712487626
1034.7553460705155
1056.6242574348994
1078.4310961192816
520.4152341235886
525.8936349030976
539.0449172083327
563.7603389045715
599.9893291790976
632.122418115705
658.7446557923593
690.3304899356882
699.1183162038526
720.3609710012795
756.4844868435604
773.1654882750847
802.7474787336387
842.7457051522083
858.1539064012969
881.9075272235947
911.8491914605779
920.0117870138779
935.4786094081836
961.4889756443841
994.0124158486993
1022.5331978182426
1044.1622950146996
1061.7693127654627
634.9079633729028
657.7127935285447
676.1786969279493
696.680358468265
711.4704854686659
731.5449138070078
759.2982885793274
782.9886862083924
811.1579617878498
841.7921586635192
861.4989633979134
881.5891469521288
901.6220354132769
912.0021560255102
923.027998340091
940.0984109747948
659.7057210888373
674.163243214907
687.1483886213091
702.597990935988
718.3164848643617
737.437301103473
762.106828799313
787.3959824013884
814.524663306727
841.2779055676721
861.5541066561391
879.2482589053091
895.0420359326973
905.1548101683971
913.3370951457977
923.6318947713442
672.4634656902061
682.1759198718421
692.778270915842
706.4916987608452
722.0095373239382
740.722136456757
764.2179954330701
789.4389985907764
815.743468168454
840.7597268719344
860.8343482329675
877.3872402885494
891.4554247437001
901.2502143637303
908.2752987052237
915.0024046441436
679.4013065622229
687.0129319080511
696.6814000733407
709.5129981264579
724.7010174635027
743.1578238393157
765.9227725819337
790.7348669904179
816.3227055793888
840.2596755409269
859.9743622443368
875.8082957616746
888.9244189541644
898.4238642343745
905.0540861490138
910.3091393833918
899.2848463020333
904.5545754302441
915.0501888435371
958.6357574999147
927.6889728407186
944.1762066793954
1010.1952038007466
1001.0180315226173
1031.3634059960857
1095.968057562821
1073.540934010632
1087.5507409660408
1140.1918565008987
1115.2578557929671
1110.8681553255656
1111.576879541085
895.5025549223786
900.1685651585681
908.1045409476678
967.2506633679748
922.3674199559424
939.1132858293967
1021.4342502104623
996.4482541259811
1027.0695194305233
1107.6069232917018
1069.6140929023832
1083.6569919877518
1150.1578847481671
1111.2353291722588
1108.9609628558935
1112.101901208894
890.7008136099585
894.8871679233558
897.701480208914
980.626897603649
914.7622620684959
931.8473732327901
1039.129662193167
989.0040741655579
1019.9937602063991
1125.4280927560164
1063.5072823057342
1077.6612250166934
1164.804200361016
1104.309928791694
1107.3009855783962
1115.5299502321757
880.0164426920177
886.3444622382991
917.7673264470725
1456.2026200667829
925.3361635782652
944.0475001587276
1554.293746739912
1014.3935826027696
1048.5485467882522
1634.6070344179761
1084.4611408847563
1096.446266440568
1626.6355943389822
1136.4106240261845
1115.7808731104028
1138.8374040740846
534.658504169385
556.5869979056204
600.4097824615276
735.761362633691
868.1804655561704
789.8824968698741
793.9085538187048
850.9531781679392
825.9199383833944
846.1695932257533
918.6917996849801
908.1433441900873
954.0115121444215
1069.2937141356254
1005.3624495714791
1012.1416335754016
1064.9525949441306
1037.496565254271
1054.1709127132526
1188.8516293950684
1146.7508320394156
1079.0155046978534
1057.5927155760269
1048.803896457092
513.1001619046098
532.276760931179
560.8155115891568
691.3814486466014
965.1190501883568
733.0657927312221
734.1338124689643
784.553640743902
773.7387575267418
796.0752632978658
854.9926772945274
860.0059728190348
931.5896743594307
1313.3735358231477
985.1954508408534
973.8286648172841
1017.6779316822747
1003.978592911303
1045.9464187673025
1333.4162096586213
1138.2031414044918
1059.2568082632722
1045.4759461325364
1040.269978702652
479.7741253283643
503.8089391088783
522.1640098159698
624.6710350577006
1117.6938384782627
679.3268271030496
701.1015065283777
962.1215502892171
746.0852526851173
770.7216133650761
999.9886965054593
830.5776476488729
870.8266594909175
1124.9851585576203
934.1030430907548
953.1387464058971
1206.3637272730684
1000.5481079697854
1032.4716818115971
1499.68869588981
1089.7352594156628
1035.3112505710387
1031.4543075780025
1031.1059697351686
406.5107941406001
443.33366869198954
459.3603265109076
507.0411251820028
580.9309171689986
580.640952715459
613.0146416156788
664.7586530402358
672.2822616191684
702.2003200840572
751.4181142568259
766.1091919495376
801.4938685693342
855.3255375674688
865.9769445624303
892.4996641223872
939.5238838220046
943.859981751509
969.9759195524308
1030.2308046062856
1014.8731711748031
1014.378103970408
1017.1497161188837
1029.4820743870528
321.36000017283203
314.076326046466
306.87121713079216
299.4357980630165
327.3590212184236
375.79606071230717
400.2932663927743
443.09468733492827
507.57318042641276
516.9157780592591
552.9990517739088
605.7271967918108
620.3721290932461
654.5593566785932
705.0344363039302
723.8648390114886
759.9911267657582
811.1365858660203
828.0905325649628
859.5867180738268
907.8794213641077
918.4775586178398
948.3503761538162
1003.8143237284452
1000.5975789760997
1009.0938803460731
1020.0181619787274
1057.8591574334996
1116.7598021848958
1166.347561732905
1181.8846258912367
1193.1716103003737
331.3410571823769
321.04979553571843
310.5664857646119
289.5277968526297
286.37040847060626
311.7333302255893
346.94158247559864
405.39972260975617
663.0779232961411
473.12827691230837
510.25549674895893
707.8868144214331
583.5444257919157
621.1840224745581
802.2518735258815
697.7402113567827
736.1809191092054
915.0779684384479
811.2319090028095
847.319089249901
1038.5195169626593
916.6796217188092
952.3787585761611
1201.7320924889375
1017.9350719673157
1015.6666703854534
1042.5091089800244
1090.7629444596748
1139.379772911781
1182.249916978607
1196.1281423766768
1208.3037657308191
355.41136492799876
336.3902572810521
317.4863890810267
288.52553733418006
275.872330858012
279.48818951886983
293.51490069156193
322.9036062015763
372.9155694378942
388.1603130237087
427.8460190102552
486.11623132288327
510.8779579632869
553.063437979233
612.6620020431243
640.0984509771203
682.616689619127
739.9243900488489
765.638364554842
805.7364603145247
860.8013441329434
882.751801375961
920.968586209078
977.7827286931655
993.2566577939156
1022.7546906859242
1064.244627983317
1104.9955603919182
1149.4125799786561
1195.4750775749524
1216.3039407128845
1236.4613210067732
470.2106716933841
439.7590008040438
389.5186948006836
296.82158241762977
268.61798315534224
276.7251094034695
252.30056692696456
267.2717383866728
308.56831469468716
324.3086678690788
363.01072028518547
422.060165535444
451.70396614103123
497.87617897620106
562.1253259351407
595.7016120136664
643.3721874863618
705.5619597872184
737.6683578245176
782.9880449908086
841.6378740012547
871.0509763094672
913.8110421673224
970.8560083828391
995.1194076332046
1036.6551354285311
1104.0444709702713
1131.8881222078146
1182.9933754671326
1280.0796914550601
1325.806162191323
1354.1129461205014
748.7369938894237
814.3796945119446
913.2174385399637
330.70176317172803
280.1827755781148
459.052944396592
223.98343508984914
224.55378136254436
386.5320861415143
274.6349280824804
313.4383877733957
495.376657044802
408.6929831642955
458.3190810973418
652.6731815896454
569.0932146193414
621.6103507503667
810.4036406735464
728.6752889473423
778.8929991338202
958.7406300992983
877.543202304094
923.1034733110022
1100.8209360208057
1013.3623355364506
1062.7668558628682
1308.624052452538
1175.4740309908243
1240.601942507032
1746.428566750415
1665.2132928885198
1611.8890257713995
477.86840586459334
441.5431444875087
387.13877238838916
283.91420489264164
233.48323511340453
210.64956942598548
153.15077090355052
142.14705544800648
171.99454866445677
193.42968659420606
235.10335299097238
298.7777055736374
338.113569742997
394.3092425767947
470.727476480159
515.6020576227536
576.9165650293874
653.3505275884629
696.3285359671461
752.356407607916
821.0087456717578
858.1879976244138
906.5110819444056
966.6247455202698
999.0257008710881
1048.5009842220575
1123.350314508658
1161.7820095852503
1224.1036259324158
1327.5656150957789
1376.6969143545373
1410.0541093289082
486.3450723763878
450.70495156949255
395.3955503211637
282.74495656513767
223.3870370717705
188.70655941280228
112.0165400173517
72.18254245032173
77.89072092181985
124.73537047051234
180.23944059333232
248.0297276136229
289.0922802057245
354.7020831237092
435.86996680243294
486.8109218972806
555.0974216758257
637.7203803313931
684.8228142502254
744.3588020245289
814.3198206103783
854.7729938010891
904.7259459215868
963.7851186443211
999.7333023140386
1050.8099330705782
1131.1522741564795
1177.2889169186408
1248.7063182058664
1362.5155983564118
1413.7645821041854
1448.2832842736946
765.8410382924369
832.663396367368
936.1811535205874
340.3327450868619
265.09326994650337
399.7467649088154
118.34184435063568
40.47676475905822
129.00120266844138
75.97279699564184
157.0767018834103
329.5750343142863
279.73051880724097
345.5923117312942
540.9543606048437
487.6144002352519
557.020216086538
752.8309854726126
692.5412620143904
751.3158591276642
916.6793321362949
865.2346891077777
914.8730690307909
1061.055360154503
1014.372251609214
1070.9617329215193
1321.4599774493677
1222.8754925658534
1314.2632255170156
1822.2904719968847
1750.5004145827363
1707.6814171196863
538.49822120524
504.39368957130966
449.7016452499133
338.01913748465495
279.47621891811775
256.53436756118634
155.04892321071156
104.14507219030142
79.56579583671358
109.63447528891591
162.03954995033038
228.43961814592632
270.42026157383674
338.55693061692807
420.2244158001537
473.24392260548507
544.4991677278279
629.214850935433
678.8788129241327
740.2703622802277
810.4425419628488
853.3940837650372
906.2779420434928
966.9463951407463
1006.5072238376346
1063.3998558506285
1151.4158316493942
1212.7381568258093
1308.226614236142
1474.8759493091754
1551.6075736728346
1596.5085389189371
546.4540503283704
518.364084865978
475.3863572017866
385.778293877085
351.3965709683425
472.5009595234038
228.79046997507973
176.35041347148965
167.54625707899692
167.7789758963485
200.64761289421932
256.94912343830913
300.4913640009394
359.0960758322267
432.5399173227581
485.80641616021063
552.534871589925
630.5783262150501
681.4909178987127
741.4846810905404
808.4261529464661
854.2055653067532
907.6628309647546
967.5686442949863
1012.0097414327688
1071.546219140784
1157.9123696118027
1228.5091282482445
1350.324438519608
1830.5039501105016
1787.112523294147
1758.8555618336989
705.0433749428122
734.7030735351651
781.0059752381494
445.57148335991286
389.892935949844
470.50674288608855
284.25431237983184
247.4706835181937
311.69046803269515
235.26065014985963
259.6884406043041
379.64024590297464
349.17263346557945
400.7785343904403
539.0206714710979
517.7711673063068
576.9235113467572
718.3457928957986
698.0999365639269
754.3463575049152
883.4507663122075
865.781934040125
918.817289151149
1042.6259747277504
1027.4498009769393
1092.1366741797988
1265.1171346291235
1245.8266515692865
1340.6977969467816
1659.3047471558848
1653.4107288424912
1648.6398004633181
581.6931692158422
558.7376280831112
523.8283297193689
448.6095305135592
401.8286098355614
372.76550372740394
317.642816190766
290.14904935134314
287.0463945872463
280.45549827942096
302.25079711431954
347.95798014690615
380.8547443814355
429.71689436765854
490.83709279247
533.2662364936278
587.6134619455385
653.5341857528263
698.1150895266753
752.3096806477821
815.0643799620174
858.8505539190351
912.2517560998882
974.0154309749972
1021.2230656464033
1084.5740319592346
1166.998976614219
1228.293749359962
1304.2919881335386
1397.652069036534
1436.3757833532309
1464.1260450666305
596.9483277398921
575.793282320006
544.4123315023867
476.4280146202101
433.8346675836378
408.60187959745235
360.50649206624547
337.7726025346267
337.1821254560103
333.14827768514897
353.86583141491184
393.20274462684944
424.97298569743066
467.958258467461
520.2256248465256
560.4383763325234
609.3757515059323
666.7445950753347
709.5877932482538
759.8158291837807
817.3074699225193
860.8373593196416
912.9477772554978
973.8009044499437
1021.9099493000441
1085.050573158267
1165.985330986258
1226.6339628638584
1296.8909811411954
1373.6895833640665
1401.50455498813
1422.10629808001
791.8525154008362
822.8644987808872
866.2004529120372
529.8834256211273
483.85417185152136
553.974785637168
411.38614301334377
391.20337285706734
451.2728686537124
391.8399823322094
411.0367896083378
493.5734275749389
475.39318123152424
512.9520814293463
601.8474117033663
595.6336025209704
639.291625033141
731.8079751404863
729.9343809976641
775.8148263030452
869.9924345984881
870.8494515112155
921.1143995135455
1026.502201820029
1028.3125383449249
1091.7912268100156
1239.0771144405646
1239.6949293677728
1312.8285481682165
1526.9372088457594
1509.592545705191
1498.8368503732509
799.2705208920902
802.9398218922128
790.8480753990639
557.0494335324006
505.6713104336935
500.09979868581917
428.59535868039205
419.3367688411189
430.8000276815181
430.382764907802
450.3486824282325
484.57991095973665
508.416256135288
542.5032984238126
584.0253894028795
615.4077958611517
655.2497468357018
701.8162181361588
737.0804503403027
779.7435033918016
829.3381926028829
866.3869460767485
912.9402993689957
971.5385393052918
1011.5446287757059
1063.8501659844678
1166.6811421408388
1237.9140734041184
1321.8945783029972
1479.009216935586
1490.9239601829718
1493.1454608791253
781.7861099617941
768.9917479894
733.5063527502051
562.9333655453953
507.3016187757905
475.53335739596594
451.8440755612246
454.858490346243
474.7200201693032
475.26985459623137
494.180096239707
525.198083250059
546.0631235094875
575.9308252117722
612.0465128737402
641.0139409894678
676.7207165567437
718.8831180372131
752.2966549506289
791.1580651263682
836.7694567655068
870.6988872070482
914.0438850298733
969.9916526865069
1001.1276191544885
1039.391587669437
1088.5869423675879
1184.8508924475982
1300.2499080221066
1436.1022993636086
1464.4216708718654
1476.667905991418
496.85882483930413
480.37791718138664
477.28686421104373
498.3606758898709
570.8034414475101
526.1117099707287
541.9164422594862
600.6237673675566
587.522862204239
612.7050054626293
670.2190384082212
670.4794715030656
703.2800997943642
766.3896974923758
773.2829619482976
809.7841479170451
876.9619251143567
882.5148592238846
925.2537409321716
1007.0503782908974
1000.6724077875668
1020.2834609860861
1038.4959564670908
1095.099034003671
494.20496434890305
490.61697211336497
493.1356675429575
509.16476511591696
538.8009114681728
546.9937147175494
570.3551830996645
599.7276909636755
614.1641566897066
636.8018522536743
667.5367330847065
689.489188674686
720.3325231531866
758.5851151294081
785.6286958877859
817.7182854612342
855.9126958163223
879.0002145533068
912.4990386013411
958.3700237516548
978.5806416672467
1001.3816515235638
1011.0137370850817
1034.1712345713622
495.0591758107198
495.07850832065594
499.1568794195793
517.9634439326653
551.0658346778444
580.6732406399457
605.7004472631929
635.9878158097682
645.4798413639938
665.4677786300889
698.955648441263
715.5898541567343
745.3484147722671
785.9200636780638
805.2223549059734
832.6356580772743
867.6197489368138
880.7705309317264
903.8829557878975
947.9544707961062
974.0164147897821
995.5474607256165
1003.7105342258005
1015.3593431190938
497.7619048950061
500.39517102827347
509.4154198736143
540.7136317507998
592.0736057867273
628.0335360517571
644.4405734694755
695.9800627949688
680.5269193596895
698.8817658113243
752.7515192207704
750.2573955769719
778.1262103249263
829.2708287950846
828.9580952883607
852.4576981877716
891.3234702634322
888.0142173054008
896.608390469736
930.1724411726403
965.3785377405712
989.3161133476502
998.7833522100191
1007.2798880109439
631.1241697848673
648.0360772173078
654.0370366675702
678.3758261333885
685.4467188750394
703.3976287188027
735.9109946426832
752.1597917869799
778.8191687403298
814.0169004200579
826.4079888926016
845.954364974769
870.4557233138987
875.0652556488823
880.2384361776249
898.2178240975181
651.4368354703578
658.5205313259435
662.0396122579358
676.7809396132053
689.9873037273502
707.292346779723
731.3732712194331
754.2092835341501
779.9111704989222
806.877928167526
824.9843432740519
842.1161213766517
858.474142950814
867.1517580654242
870.5998451288785
878.0377200605647
656.2505418494858
660.8145570421539
664.3679471192162
677.6852803698093
691.0752658865014
708.0668359424942
731.3358137654614
754.9378548668902
780.6966676446475
806.9239085008672
825.358310764564
841.896130952318
857.1439783492546
865.734009014129
868.7312713531376
873.297241771574
658.864646089346
662.4157315091861
666.3221490670725
678.606684920076
692.0012566067106
708.7748351286599
731.4766016851725
755.5158226040455
781.3147722676698
806.955346088067
825.562677616772
841.6279724256646
856.0024891917664
864.4616017282281
867.5166406996248
870.8606475344361
