49.42552038463689
50.027715702554666
50.70697860697684
51.28599118373659
51.222161077229806
50.044452268329074
48.50155701356712
47.424891239917784
47.402355608981104
48.676918282779994
50.761414681989415
53.20449665387561
55.480794121265326
56.67441504402864
57.00339892753136
56.95642894948221
48.88365433895617
49.705476840819074
50.59500168993529
51.50068846130235
51.69298373994555
50.22046544664192
48.368427764376605
47.12233692969716
47.063537350333945
48.416908347598806
50.67945874933366
53.44552933221914
56.137343543342205
57.17455187561919
57.216974961877476
56.919223533854144
47.82497743271458
49.064919131250576
50.303151725597914
51.77010499247742
52.56564210281599
50.45019389629272
48.10724348136021
46.64442991983582
46.55024026630843
47.993387915829686
50.48332564420458
53.756396820415866
57.271329914373
57.82558852632523
57.35132137458296
56.565992844581814
45.74105068925054
47.53077262900572
49.379665799638865
52.06812690509674
54.97377300524702
50.6969644528959
47.41169245637656
45.70751916157334
45.605677594657905
47.11493765989523
49.884379239378084
54.15240747909591
60.14560836969069
58.68156532130077
56.94822157798971
55.37426529516984
39.125984106490215
39.6300261257555
40.344910105830856
41.379124750974356
43.06093116451296
44.98217861734115
47.22780698080702
51.44495088896769
61.82358723146283
50.15049657220704
45.830119784596
44.20495956282234
44.232744892795886
45.68008799734631
48.45545449438755
53.8659921666333
67.69564674337062
58.502265312368934
55.03693925773935
53.43151712336236
53.410926406724535
54.3732327542959
55.05172446459029
55.41693223578142
38.636948576867354
39.19798066899044
39.859378775170505
40.65758565608006
41.25669807369674
41.929727131470486
43.193735784463286
44.90840641370582
46.82698553053434
44.426949512645194
42.797369650526534
42.283802179974394
42.702725768160995
43.81869255269834
45.650116593940304
48.462520331648236
52.295783540750364
51.600087880754366
50.92200132286848
51.52237221981844
53.47406538627035
54.864034261870636
55.477702346675215
55.90183099014171
37.89326785480143
38.59723729113721
39.41513778711247
40.40006561896092
40.89419563473099
39.96318586745894
39.86437626245748
40.28344097304591
40.71309898756387
40.33347840559038
40.21983952732593
40.68132975987359
41.60304635881623
42.281504492976474
43.21803370003111
44.650500406698875
46.38571134557806
47.356092564009735
48.56774006896388
51.10299403816348
54.42516723381894
55.74555752901475
56.26334599919205
56.63274069562125
36.57678132527456
37.5301512544892
38.668955218517596
40.417932498340875
42.07803552181392
38.96023791672575
37.35357325000224
37.04724663268529
37.166591639176794
37.43939264482757
38.14917025031097
39.54424266404417
41.570790201724094
41.22857323832216
41.35377197056757
42.08429134620427
43.38000881361414
44.90109505399373
47.42201505930012
51.47857315309933
57.2286020197921
57.466453371648846
57.23690453943168
57.38356080051103
35.6562746986079
35.58294797697168
35.39449396740805
35.12392642555834
35.1703120946239
35.72839621679882
37.0751595762846
39.99789198821965
47.18804670414091
37.989599089529584
35.08943842647775
34.33941990337693
34.415730158898654
34.93962078816796
36.07420157598867
38.471521705930414
44.098293421478424
40.324920474431465
39.598245406843745
40.101355634321
41.365320022670055
43.34645211662898
46.42366182956696
51.88991302644448
64.67763582604191
58.80270539962421
57.306514541767974
57.73643341649967
60.56552504129493
63.097579287073046
64.4856950609605
65.24670462269162
35.74279451554094
35.74719767791505
35.649924530538115
35.242707171078294
34.517212110442756
33.68065827639626
33.80067075634398
34.67922734001542
35.71729454872858
33.45921893112643
32.09181771156482
31.710134647982986
31.90780804067489
32.3761262282274
33.31536795822072
34.85270081682384
36.94794516476991
36.9183511636252
37.28154491693289
38.286958509542366
39.94720609613606
41.99535626836316
44.70715695487355
48.53041357929173
53.33800384194862
54.24327972725414
55.27016960413556
58.25623399466178
61.913256404505844
64.36249384785395
65.46668401604538
66.06147987515253
35.80082067395239
35.91881899270122
36.00438759438289
35.853154780215895
34.93381828645175
32.661972819293894
31.214936871464992
30.648568326412438
30.42311206384775
29.650921923495503
29.207444195519027
29.257632154741614
29.644547954766466
29.825499312943982
30.35653037215309
31.29894349163647
32.64124911257248
33.717136375290515
34.978985246137164
36.832171003531435
39.150249289590285
41.07726205784007
43.40243721225447
46.22010349556299
49.26810664378439
51.749022042805706
54.93310164698964
59.15342702849728
63.80511649730192
66.02045026255578
66.82221488300596
67.2000926620023
35.60811851500148
35.965113478690505
36.430746660849195
37.09665376079646
37.23612481488453
32.409200158495025
29.34348583061029
27.758396879619774
26.983029274816133
26.542174648730427
26.517416966217652
27.10263223200764
28.236377945376056
27.51961515047672
27.397963634299654
27.918208591629245
29.13604429723182
30.848778604639733
33.02914061506957
36.0213803048862
39.41749910715731
40.747424308580726
42.50575033175558
44.862478590184494
47.708474855518546
50.94731396454064
55.081201069413474
60.68439110582091
67.85997566710485
68.7723579779927
68.70521987990934
68.5242893086948
34.68476741218909
35.20081808244183
36.12510862558813
38.432692020433045
44.410297492566635
32.43881808118326
27.615152402338463
25.31885297651966
24.198449245754727
23.699112007236614
23.837193417007978
25.127989691869598
29.208189678616584
25.289057125863984
24.334554093698188
24.617890507705365
25.98756321602451
28.267428411405206
31.329831919079936
35.48879393022783
42.26329599065071
40.780398812224824
41.88593794013219
44.22025521210465
47.05115181277761
50.513992632217246
55.09889498109739
62.37663876351019
77.43108809650329
71.7826739698435
69.96695337344589
69.10932728454648
32.80658250034421
33.018475495711854
33.29271553507349
33.619558089572905
33.35702261135261
28.660997622416247
25.259886610624374
23.10856749465249
21.733870600149693
20.926479315280748
20.610089480769776
20.935223975089933
21.663474826155134
20.760597642496695
20.63005102503342
21.339510260002086
23.288150464967195
25.982593631307168
29.33492954840494
33.12476197207483
37.093528791820845
38.93921903199249
41.11889817231892
43.74902521975122
46.77616041785119
50.0205907699015
54.02796758862918
59.42857167729548
66.21404263136736
67.32010741246008
67.43223924382617
67.40783864546385
30.659499575369622
30.529859222347323
30.298459502855245
29.68775096872101
28.28307758819032
25.519082884819635
23.168363077525797
21.45456655537564
19.995412704200945
18.500976458491017
17.509617803293484
16.990815459133167
16.674641136769957
16.36428771921791
16.96995281237032
18.609714565476896
21.536096432938624
24.503779064125677
27.66248880647833
31.1701897387863
34.721949169641285
37.66501365107401
40.65709010665176
43.851992331427624
47.08888751476587
49.96978697847356
53.21634317658772
57.248327634152524
61.62359400385295
63.876398378114956
64.85130436115958
65.41747855519853
29.209776933304667
28.867782041087505
28.33192550068527
27.289991983386507
25.67345392780891
23.69721391466197
22.01917198998645
20.750305837168042
19.76083491677797
17.020856219746147
14.995820394610154
13.686756478509484
12.867682369809984
12.539443902377755
13.869765773546638
17.048616143474746
21.414721688689376
23.86457691628472
26.552407819935524
29.954194824116257
33.55952096600101
37.12460935463095
40.68528861971833
44.44567992259288
48.46753309793415
50.59578412792658
53.07167252047312
56.43733235633139
59.9009101065334
62.288293593578665
63.5753398615713
64.4212783870461
28.747921559166553
28.354453163894227
27.75681193695639
26.645420181711067
24.97783555247361
23.031559098285722
21.582234816969784
20.95801248588624
22.338616876803087
16.5889158560123
13.278048665830221
11.32391741768953
10.10868206894946
10.017503684281298
11.990627702470972
16.593497654870976
24.200770808139634
23.98642862907774
26.081990911775193
29.544468857102057
33.30866437273354
37.06583622099158
40.95858009870621
45.54520661660016
52.598528260716996
52.14804015610958
53.98074237993046
57.19598964583802
60.45374675279092
62.81379029620182
64.12867451109761
65.01137435413409
29.44983635600479
29.1341333589322
28.629102492426735
27.59430893134517
25.866127590268768
23.491851390005596
21.30500118993286
19.814873850676744
18.41357533132543
15.166752670773992
12.289690265587936
10.385899452748513
9.368924226958196
9.564373278250752
11.828933113340957
15.72221370940809
20.39542452777646
23.163674875027844
26.152659943551082
29.873969092680458
33.67018173955956
37.40564139737694
41.20208167283689
45.26138720046363
49.584120062009646
52.15305410246206
55.451190780514075
59.29826576247871
62.9966605719911
65.35709782107173
66.53279715858329
67.27644518397818
30.99617032580254
30.85869968030833
30.594839517744408
29.89804545954756
28.32295896360756
25.138414287971496
22.07072716887358
19.499525720035997
17.299044720775054
14.811319552150321
12.534387175052814
11.206461874102484
10.991807906148987
11.705699055131578
13.519518668207237
16.246369415285162
19.792995499144983
23.192867289981816
26.977190299805414
30.829695408061415
34.65135628340267
38.038793505401564
41.57079314261394
45.31260824401854
49.2102320602396
53.02970989491414
57.34229211519478
62.20917339864516
66.81286260739016
68.91635257343077
69.73907688410534
70.18551898072046
32.834787657883574
32.980719320847896
33.165407162116445
33.36136953808767
32.90243239605351
27.75420741759332
23.507053253932437
20.27812799754433
17.67411091438725
15.545068120078673
14.06300719086763
13.732396895076311
14.701189038658
15.002012631664504
15.933568080753446
17.741644708010572
20.834492399601228
24.49501535402424
28.486752990002888
32.72379174654754
37.00356164425206
39.57450807963644
42.50009679787004
46.05428102180373
49.96185474361473
54.339018122128984
59.58463549016033
65.8933473398445
72.55101134686409
73.40284958015383
73.42180437592795
73.3274100351138
34.4654184849016
34.92961747179505
35.7371017786706
37.76917635275445
42.77791001514184
31.312366210956984
25.4241833127693
21.77167174927794
19.25238480616689
17.496394902989284
16.565967976674784
17.27892724207745
20.89841254206784
18.903703379081183
19.032602008737094
20.338461449787687
23.147989200111148
26.617357604297474
30.463766873224742
34.99571968290717
41.41606568309763
41.7025238467146
44.03526134508417
47.58101908470317
51.59592765353859
56.192845856870555
62.04587210678744
70.15331614469349
82.72724112421386
78.40097276363609
76.78446850266941
75.93971327803601
35.27494046158183
35.63671553637773
36.10517602189024
36.71435727896256
36.55805714087151
30.80016963121312
26.45737067476994
23.665653856774465
21.76550143104783
20.234086166520562
19.302591210834507
19.74381829863831
21.197003174774625
21.394339538615874
21.99867286478831
23.434896233518096
25.966752102427655
28.997065877827186
32.417649030322785
36.172531701819764
40.09322613731847
42.48647035146085
45.62058554981561
49.44297198906324
53.583068377999766
57.956242124441864
63.12234425344077
69.63623342404689
76.66594582874976
77.21880745112556
76.94130123784527
76.59306872475443
35.51937199415895
35.67723823473291
35.78044062140511
35.49693224243564
34.01519148773665
30.34690475808323
27.96359808766587
26.62367555130844
25.45522368399782
23.823223256355174
22.812395357675953
22.85719288198143
23.501693966189762
24.215741940887778
25.195350873381088
26.957040840285632
29.210416320932303
31.666359143599653
34.45302640138047
37.703233464049404
41.07141826252866
44.21451520006304
47.7785094970164
52.104824839517946
56.71023091118773
60.09324880938949
63.868966329066964
69.12403440475357
74.28481258771278
76.0374948290214
76.41243221044681
76.45377092074366
35.501879700475435
35.48845915669622
35.26325473026097
34.43404828282958
32.96410843927562
31.28223551826099
30.68954468799381
30.775380716245547
31.235589595000985
28.53068671761851
26.979931855183686
26.641399666697534
26.935394377982348
27.510279740319632
28.657125979969262
30.666540091208887
33.252369062563645
34.936988433190784
37.271983637745144
40.1726076580705
43.38099450401615
46.78214760704699
50.89446268864348
56.23315770393745
62.18759580029164
63.778469014602805
65.65076852751643
69.0833980598113
73.12096552881098
75.20447621836165
75.93139269888354
76.18599321241349
33.34910309584811
33.18978035087153
33.74824798005681
35.96870202594561
40.897125083622974
34.03894230685561
31.366804158395627
30.739885815588064
30.848958118680585
31.341176216435912
32.365736161418376
34.5651995381978
38.90142194111111
38.65535592693706
40.53692222240013
43.40782371728098
46.52191409173381
49.99570423456109
54.573405338709954
61.33012199959808
71.26600619941172
68.44761322336188
67.96149122775344
69.05861609206171
34.21299093926071
34.475617937393025
35.32812877524559
36.89787819219679
38.56106521432099
36.219586110315326
35.11926003487628
35.15186579379592
35.436177845200255
35.58268645197937
36.11343792123987
37.37265201592948
39.79200697218696
41.59835467085172
44.165388425680504
47.32886227241097
50.578654741950686
53.484414880284575
57.065109730936896
62.16763227017546
67.71553832157967
68.07844463886534
68.1814135730991
68.7419831179389
34.86967204798351
35.36888780317481
36.22314061321553
37.6260354035621
38.9460866035991
38.70452099364451
39.45452448337135
40.33697306920317
41.06818991714134
40.65745671185805
40.413453706463685
40.935733483014616
42.619787943619905
45.279935275444025
48.533484959305795
52.215796169820045
55.847599023555674
57.91034124155628
59.773685348094254
63.16352798802188
66.74457636849506
67.66122438207546
67.99843474946643
68.36606833387724
35.47613214074576
36.08399768508481
37.19040313946744
39.02219101152919
41.17586500112894
42.86795475590331
44.347845439028085
46.24641114547382
48.28327837919533
46.67812140029159
45.437753659832154
45.299058021774734
46.72063146414449
49.60050157505962
53.3835957766703
57.97865873277291
62.55207163574813
63.13432835616202
63.791642679488476
65.25378895380432
67.1200525192539
67.80930995498545
67.95994614664565
68.1939614045539
45.16337452105882
46.8871253045082
48.74573942895227
51.89272108248794
57.14264188597912
52.6146197815552
50.157621747697995
49.436601554924906
50.63917708684039
53.670593049215015
57.821424067868406
63.27062360248093
69.66388451172993
67.58654002530088
66.98068667254611
67.3691685402903
47.96530555767113
49.225939955493615
50.65882036050539
52.80551593626148
55.18639740624114
53.75404753547168
52.46496002715318
52.14006655962863
53.371435591629876
56.23175708461632
59.83171855793061
63.88971275098413
67.62063590571387
67.58014059285667
67.45151055329924
67.71474042537204
49.3281494267641
50.227706478089296
51.393352845702296
53.00346504036989
54.51111176663014
54.09122738804656
53.49777811952272
53.55900406968281
54.856211318760444
57.50373564801466
60.643983849338255
63.92057848694872
66.67602947501473
67.26076694231276
67.39844076535506
67.56536817813407
50.04178050261156
50.77501480731955
51.79292350671409
53.07963722590644
54.22855609135687
54.27945049530989
54.12930094866128
54.48252113281487
55.835686356052804
58.30905781923162
61.106771721546274
63.8707045079741
66.13090425273829
66.95551035089584
67.25584418111296
67.4347515540294
50.18194348714761
50.55300701367514
50.95612592066176
52.145695943125325
52.82893604058674
50.83846530606256
48.59628282727888
47.10339142582511
47.0158762839684
48.52481909601647
50.98382655106566
54.14046184062859
57.586448654409246
58.3799717981767
58.73037594884896
58.891420456058114
49.91154946086226
50.39020892452726
50.77172029769099
52.16312183398426
53.17570033527056
50.8496365816566
48.47368177875008
46.949526488185526
46.85926219599984
48.37217195126347
50.870984445118935
54.179336612754156
58.02247492954072
58.50297625942941
58.87846127286871
59.01042055235787
49.40989411258027
50.14736722791223
50.53440804378047
52.153921844365115
53.64793772539908
50.82617025456637
48.31031287130659
46.77477163065669
46.685115452019545
48.18678456417686
50.724478714871154
54.196650997158706
58.595997958746345
58.579841383389514
59.13222057432425
59.15663946403322
47.36300029373018
49.02395319584183
49.82795436900375
53.57597479916693
62.568229538768314
52.057037148132665
47.78578202918648
45.877540639583714
45.767138120673465
47.34367612362008
50.24124522732738
55.53049352099923
68.43061072348976
60.9067296777609
60.86500432301911
59.28992289666382
39.63227311893011
39.885068890505416
40.3058437662954
41.579203513385956
43.83667084193087
46.436602530818995
48.15424544236516
57.8947805359616
129.89432079947125
55.87866639784902
46.61297669227366
44.40366246238643
44.39635997669945
45.933509937137316
49.12170460631863
59.48283053204838
139.04968876830185
66.69755841849674
61.70566398870086
56.68725734822748
55.291804098103604
55.922987113575175
56.37550988494149
56.68832970038201
39.382644628838285
39.65485688727941
39.93824850797741
40.87953869360626
41.655648246697396
42.09905396235803
43.51033200841173
45.860615449237045
51.44992401111678
45.28710965256693
43.01997270962529
42.41174560178418
42.859149005096285
43.99611771530826
45.932787988255235
49.37163233967327
57.26107881957036
52.8893588035083
51.690988531706346
52.00774757855354
54.87154931395491
56.092341374342226
56.62427673608913
57.03694483850233
38.94221274457803
39.37857128053218
39.66539955597201
40.75806763624237
41.6664346914195
40.20144396333001
40.05312567585397
40.522183424314214
41.17299597015779
40.5489802256967
40.360476350552744
40.86380461726349
41.97652059609858
42.484739523735385
43.416676785932616
44.92350829948732
46.93776563880316
47.700881352251976
48.83216422679918
51.55025443269563
55.55473494653064
56.43382861906625
57.18522923307189
57.84346507294511
37.643044265349324
38.557198378914045
39.07777325943227
41.662545533321136
47.6035799567557
39.85011101048961
37.60282287072737
37.23946293774011
37.36328455261515
37.61795502281435
38.35422417506805
40.09645917485762
44.233807506840606
41.796748186629195
41.591167457443355
42.304068036110365
43.63272477468643
45.15530681020175
47.753535511543355
52.61209967703355
63.751881436355006
59.298016206143494
59.81022099671703
59.968540450014835
35.42850795382923
35.3951416642481
35.35102928493476
35.39682160787754
35.68887544140242
36.6785363589102
37.88055060751133
45.48965225298219
100.14329161152993
41.972224939262915
35.54914981144934
34.55781832492979
34.61527543998311
35.144551255511196
36.44070606891515
40.965501102910224
72.25085138658086
42.85241382967727
39.994963247915436
40.335869329141424
41.60443787036832
43.601118671328315
46.979095933821064
56.46969176020561
122.50428800240489
65.93495633205183
62.593173178446435
60.69641009025366
63.16941379907291
65.31753497120505
65.94908451261728
66.37848368512894
35.489999377366246
35.458620695752565
35.41629810023375
35.34732805127203
34.87620508635048
33.6143807584736
34.01037220833489
35.521040934776096
39.65990280704283
34.18049593875014
32.36425895148947
31.943746982721844
32.14471653202544
32.60444560306531
33.57738921807
35.4271002288094
39.4049788487545
37.498892541660396
37.55441401876938
38.53253884266557
40.20384395818286
42.24289511405049
45.00211125729339
49.38158791737404
57.827233465065795
55.4006408653278
55.95404365370294
59.28001990204972
63.862964637375
65.96586441027311
66.5230345953962
66.95322084225783
35.575676481021105
35.53846345250549
35.47614474351234
35.56403749686848
35.29494214184538
32.70649679737875
31.290478758323914
30.826782373754448
30.846597512101454
29.90675087568067
29.454787962752977
29.5422440376302
30.062908156013133
30.111895561408822
30.623001187247016
31.603168910932496
33.09707638431836
34.02097534576693
35.248398230678845
37.12940327881136
39.57911868716296
41.375799138460394
43.66816269970498
46.529628212847996
49.81907973917159
52.08459402074522
55.250441226196806
59.64566887882921
64.94763144001223
66.62262421226544
67.34681401076931
67.96582197307265
35.841692859826246
35.93294515620709
36.009009904107295
37.653876206655994
41.96576776956615
32.891306390313346
29.410026393610572
27.861611676848284
27.159424345685412
26.763194550870917
26.804126485284385
27.71249232942853
30.69372965434701
28.148047128617826
27.719361498905762
28.210275091356255
29.440944306732757
31.142908396338335
33.35103916703847
36.63810973584688
41.81613872696589
41.359200389286
42.80578457219135
45.13592105668192
47.99280226550423
51.22197648741543
55.44213811025195
61.855474677765685
74.3112668456289
70.60074677842326
71.29703367231306
71.68560458042992
35.47229343809291
35.80610832264969
36.24809221077299
43.825721347578046
96.00844598449156
35.76120939251269
27.650881656833633
25.367414044490086
24.33163658309966
23.915845933299014
24.270561400931584
27.603413459223784
55.23484543965481
27.816494931720804
24.851045698070585
24.965596962542488
26.328355881562224
28.607449905318443
31.81807345812991
37.93425866773527
66.99309343167359
43.17679703293346
42.3065128214485
44.505471727827974
47.32142077471878
50.796052897318205
55.731410637006874
67.19224903365046
134.23711978538688
79.83064944906342
77.90353052703594
76.54860440281615
32.695238073783166
32.71822513883169
32.710206701686
33.93081826865528
37.387854285524206
28.68126746727351
24.78246974181343
22.83996832075886
21.82120433448514
21.11555057983634
20.915563794925458
21.594524977056484
24.19331806277396
21.47934588252721
21.06249244088103
21.74746174790769
23.70134376480699
26.366426325686984
29.719369491729566
33.790535007461536
39.495799739348556
39.57887411395785
41.44543229585253
44.03512947581019
47.0559805044719
50.27757195121995
54.35592391462058
60.508235193356626
71.9892222696721
68.95469490062716
69.64055597751232
70.02853051365396
29.815635913931334
29.70163375923205
29.54777481734616
29.093775485158805
28.065250598373925
24.88046859499268
22.517608658855668
20.92208207566436
19.891596973232538
18.69085300285838
17.79062948389945
17.37027382193516
17.230830521237458
16.80878707599722
17.40826666224453
19.096775532390154
22.179015906827352
24.970677145802664
28.054739109619153
31.55951235817179
35.233138942949694
38.028292415012686
40.98219772816836
44.17607382348986
47.516953546099224
50.233123538831165
53.43293711197317
57.63936954606078
62.60652503517269
64.34090985122437
64.97295711321766
65.48883031289452
27.722684272189134
27.55411630541338
27.36339657751157
26.394575681735947
24.87802738241025
22.879441988628717
21.258727759195796
20.39126824326479
21.003098270845978
17.22166998812403
15.305543955586305
14.059008295356467
13.29196401001233
12.983763461300022
14.360766210662288
17.911005001177646
24.279977130473803
24.714402998955844
26.99038466938174
30.32582310930228
33.91855785593857
37.48206419702503
41.051561036916205
45.03436773981421
50.629209630508626
51.187266766691124
53.32662262050329
56.66822547245523
60.175360466333395
62.45279199947421
62.929492966755916
63.372384148237074
27.15955290385513
26.98249883766348
26.784452645794573
25.707503674667716
24.0540873817978
22.177308352919752
20.915247279438017
22.08053609441545
41.809825286535116
17.902046774538018
13.626632418632617
11.725270696469154
10.545197747830974
10.484971411378742
12.6507992663815
19.443990059290382
49.74648896688909
26.806640756774517
26.67611143639289
29.93891451070752
33.67907862618799
37.44200779448373
41.44239325753431
47.59396951146544
72.97904701259438
54.55293819644139
54.39536791440023
57.42584743313862
60.65418522654923
62.92882879858127
63.369435046998774
63.78268434735074
28.051268528318165
27.880943755181157
27.675131868831027
26.68378974667121
24.989563346762825
22.538618449771807
20.49871688521563
19.326009008533735
19.457205500123603
14.90197035404811
12.256134844799938
10.785329058963052
9.837080401366697
10.045265086122232
12.369182884563056
16.616785316646894
23.221660040303572
24.027842705535
26.613243888192844
30.27759173215926
34.052820367365
37.775399819827584
41.581360376365765
45.85817825874873
51.737801754990016
52.65179049384154
55.69257187519931
59.55241356573938
63.29811804173636
65.53948064187063
66.04144673875909
66.48310626982511
29.972893545015257
29.85080877153217
29.696210965845893
29.116897800184212
27.859553641370535
24.308907164038487
21.165921846175646
18.726121597315945
16.73546840119832
14.235122044033165
12.29966133143009
11.592327648482714
11.628696631355018
12.250694111347727
14.044537448820694
16.78689601704514
20.449176631274593
23.678366594009812
27.409700715804536
31.264788949829867
35.179734913433656
38.43796811619087
41.926310118196504
45.650281467697496
49.618392201803246
53.29932038773347
57.5767440626122
62.53709461091793
67.58283636949369
69.23383918012165
69.80242936639412
70.2770088872842
32.443377853205575
32.45755070099096
32.45159521411354
33.42043683262616
36.237246406428916
27.54963393224118
22.699864584223683
19.43269159129045
16.97288299875779
14.9773732007195
13.724853006843407
14.272153023488501
16.88179899816263
15.798549317718257
16.467980301839297
18.222539498299515
21.30080824649465
24.947992080901656
28.951853128378264
33.40592992487795
39.00738002089466
40.220908816116626
42.87070916164133
46.37406175656245
50.25262872463609
54.58816792358062
59.89704033296458
66.94649325783445
77.22948244434595
74.71621260973383
75.25234354583405
75.55057065888084
34.97042703935647
35.28471988324648
35.69725186710074
42.36929683950048
80.42104114005231
34.352464652283174
24.930018231422835
20.983444265064698
18.519864475700068
16.958404885639975
16.37519894638953
19.115828359795874
38.501395055764796
21.080531001051888
19.710608232468868
20.869408849250235
23.650708013883122
27.10766739644872
31.054369523904132
37.0146825831648
57.907194448434446
43.69560345213678
44.461751904919815
47.89505353074283
51.8769603201453
56.47770535528657
62.75907396121359
74.64151479328315
117.72104807514687
84.44138307663256
83.058756521018
82.05665153547399
35.49661891778933
35.58410765193176
35.637558528511505
37.31877315069401
41.27227726898292
30.912958962274384
25.760446600375648
22.9340981283768
21.076151429677413
19.672827744265362
19.091167629646584
20.185113884182975
23.330758487211085
22.24052176897639
22.61305700009929
24.03819912205888
26.545482695885518
29.5107888358611
32.91851855000503
36.87055028668132
42.105297445484936
43.08895557064831
45.979522275154416
49.74450385950631
53.877292257976904
58.213172606822255
63.47855471690685
70.99174185392728
82.46131852295615
79.0386035798658
79.69034494528833
80.03370249578911
35.75600267735561
35.86490307592935
36.05296733841063
37.32899729641474
38.03894845875139
30.030166216866025
27.24372954256651
25.98952480772705
25.13736849544515
23.320142817576556
22.664873391543022
23.04149900199456
24.091377664727855
24.826531590297424
25.805871239119163
27.599229499657522
29.917317757687425
32.233124863843095
34.92824911135311
38.164662347065196
41.584312691569785
44.602690082522315
48.10547736694456
52.48360063712189
57.40841727852579
60.36911607164372
63.664294735861006
70.977241215358
80.13170104626523
79.3080481677426
79.46220072074861
79.63277817843203
35.89385969078452
35.99600742309923
36.13870313277028
36.433212469613345
34.85965191918332
30.790274891897003
30.14573130500412
30.87013639446323
33.90141278816223
28.646592855538692
26.958461446048364
26.815018023815515
27.407107198389934
28.097571444578588
29.263686439745666
31.467489771639734
35.01686449978721
35.67837600537449
37.74746787119548
40.598572341977174
43.780631084585664
47.13829571469709
51.30013841730656
57.30490399897609
66.25756262661142
65.00035545601341
66.51744718530844
71.49909406858177
78.68576708345223
79.22556163480485
79.35330736163937
79.47250158964174
34.21928121477113
33.31351112935859
33.77213427856989
39.27614191768907
62.985137143001594
36.85589626741641
31.631971695040715
30.959050401678404
31.324145684230988
31.92075479623201
33.01681048464839
36.38805324666836
50.433179584544426
40.42086273756968
41.068073605300576
43.81668206811807
46.8998047735396
50.36040086187735
55.31379953774923
65.37604917638609
89.61215647079501
73.0279921271113
71.9859048856324
73.07129074868924
34.51753552044446
34.619254003397955
34.99735167262588
37.32755595357981
42.19327968336933
36.65973919720685
35.22361676994769
35.41108817355818
35.94880909385954
36.14119572353226
36.64158447862683
38.08175403539032
41.69074234584799
42.20140706300999
44.60393192897107
47.71405637752772
50.96789993862854
53.82159518076537
57.42101513591515
63.44421562619744
72.26233260154287
69.7099208602938
70.29172671500375
71.09257002170214
34.95393316116713
35.182936133077376
35.72118743195123
38.04634240444191
41.39037790767691
39.00083459328607
39.6688317904584
40.764542527116575
41.981640174952496
41.29220715571245
40.889844892243225
41.36253716629811
43.11021661609484
45.72092795897789
48.95728872609391
52.66872229733458
56.6424220665628
58.31156562741316
59.55783071893346
64.35289004982772
70.99006318400237
70.05198242392338
70.1961268592127
70.54456563448856
35.330493866830516
35.70315159912474
36.61303128560059
39.55765547922814
43.21348587109535
44.03209133141346
44.81990214722964
47.41060950923795
51.986560399767924
47.97290119827432
46.11043411631995
45.774105268535436
47.14753779965246
50.04975075972033
53.87271146249342
59.048152088314964
65.87877320389644
64.29263579254965
65.010172021617
67.54481940949246
71.48117572187648
70.52012701998018
70.32506473577327
70.44460541266558
47.75916251417952
48.758397631820934
49.73113039553524
55.51774237128352
69.5248021811301
56.37802306325577
51.34080152978576
49.97250819270361
51.0596759711401
54.165310833412896
58.65373515272648
66.38245138388501
74.85751061562812
70.56045124232871
69.95994288494948
70.89680582394556
50.084478516838296
50.70385508477348
51.27831139415744
54.138501387860835
58.94186422768664
55.134592769630714
53.14439509295098
52.55021509463772
53.701040287495935
56.59939112309736
60.25310249870464
64.91585551423412
70.34628022916903
68.68294405356238
69.00680549874697
69.56202781784751
50.66592807744846
51.16677953939085
51.83125649419968
54.578009222460715
58.31676171047817
55.59757625233766
53.710637362727994
53.067810006785
54.20478667920052
57.13043530155898
60.76441605250801
65.26875377101437
69.82505461966088
68.92135800628154
68.98250097813582
69.27738421346614
51.03450153753941
51.5097956851255
52.294113642819326
54.84507154116978
57.85606282836865
55.87819399510993
54.17310529656063
53.544954219598154
54.673655767588215
57.59338734891125
61.18849561321926
65.464496928432
69.40824675849863
69.01352147388849
68.99923424254492
69.16517632672542
