1388.6724227778204
1395.21480602367
1401.7928158746854
1403.427518012873
1392.02024398838
1384.1972062872208
1380.8012520582763
1370.6156204458302
1364.5197154197047
1361.8957332811092
1350.9605273865454
1344.1407650867598
1341.9203006596817
1329.2744913176382
1314.8241278091857
1302.238531830116
1382.8934183208007
1392.278448104584
1402.6532404825882
1409.030035706545
1391.824624120614
1383.5622574934612
1384.4196963423472
1370.2131458063066
1364.4419747469174
1365.9195674158032
1350.0428142441503
1342.5900437595458
1344.7951404878936
1326.7729976849955
1307.9715260859816
1290.9858278798083
1371.0509384363984
1385.0631709377333
1402.043526816122
1421.2288034490543
1389.5416298441341
1380.6894591804555
1393.363860832031
1367.7471288986453
1362.6966535544486
1375.9196994275726
1347.1601811626451
1338.57538810255
1352.9033569796168
1321.3245270629416
1294.5275724990872
1269.0085951685905
1348.4467512680503
1364.3100154409449
1391.6773521150703
1461.9949617675559
1376.9565766590608
1367.3122408797701
1426.2702499320035
1354.9956972079235
1351.7564965621477
1412.0331221172432
1334.697017072029
1323.2220229310096
1385.2699424593143
1302.1208556914958
1261.260835426175
1226.559912201427
1277.7208530007285
1283.7494350045279
1294.395273556184
1310.7101824343001
1324.81408170659
1326.2800262879466
1334.904392205665
1344.855100164048
1323.0128382365049
1313.6414716668673
1317.4543043355084
1300.3220411234895
1300.8273155108786
1316.40724813872
1283.5981319357631
1265.9013314348376
1263.883328357238
1234.2328539765533
1205.2377451009895
1174.2351141883596
1121.0675138582747
1071.6454044167108
1039.1241888472223
1018.3387816267035
1272.0764661913636
1277.8743441706674
1288.1285047021768
1306.7742520789568
1325.6490228541954
1301.6096375386103
1300.0800355298384
1303.9533042365683
1284.3792834099543
1274.1273509848634
1273.581186965006
1258.7514471632069
1263.3064744306296
1302.8938450689955
1244.524132195664
1219.9466165547583
1211.8074476451638
1183.7433689843378
1158.7096617344082
1148.1647987073698
1095.3584537033526
1048.8606435654863
1019.6476675380973
998.3954332660741
1264.7781646183944
1268.5535083140796
1278.2490693600264
1302.0736933556448
1357.5044914300263
1286.4994241351562
1276.8527046621366
1300.9793005115682
1255.519718676888
1243.7402989170007
1261.5992873409396
1223.1541876033198
1217.7282398556847
1243.5314179146465
1195.6288398643803
1177.3203788820601
1193.1308537034402
1142.0681242972453
1121.6498560839696
1156.6668272389952
1071.567695441738
1021.8902800967925
992.2485346691249
967.1220266714865
1258.1130501174523
1255.2849650563096
1256.6489226381636
1262.856079089782
1268.5060251807295
1246.6443272717775
1235.748567749377
1232.0841444233674
1212.8712086911994
1200.481944910148
1194.1767197434667
1176.0366404977071
1165.1827393961007
1160.0301078789105
1137.9393021624512
1120.4916213121962
1109.1638278204841
1082.4118145159332
1061.099853890888
1048.4903351140963
1010.3862626798484
975.9223707659106
949.2191864441331
922.2787200341687
1351.059972487372
1339.3836825558835
1320.4917685250882
1290.719643308075
1263.9434446051725
1248.165524717511
1242.8660011792424
1241.4648879864387
1241.0375570711826
1218.9114760729685
1205.46614638515
1198.6123264840296
1178.9329234579889
1165.062367763574
1156.589553298011
1136.9899050316674
1122.8077607293253
1113.206850626946
1090.5826935218158
1072.0472116625974
1058.6117822764718
1031.6674637650203
1009.5521088699063
994.9450507095522
960.5740642202915
929.8551033819421
904.1813781177779
878.8723924530386
860.5661682111677
856.0454477506515
855.9371697166906
856.4857310512475
1363.841707113986
1353.095340123363
1336.0943013337012
1305.906324119583
1274.8179489997215
1250.6309797764868
1235.9321086050613
1232.7787655506606
1248.0925854158088
1200.4888623064855
1182.9537396997464
1189.8745814362885
1150.898384723654
1134.925008945017
1139.7624851862856
1102.6278179443475
1085.8285646241839
1088.61937156388
1048.98846548195
1028.8681075955892
1030.449617589726
986.1463485527416
963.8683649098717
971.7676210194693
918.8315508574515
887.8085402289375
865.1163416747023
851.1063189863124
847.7832091746448
852.610017969962
855.6225912742722
857.0028992024554
1384.3248312310407
1373.8917767717471
1356.7164664913562
1321.2067665836696
1287.4743081686502
1258.103708834787
1231.7574671393304
1213.127572828239
1198.8031776017542
1170.6989709563666
1150.2270279946074
1135.7605048866128
1111.314693494904
1092.6689747981407
1079.2073734595176
1055.1989989218198
1035.8369124974784
1020.6129260168051
994.4073732546728
972.4191176969332
955.3124617156378
927.2111441104663
904.9250966387524
890.9896344261606
865.9239599096129
847.4650902604609
837.7598265611599
834.620955867653
840.5338048317006
854.278224771489
858.4410144432771
859.1323363924491
1415.3932613887482
1410.4722028545477
1397.7226766793021
1342.7309852145152
1303.0218217787738
1272.7697555399511
1232.2318105279867
1203.6683984042677
1181.8773063784931
1149.883284650881
1124.2025115408562
1104.7473981904006
1076.2439795654082
1053.4818124775377
1036.445531425768
1009.5135161905629
987.3052962192704
969.7835022364803
941.9038653659245
918.6566891770789
900.6893467284132
873.3593694607123
852.8189745518218
840.9306712254395
822.0484378060779
813.3630057584185
819.547006167339
820.5083269738142
834.4295210257001
866.6398978239382
866.3284954765761
861.9018212090577
1446.4387535302862
1457.3338315221076
1486.9333379262969
1366.8655094276246
1319.4351468129198
1306.3159913571585
1234.8526032645948
1199.3183809413636
1187.3544877860195
1135.362890307721
1104.8910435503255
1093.8447538866492
1046.3411959964806
1018.8645854087113
1011.5946575334303
966.8788366292247
941.9061649422571
935.875053598062
892.3152061821621
868.425242626675
863.9674518439977
823.897599948989
805.1442902338937
810.3685002709525
781.3309348480765
779.2657477505531
815.2147883969745
800.7304393202257
822.311459641158
911.1011531084351
874.46327220187
856.6447399170927
1442.4911388034793
1436.211603530468
1420.660800903274
1359.0639162740722
1310.2863370738432
1271.0665942069677
1220.7071604236614
1182.0725397430517
1151.0445609895366
1111.40978352436
1076.6562396740505
1046.2109872514889
1007.327535079212
974.5581170165528
947.7400789350772
913.1749425544591
884.7544450972725
862.1845258639364
831.32592505872
807.0785896149981
789.0055097376317
764.0262505473115
746.5630603723476
738.1177501990543
725.7028686198635
725.3828464128057
740.7739382620254
748.7736431607959
770.5072406354765
811.691314425629
815.6861074532009
813.3087115617636
1451.6907750081505
1444.488721322175
1427.4392736671923
1364.1053194861981
1310.737018952476
1265.4425510470023
1211.564793373795
1169.6793458542274
1134.916822556386
1092.7301025301883
1053.8729375010337
1018.1736860356483
974.5749757122197
935.9375533482695
903.1947012266331
863.5171977537287
831.0017944918781
805.7415726532801
773.8262795071449
749.5814896460112
731.7562367590106
708.0146867869711
691.6349921294134
683.2053131209891
671.3796604725625
670.4347348789186
683.7503161521573
693.0275105380279
721.5398322451625
768.0576709145382
775.9769252632831
777.2220237436956
1471.1437629644977
1477.1209263111757
1497.8752357433596
1382.3180541298495
1322.5312152356348
1290.5300244455352
1210.218906722063
1163.2033376575425
1136.221449799288
1078.441199987362
1036.212731108305
1007.8084120259044
947.6677228531762
903.9070725898997
877.2073271132656
819.2733017015715
782.231494262246
766.4995965055712
721.135382826082
697.2032461596677
690.7829871769509
656.6782140138963
640.7412423651691
642.8235534679253
618.4739137313402
615.2925661194403
643.5442512301876
639.2940945949109
681.2899639691866
783.8102146005899
764.0838367466405
754.7666028652643
1464.8879871660472
1457.2381656698994
1439.6715642903332
1374.6809230067893
1318.0128313745781
1268.753695680093
1200.7362719276064
1148.5353393184853
1105.8705741112635
1056.6150470180273
1010.5426129118596
966.6782074454394
913.9348312291297
865.446809866621
820.6241601591881
769.4773933604529
727.5221386174525
695.9868302050693
662.8371323946645
638.7186416240302
621.3362636772241
599.2962277989883
583.090838306689
572.1861053328553
555.8285994876638
546.7285163832908
551.4345074349826
569.3522663428658
624.3094937140402
699.1367295362026
706.4003899499359
704.0717189512179
1463.4904216537636
1455.1682250454637
1437.6105288308818
1377.373574301705
1323.9239731709017
1288.6053515226301
1199.2492361129373
1138.6531657050343
1090.5897039138224
1038.2728217513727
988.4872278209018
941.3332018482848
885.5408596075735
833.9706976251049
785.044477702397
730.3256279876844
684.6424677862935
648.4739296524109
614.0131678598915
589.2988093759178
570.9898586842929
548.9694966375148
531.9256966839527
518.3188377079058
498.7680196807739
484.780538015544
485.5338260355045
511.554279274993
573.1891053933274
680.3966365840483
659.0931076232322
647.0998819863038
1467.4816138370393
1468.374467046216
1476.4278206700687
1383.0454488993403
1321.70424087807
1280.4738471592461
1192.2031543834926
1130.3255202185865
1088.2052291993314
1022.886655903295
970.4171026169047
929.1275869632905
862.8611887096683
809.2043302619452
767.605838478239
702.5235872267065
654.0030708262609
622.6367292517268
576.4285556257217
549.168827192317
537.9111020448435
506.93865949699966
489.019370234984
481.52481946112596
450.37735812996556
433.1841209960133
442.82389231851346
454.7913964488222
502.0891702940531
587.5163123723396
573.153369173425
565.8591279168587
1452.5689978117557
1444.392273655632
1427.410702122656
1367.6693669002423
1306.7855941586238
1246.3639700726033
1175.0375129615813
1112.687060482858
1058.8795844714364
1000.9054696293541
946.0166467003017
894.2199878551422
835.695230446983
781.3464183685352
730.626079054701
675.3798098050477
626.0162255053228
583.4244429873402
542.4949691467824
512.6246440170821
490.4984543408459
466.68383171941093
447.79924293310813
430.1392409706649
403.78617615784736
380.0779517198682
369.0141561966672
385.254139526561
416.1197118509883
461.3023562611762
484.2134183655384
496.792219937198
1445.3179821448734
1437.3496900989833
1421.0289017281564
1361.826836744705
1298.769711860702
1235.3204418610146
1161.161915616603
1096.7215604506619
1040.1668395560973
980.1402263944362
923.8516270777409
871.1623877856863
813.7656019305214
759.9548195986238
709.7684766030177
656.2580485594449
607.9597703973342
564.6922075233462
523.1566011720856
490.54289453775567
465.16300884152173
440.4697832604027
421.69516463370434
402.5661745015585
371.75637803998166
341.6283725823241
327.95571651147225
330.9241296262456
358.3643629270067
427.3407649965088
450.6593337876503
463.9569420184147
1448.1549408002875
1450.483505197595
1460.3718731470972
1364.1246199626398
1295.249249754326
1240.3699735534299
1146.512569880052
1080.4055345658014
1031.6101611765428
961.4321031051198
904.4143056511306
858.4130913236237
795.8689120074401
744.011539824186
702.077945418588
645.5385507641935
599.7355095746453
565.1534285691727
519.7294612904043
486.9727761309875
466.48766531631605
435.1792957434886
415.6584506622643
402.5120912143811
359.6708079516963
329.4968877812037
323.3413574050201
295.26784591520834
347.917235863647
435.33397589023605
440.36687056611527
446.52719742020804
1433.556432134883
1426.6187393281907
1409.3487771045175
1336.7515948886485
1260.888675070695
1184.963652644297
1108.755873791368
1050.0933920929624
996.2629812088015
935.3543883375269
879.5882328596086
829.4025718212621
776.0107592241328
727.1767188597347
682.4357926082597
636.3133764078539
594.8703760401827
559.8915804779489
524.0724679882054
492.3240303034999
466.2662448889409
440.1251199766155
418.58387143380236
397.7653079828489
362.14504018729485
326.9148782234475
301.1829927473822
266.6624558327756
315.64280447765225
388.92210553794746
411.4045583720269
423.3352195351102
1417.6709212840453
1402.9570866286904
1370.7077147767743
1295.6151788276356
1204.527702041363
1126.5787826473818
1068.0030093441194
1019.4692447170711
971.2075883789662
912.2631481109287
858.862910132166
811.2673019517795
761.6227193402011
716.2795997998007
675.3433818960615
633.8757396436985
598.4830833515147
568.2637465401253
536.2052322896378
507.8090477883881
484.1170380849049
458.10982458133947
435.5648849927705
414.37813591637286
379.1393662082061
341.4052124401262
305.72579805928586
257.4658570353645
271.82441385995406
350.38867911230534
385.85910273190416
403.89420559233525
1127.2927970866087
1071.245427237277
1030.5351651410747
993.229971594281
959.7097892576069
894.0773939998978
843.228879772614
805.0762082669974
753.363012564518
711.8431463412184
679.8362843228288
638.6581044881299
607.863215100139
585.885465522145
553.0568201636098
528.9986004533249
513.8184032706577
483.624900668882
461.6541322769871
448.72137333730075
404.76323195281987
367.16885537464805
331.30911179630755
288.3319213836265
1064.6289726185714
1028.1908570601443
997.293854572986
961.4493287977898
920.894997017205
869.7263238339101
826.3716850583385
789.6529892381943
748.2239071933078
711.2071469926038
679.1097314983276
645.6266646365827
617.4753134341321
593.8398342633496
568.0629025063839
547.4565377911988
529.8553793045086
505.25480665044176
479.95834800013455
455.53532608039654
420.5528919507356
388.71485045978704
360.7983731822363
327.7376097090115
1026.7299004912484
1001.2714374572723
973.2281338891405
935.5569501976489
892.3220151336898
848.7637148078118
816.4752923255722
790.2259905083156
754.5274608270763
722.0375997728523
693.6795186362305
660.2925101768793
633.6128501592791
612.6129142289034
587.2187773081475
568.8442340395383
554.4544470279808
530.6875719682646
503.48606852717086
471.42419727318327
435.11173418313774
403.9023748378456
380.07685985429566
357.16618763617737
1004.1910310176437
981.565855580817
950.8338189588488
909.0036919876801
864.9068134339368
831.5784785106416
812.4652354757919
801.9725525087596
765.299193922305
737.7365472960661
719.9776217358078
679.3943428612683
653.2230610888635
640.1777645400917
608.0030329793236
590.5545438430291
583.6386782449896
555.9527469411106
530.7422223536971
497.56502196363266
454.77153196605775
418.5987428451908
393.6718795503281
374.6006964802366
834.252460233705
813.7563643285929
800.2598789230774
786.9095351314436
762.7764807397853
739.1647934698701
716.3062246562281
684.285634985145
657.9469349082043
637.8923043448673
614.2898810626774
597.9448548361636
586.0928247946841
568.325376876118
551.2937005671989
528.6592925583655
813.102544836569
800.8015260853382
790.6554431133811
777.9387864535003
758.9163624012056
737.8869942930647
714.5016055759045
685.8880447158214
659.3920586495465
637.3303757068416
617.0472604575124
601.7320541356198
589.2714582705943
576.1728178030128
564.6352275011877
550.8162677448584
802.2459037075897
794.1110422310476
785.3835286957205
773.1834990703119
756.1451412219648
736.3377776320814
713.3243163489136
686.282899299359
659.9699922113866
637.5975912646982
618.5409889966163
603.7474578521595
591.5469571229498
580.2423044212528
571.00313486359
562.1037453110376
796.3464195859734
789.9149784400748
781.6346604157977
769.8728140569455
753.9072913928425
734.8930146712302
712.3798926148766
686.3323422920399
660.3494684941427
638.0449516393226
619.642941469763
605.2217634734827
593.3673850432273
583.0490818885007
574.8297394169807
568.0577163062416
1384.1883005713514
1384.8772083866374
1390.3986811382542
1418.4029107332105
1371.3545851767092
1365.4080328751556
1400.9129350777332
1359.9756156992787
1354.6305104802616
1382.5960743313756
1333.7343324432686
1324.6266741518075
1355.5025260165987
1317.9618883754895
1309.0577782347673
1305.0751298950895
1383.7429765244067
1382.5094267021948
1385.8813674824519
1427.8850025503577
1367.0947416495444
1360.9632547996987
1411.6195683527467
1355.6466859628472
1350.6117832675818
1393.4972960863493
1329.646435118879
1320.1250384375278
1363.4982349406746
1311.9559370380196
1305.3502957800126
1302.2733917429673
1385.2850760970614
1380.1473222748145
1378.4121269302816
1441.992931685867
1360.7481293965964
1354.3632672104548
1428.3028989381883
1348.6066254943094
1343.984179764914
1410.3557717310316
1323.5645303336992
1313.5627552410833
1375.790842026895
1302.8664768319566
1300.9560713062554
1299.1345689493842
1401.2955255490024
1385.1744886101624
1407.7028515399493
1899.2433117646335
1376.1915452739072
1369.4436518822006
1917.226173390895
1373.2250912629745
1370.2810114916779
1889.1896041961659
1339.458088842023
1325.5088734866313
1803.8267649373201
1322.2349543536916
1295.1529321973558
1294.0915043030338
1262.9365422713017
1274.2669460810275
1299.9451753642313
1380.3713359347364
1438.6788797417353
1318.1267150749136
1306.1804066855111
1338.0096547853675
1289.8005501601856
1281.760671940546
1318.9217622603626
1273.5283854406593
1279.9913635450393
1352.1140744947927
1259.4174607353386
1237.746490207982
1261.4869878952345
1212.430163624248
1211.9629454128672
1290.4368413354387
1183.0292929065372
1071.3595703127435
1035.1447499092887
1017.2352980796941
1251.7116809303163
1259.8864178379467
1276.469431283352
1365.1482343988396
1574.4396521229828
1300.6546689517402
1269.2815949741537
1288.8221453487959
1249.5510035664636
1239.757784338821
1261.1868535868489
1228.6674649059532
1257.670698059509
1579.4364995621952
1234.4194172036382
1191.7164245119627
1202.2658788189833
1160.4492061205553
1166.056525244673
1382.053995374562
1147.9549360480014
1038.4938384355232
1014.8583080379802
999.5291618795674
1237.2202965669915
1243.0022430384397
1249.9388535514986
1313.6326048347744
1737.4031766276132
1279.9780474723657
1260.8541043786615
1472.3098214737374
1233.8539848811488
1221.3821665254627
1400.1949280880026
1201.3938373462192
1199.028164175059
1398.4503675417964
1179.6371164938118
1160.8343709658504
1363.6862282125915
1132.946123071568
1121.9166740131193
1519.5999999659173
1090.699566945683
1005.6059584729603
991.0632767821326
972.6422527481453
1219.708991093473
1218.9845121488042
1220.1616266778487
1231.1377733247484
1258.4662845630392
1212.6393084993192
1200.2862723028281
1209.190223010372
1176.718429501441
1164.5219984054838
1169.417199490078
1141.2176758402159
1131.407245445424
1138.7532938157724
1106.2579359071551
1089.769619486044
1092.6789834292201
1055.0280218669855
1036.2877034787662
1047.8577531683825
990.5737794700859
954.1766478513505
942.3028362942456
915.6132749371858
1317.3035780122386
1307.371316166419
1294.574138665613
1257.883498850464
1222.4721486258875
1205.9899047727758
1203.6956544977286
1206.1633930343519
1222.978614532116
1182.9431171086633
1169.072155289146
1173.4702086790892
1142.6690774566703
1129.0906131031452
1130.595296753961
1102.2726898838375
1088.912740957153
1089.7888446625548
1058.8251827277932
1041.538604629382
1040.5780511345283
1004.1174883775564
983.98146946802
988.2771549781085
939.0474281985638
907.5781177650747
890.1654974489629
856.2730538156145
835.2707940755714
837.5445009157224
841.6735161252291
846.5456035423183
1330.7166884964183
1319.2048018264115
1306.5988024487667
1271.6966690342028
1237.006381334755
1208.755410597851
1196.6149004070385
1211.3861539232837
1407.2726186198047
1176.6625217451503
1157.6872747024718
1292.8586913633258
1125.081195345121
1109.169928717533
1228.1371412678236
1077.7972378015297
1061.8280957561415
1178.2518930919603
1027.6404949538392
1009.2675996026985
1137.946851357064
970.472665773724
951.3383050313328
1135.2660215117558
912.4567799812822
867.0254875402042
842.4757299037404
824.387932479354
824.9199676966865
837.7186422433392
845.2468701176851
852.9146349320422
1357.5995438954806
1337.6892239385634
1317.5011747199824
1278.347515828921
1245.122295612921
1217.6780089637082
1190.7575463557757
1174.9370947730818
1173.4740349731553
1133.7205709142036
1113.860827859652
1110.0588447880748
1076.2649271432904
1058.4400607895138
1055.7235652287536
1022.8257998315368
1004.3607964730425
999.6634387422613
965.0789381641241
944.2933207610365
938.2082869779028
901.5861461289626
880.6549762997485
880.3914055407761
845.1052348707917
826.2485109165675
818.415161737923
815.0832478442767
822.3010976601194
841.0851089842103
855.6737498743615
870.1204616831338
1476.5735577008306
1446.7611819912602
1398.1032757511264
1303.2850515027712
1262.886670741397
1247.8426524848344
1192.8516127813887
1164.9934971600562
1154.2912660718664
1112.8855255336034
1088.0720294094308
1078.5773679072947
1041.9653740138358
1020.285388241794
1013.8266639660603
978.4344810329145
957.2314998533681
949.9007318640654
914.0509409823271
891.9192736649957
883.9535274530152
849.1064607749281
830.1234118348401
829.7082242943866
802.8228405079698
795.8330164683889
817.3529176091859
805.7361640493081
821.9143494656812
890.2876605745118
929.4185415831208
952.2746797652613
1750.1692610339858
1811.830575314925
1904.8054765590668
1351.0736830314333
1296.8094583635202
1453.0807009851794
1207.3321352950263
1170.7057811436573
1273.217910763616
1107.6395665969455
1078.3437941716963
1177.649208590946
1022.2240003128888
996.2562415431136
1102.8644496198924
947.0041238857708
922.9365319978356
1026.1844231865587
875.4674462305052
852.5355216965289
953.2299691267713
810.2657654392491
793.0448371909188
906.600855752158
773.7395254912615
775.1021122705617
968.1167341305528
804.0439596083025
833.6937225312599
1288.494031132127
1208.0930860953954
1154.3618616235754
1502.6348400608147
1468.3010570760634
1416.8624880289867
1318.689825633944
1269.3788175323662
1244.5895292313792
1180.766910458856
1142.986180960624
1122.0323331242907
1074.9282433781611
1041.6348269037535
1021.3700784370262
975.327631903875
944.2045413219763
928.5682170383832
885.9589697225094
858.9220591023391
846.7486601517521
807.7131409493982
784.5237348338753
776.031020397355
743.9790041490317
727.9671939053673
729.634344336653
710.5046825669308
712.0017296904035
742.6071138085221
738.9941546866764
763.2247714345374
838.207869803627
882.3102271199411
911.0508964349938
1515.829109058389
1482.3011738635687
1430.1813458310182
1325.1621590939808
1270.7323880350655
1240.7010574137703
1170.9950474192258
1130.1513532679671
1104.132119970293
1056.2545923620323
1019.2875826449315
993.0954042460819
943.5453614655792
907.0166402896692
885.4039166940355
838.3007356858349
807.476613214436
792.5825775749554
752.3390319129918
729.2140694583628
720.3765353557206
690.1391877597677
675.050968372009
675.2724298299264
658.3147215884132
659.4920769538221
690.9685033377598
687.8690287883691
719.7140975815812
804.6467144194061
850.4694856443439
880.1815658864866
1769.7605280315377
1833.2815040534938
1931.5482096367946
1370.5998877891834
1303.3567172574417
1436.1419876292318
1179.2934847622228
1131.144805334969
1189.1188423896467
1049.0485859919802
1009.6059581589645
1071.8331289556415
925.3450160423506
884.4468543370587
961.3136797000788
804.9677601008043
769.8888327877398
856.3323609724284
709.9560450377382
686.6917438136798
767.1488341348919
648.2490073849683
632.9923046506578
714.08631138437
615.1980373070622
616.665728459737
801.0545316624842
656.365796221896
708.2548563506012
1173.2163689407096
1102.9738412860838
1060.378865901913
1523.5140756669502
1491.2486098513716
1439.4458109120235
1333.5419066285554
1278.8001431637074
1257.4574947489623
1160.5995941683896
1108.6101558044836
1074.5164940557468
1020.5553413853534
976.8598224729276
942.6213708748909
884.6095966283002
838.7190228739987
805.3561669125139
747.38317943749
707.3143626128607
686.1682108317532
645.1689461729535
622.287108552223
613.4163025924364
585.5373058450036
570.9268104516422
568.472325661865
547.9556441192755
541.6005747509889
563.699145122064
570.401613370685
634.0308438611825
777.1472377397514
847.4667096319457
887.0781742686614
1489.8544874442582
1463.0402896087492
1422.2148830497172
1333.754693901914
1297.2804192259596
1406.5921694281988
1166.2260486662822
1098.6245569204314
1057.8683078118409
1002.1639504228051
954.7998975623215
915.9737488109288
856.5180633796864
807.6134024408053
768.1994968943865
708.7803273701712
665.22030590714
637.6878699250451
597.7056630930341
574.4516363747275
563.2748497375828
536.8952465092261
521.6607207329059
515.697587785548
493.21045866074326
482.3539107754786
496.94226107054214
516.3623866665433
605.0969734136679
1042.6158241495664
996.8762613273058
965.1855456504865
1603.258881398658
1630.6654434249342
1673.928933109963
1349.7002596765449
1287.258269349797
1352.0518284335815
1158.0609950611336
1095.7394382621621
1118.9007538971878
992.4903798232538
942.684401734894
965.8440538385139
840.1607155564749
789.2086804151228
813.7573166192377
687.7398509567047
641.6953158693395
675.7836032878537
567.4444630840106
541.481872619225
589.5728894542347
502.0107041173619
486.0166471518349
537.480766519333
453.00426150510214
441.3196191315131
534.184853169896
471.0824577941641
528.800164895167
808.7523447550069
795.4631676915093
782.7470366371357
1455.2240868785193
1432.044233216637
1397.3147082062083
1315.7629224437585
1256.2789574857047
1209.2331508751313
1130.7326606070371
1071.0471712499568
1026.379256801238
965.2028420546076
912.9234548995593
869.2108169668011
807.672222715369
755.8428153068149
713.512770744559
655.0689943000173
608.1445397870591
573.5890259998519
528.6282556096014
500.44751402780435
485.3783903467841
457.7554157801333
440.999013741708
431.55874489802153
402.7439378885807
382.9370830250909
382.3188980506632
392.38157414843823
425.67590054589493
482.2922092916287
506.2995808329224
526.2593032056913
1442.338344780788
1420.0131270307306
1387.6877274538651
1309.2245450900757
1247.439380956722
1195.7759235622368
1116.4361250872469
1055.3626197590654
1007.6157390631568
945.0486789006004
891.2623345284393
845.7265111087138
786.2711586948896
734.9177691955988
691.5959772876299
636.2095090220636
590.2753150338816
553.6036833829529
509.7681066883654
479.14854876301484
459.91292709170233
432.62049049953845
416.14427667009187
404.8746682491865
372.0658137131495
343.33337608398614
337.58259661716755
335.65009316830907
349.5119073853358
414.3892124174883
443.30089825172195
464.8463800786493
1605.917558947105
1631.8454159535406
1668.9147500836082
1331.940633430883
1259.957124385384
1290.5300896201438
1111.2556301425439
1046.83446767794
1052.303799905536
932.809793841832
877.5480992591921
875.9292337855314
773.5515154342662
723.7909065400388
722.8990139558143
629.9426757482169
586.5017147657828
592.0999619589159
510.769107297207
480.384877706731
499.45108832121696
432.6199723714144
416.09289598292446
447.75256640072513
365.58931582564475
336.12991466214345
392.5940804558956
308.74008034136773
336.29181576238125
550.481193319624
535.8404993351595
527.3361621487685
1605.6940351660246
1606.181782517596
1590.3136930819526
1346.3158709419743
1256.3042409705968
1188.2559691488243
1067.889367214802
1012.4160546883749
968.1009350096006
902.5980043718641
848.9182930674375
805.7319018671901
750.1520221034159
703.4811810262764
664.6406862144038
616.931488431557
577.6430978591767
548.5114740881347
511.15580039606533
481.59724940395137
461.9010121855221
433.68971146259634
414.47593894019764
402.4317467735346
363.0733667043067
329.9691451526294
347.62814779520903
291.21176754662594
341.70806660003876
501.6339260999748
514.9280042925997
518.4265426241777
1582.258430615208
1565.0255460829603
1521.694633839548
1317.5107436605686
1185.6663751132055
1082.2423256441518
1027.6517424530393
984.3940558073967
946.473828085303
881.545095438215
829.6889017581298
788.4827981811654
736.7521850526363
693.2784867003039
657.4428452324195
614.750517395447
581.2442506101687
556.119285859441
522.9938373091437
496.7946387297245
479.22447701318737
451.57662842599797
432.0065717105332
420.75080509902466
380.12540626796516
344.20712962309403
335.0281387858289
271.33331590208275
309.72012271495436
455.0392935027612
485.84551525356954
499.6794207238574
1074.919646091541
1014.6883194624465
993.886247459333
968.7443154473754
981.3080431984333
872.7967912944615
820.4654625112369
811.70826575773
733.3340366426013
692.8095582306082
685.3985285674947
622.7561740498776
593.6894775134787
595.4682526523599
542.8169305805717
521.4427489114263
532.2800308973669
481.3108252005177
465.1211162395237
484.398693914623
412.3142360457399
369.63776021317415
353.5323934226062
310.4644074157663
1001.019695686467
975.332720952184
962.6985416497356
931.9506943579328
901.8244497752818
843.1402476067243
800.1360558318784
769.7000750651835
724.7979378945446
688.9721675267091
661.8974660231833
626.1776308650097
599.6969705594582
581.4824964763662
553.9299060839729
535.547288227821
524.5892951689567
497.7624969393162
475.02669652377597
460.3274563889496
419.43851606492393
388.0573480001285
378.08516911321976
354.99082769936
978.0349000620622
964.4538201714608
953.1905692229506
921.5943576135692
880.4488061875969
821.7978021099997
791.3002732606153
773.4689706999673
732.1020770076469
700.5616411061478
680.2659615809146
641.3312318657787
616.2009527744442
603.0663566474279
572.9725041887083
557.0982364165588
551.0594555892206
523.8821295995479
501.39107694427054
469.8498927252902
427.375030391929
396.473082829292
386.80000169033207
374.3811393152986
966.6972857299193
955.2726463415956
939.1972474781861
898.238988125546
847.0874178899157
805.0426937562438
794.679622330698
807.9595129328346
749.6940205871817
722.2515541413774
725.3260318912164
667.8852411571886
643.0280351519128
643.8742011698974
598.9457258606657
584.4700142812248
589.5115061734602
553.8994206489651
539.4444793265448
504.6064889199853
447.5732906983566
407.4157608247281
393.8855238740467
383.85831307057236
803.691753884506
782.9336450220874
776.5134825318107
770.0900208996763
740.3336787497024
717.2961979839338
702.0849703385131
664.7724192096346
639.8384021976885
626.9363371427236
598.8851872922646
584.8645740487201
579.9620557701346
559.2391349175779
554.1681783806837
537.8538912544193
778.871707487707
770.1015711231288
765.7275770357802
754.577014233115
734.8891756785312
714.4724646809047
693.0905162819905
664.1137563733246
638.9728922677696
619.4161406585517
599.8019033522608
586.4875050623675
576.5666303754592
564.283796197036
561.5832988531229
555.1644281943837
773.116175995501
767.6618585342284
763.8247833662255
752.8493486862852
734.4381583288706
714.6594149521604
692.9523117222592
664.6683109918492
639.2706495700696
618.884378199545
600.1564817941444
587.1329245008577
577.0373380481213
566.0941284134949
563.3080123986144
559.2959973308053
770.1313349269724
766.0712313768989
762.1352025015784
751.3722951564426
733.9589313446846
714.6812894719006
692.8282726223537
665.0803110208701
639.4594398140061
618.585211499767
600.4740888473511
587.666576656478
577.5634706971642
567.6011060804506
564.5242350180106
561.4834129862063
