12476.266952031998
12571.954946700094
12635.939201903684
12530.806815767352
12460.211705891727
12326.275134884894
12242.804153851375
12112.820657436021
12046.880511905014
11952.47242272094
11928.373996645401
11868.785118712553
11858.370619186764
11738.741763839085
11595.074669362677
11467.835616522483
12391.631753632191
12549.952663181486
12704.861297754482
12535.656906432772
12497.523360754898
12320.32887014189
12274.237013178272
12104.253205549103
12074.580112258847
11938.727497494101
11949.803271512712
11855.294788761059
11892.906096458604
11717.296988687362
11527.943673363483
11354.871843856192
12192.950616342796
12451.99781979545
12862.483115322875
12506.41343568059
12585.47188241165
12278.672876577402
12358.057520711141
12059.226389333864
12155.132082226617
11887.75285321591
12014.714019009622
11804.723441604927
11988.129130754369
11668.330629281563
11394.731129702805
11132.708240057018
11782.912170317231
11975.379389900621
12169.692897265319
12263.234659625177
12052.045227695897
12034.308727257461
11817.440081753284
11804.51380637144
11601.825510981875
11628.153330737534
11476.496490461654
11544.808395519663
11414.8660997353
11483.095092595822
11065.817645580617
10706.442164594537
11618.38019230462
11611.658047227178
11567.771412036562
11446.564127316784
11472.322806820595
11597.180444268944
11838.457956710854
11690.646115658677
11669.687877916094
11467.626673136416
11412.290902304621
11206.875148065352
11183.85935368577
11032.280006311334
11060.419776214158
10948.953941792273
10988.402049087477
10794.945684748554
10516.393882927106
10196.956707346626
9938.075163928945
9771.021954360946
9663.760278962352
9591.200629753042
11631.258378474466
11652.70715784834
11655.895438826237
11427.667744408463
11322.232743948609
11239.514889640535
11292.035375122694
11308.896367734078
11130.998470720853
11054.021071381718
10846.000697493382
10769.844517249212
10602.753955294871
10587.525312780848
10481.39594228996
10500.775957627244
10389.229805289953
10384.454303530933
10102.334884001399
9877.603061090987
9820.125405019222
9708.441110140644
9607.023297501364
9527.13193276755
11616.055145946491
11674.789968440595
11859.857870560632
11447.935403550118
11346.309308782604
11056.484978734223
11016.453969425964
10836.513021508092
10748.631801869291
10550.131230613657
10441.864443789695
10256.996807587993
10189.375331511754
10058.857118253842
10044.666183384634
9943.825521889454
9941.297190213083
9823.625277163894
9813.509202944395
9676.666630818945
9831.638521589495
9665.956073019664
9524.86050931414
9419.162316331203
11543.580848504651
11471.803577232038
11463.466883715511
11361.173744109097
11033.14980178596
10865.740462876247
10622.20296051798
10501.051929791309
10293.677593682121
10172.351608542678
9976.331022513315
9871.771759922516
9711.637215915744
9649.288360066494
9528.859619857149
9499.189601226333
9395.878612493585
9396.989930861042
9320.06236015963
9405.492951090851
9397.976620526051
9560.579904203158
9348.193153174458
9248.688852600895
12630.583385931423
12549.753852071597
12368.35897273336
11980.83819619617
11621.013857597338
11396.694079286592
11369.203661390202
11042.173643298844
10827.386077926207
10511.267930584396
10329.849031903397
10086.785035577816
9936.276859234591
9722.949360964523
9591.46469898717
9405.74491058447
9304.067072258262
9152.971565766848
9086.118461311895
8964.950880281345
8936.3031598656
8856.950581465324
8904.294516533715
8905.198970871174
9065.499572315219
9069.443132792652
9040.07072594172
9091.863555472739
9266.210505002491
9427.749483768694
9507.821829950855
9546.106365699732
12718.275860244386
12686.001736369662
12586.142730875654
12157.13575372659
11754.482315757139
11337.00028920598
11094.241489191434
10869.280002563713
10505.741296482976
10257.185358633524
9954.914531781042
9757.092177309973
9505.117306795983
9337.202202235721
9120.664864943585
8983.967602895633
8800.02711454989
8697.07206419364
8546.59120930657
8483.13644692733
8380.363499275842
8389.50434395347
8371.240813674765
8502.856668241777
8590.6051589138
8816.524415828675
8867.453627452684
9045.860956149276
9355.390623361753
9515.25984043411
9567.124045858243
9587.016369990257
12790.757238945098
12826.665103395468
12922.31482576694
12331.697457777762
11967.52066603391
11387.18141617204
11042.59411860544
10613.08013637309
10299.788542690001
9931.230551765831
9665.244824560306
9353.138750026546
9128.898573474855
8860.863683785845
8676.10291380563
8450.180238406036
8306.846998923018
8123.514103764531
8024.0583277217465
7892.148638067658
7865.986526204641
7827.962411561592
7919.794002817323
8006.733232983538
8240.637644005445
8438.007157945141
8789.996929741656
9049.50475906935
9541.702797447673
9631.638278149672
9634.702798456405
9627.35789753147
12742.60690143679
12726.390226177895
12675.617034730434
12413.43671844361
11838.757777855835
11378.851429106988
10848.866537247986
10457.32902556058
10022.55216780011
9688.919946207205
9310.35152773563
9012.399673279575
8673.23497531957
8417.971842132407
8126.313130510594
7923.3722997545465
7691.988050005636
7551.545484052645
7383.341214562649
7319.7273668293265
7254.655308388023
7319.984230466072
7389.163758717253
7594.316662516592
7799.250501384478
8154.8264983115805
8486.168792763849
8977.494020282153
9329.160986537798
9749.882548025873
9664.210325896176
9625.068296126086
12729.656856988357
12729.670602242019
12750.019750948575
12261.402600251717
11804.920214884014
11196.342459283911
10721.51753747532
10215.356806452628
9818.888242708384
9384.534699065218
9022.52292154189
8610.53816219691
8271.16872287072
7896.5154102927
7607.5465798057885
7296.351901626141
7088.754729187762
6868.789229808833
6754.386566165231
6647.010975657398
6678.381102428968
6730.739057716527
6910.60737897306
7099.450988276672
7422.640636558635
7753.266952860431
8243.456640653181
8685.327300399884
9227.180161842647
9468.28228845762
9507.441930568999
9514.756301214065
12684.277372170456
12647.276593216202
12567.051477181763
12257.528775501523
11634.357992791201
11090.497361613005
10496.414093889167
10037.288489158038
9551.999122916182
9144.67263873325
8682.069443151779
8271.311840895574
7812.660008367181
7427.130814164305
7013.162629421584
6698.020082259873
6384.755305485138
6196.743155580054
6021.3927926615315
5996.446565200802
6017.897869844751
6180.435800596352
6356.954106995032
6653.540551720102
6960.125081631049
7408.9043214274825
7871.791969736614
8484.779862522386
8958.790192956925
9431.693449369392
9414.493787624982
9411.37447084512
12684.927701718856
12667.85909573175
12658.668901458796
12132.700787480786
11584.09815705299
10885.448273531609
10340.259640126504
9796.333550432766
9347.176597930145
8855.861605029719
8405.439754881923
7886.991060319848
7417.361100907617
6905.089913486445
6466.989948432669
6014.167559525073
5693.991788438448
5413.680989739864
5297.725128804196
5253.701559116154
5383.5730158378965
5554.745278493496
5844.8003289726885
6139.735123165658
6547.494277897449
6967.350070302425
7559.961460780941
8142.637586454343
8806.957794564965
9138.487395670485
9217.014653182965
9249.769304586447
12647.862553921126
12602.099616840533
12505.593045699155
12144.431143013822
11431.527441516384
10789.769113083337
10136.993471373038
9632.880691725642
9104.138584213426
8631.641183960424
8089.344995464498
7569.183946231808
6984.488058124961
6449.841060857798
5868.433898455288
5378.785223345835
4918.242388179311
4649.29954167619
4482.703113293703
4534.981783993259
4673.554806202847
4966.108492223228
5275.357264922708
5676.8292191722385
6075.464524227377
6595.529673562082
7154.23491633263
7898.203120377126
8501.131663130587
9047.535925795864
9069.129245809474
9090.641098067561
12626.532942732256
12601.345569672058
12574.02308514852
12029.558465886628
11415.091869280495
10645.825437059339
10038.285344564847
9445.585567417467
8936.148724148601
8380.185886315028
7842.2504558778455
7221.200726727483
6625.374228610269
5968.041171247173
5354.355830401957
4715.13430548953
4218.034460853654
3829.1767079273554
3711.016021464455
3752.486086404016
4005.5562657812543
4326.180283020809
4752.2923589688835
5166.430129848368
5669.644922463217
6179.994300872239
6859.294773519193
7552.932441405815
8308.967528907953
8706.06408844947
8817.180859951326
8873.16664876109
12546.69981275444
12498.824335137064
12399.628674534999
12031.136803188965
11311.46703612041
10628.023709207315
9922.309474865004
9349.8106879199
8753.626553750479
8202.984060382858
7577.742023881591
6956.211215343365
6260.636279282744
5588.8615728943205
4853.784740061333
4180.183671002731
3535.6126443669955
3110.0259779678945
2906.185978632077
3023.414574228277
3293.848181388359
3732.5996169665586
4185.654226171187
4715.741212944254
5239.943456803846
5870.58043926763
6530.090735663577
7347.788263073688
8010.720687940619
8572.676397226067
8630.307121008791
8674.689986225832
12471.925470659482
12444.483003421574
12408.865469815144
11915.384848814505
11323.653519032528
10564.972630000682
9906.94943668053
9238.837233233191
8648.99252447153
8015.535204652399
7396.242970233043
6697.359694813427
6008.459814909809
5248.25715730827
4510.131437763392
3729.287106307478
3037.1203493652965
2448.633663937242
2201.0488544010445
2268.43200485849
2634.9884788241316
3100.410823516667
3676.440383857304
4247.530774893139
4900.4888477555905
5553.93719874628
6334.590306463742
7084.420671779354
7843.664421707283
8256.064189970668
8381.815810791168
8450.793380334306
12357.504254556394
12316.814085591444
12234.95950265868
11911.775127107174
11253.427229535535
10588.268433567531
9849.282664997743
9206.21762770797
8534.087638384453
7911.052751966975
7224.56133106152
6547.295103737615
5800.022764086855
5065.5797222478295
4267.3470458891425
3496.532988332584
2694.5920868966286
2023.969086277172
1575.9815457511415
1618.0670169826749
1967.9058086831708
2546.1869381885926
3168.73392925203
3868.113671581464
4552.798969886452
5331.6841459102725
6099.342271089479
6954.815994268654
7621.355039978061
8155.688305848656
8221.690172901763
8269.736576663456
12256.401005829468
12236.95423030404
12221.554830801093
11799.284834947059
11261.542361059905
10533.7587469092
9861.681415572511
9146.112807430318
8500.251256581476
7812.094080750945
7153.392066830435
6435.321940818533
5734.095143041829
4973.571932263395
4229.849155813342
3431.821767863548
2666.3121387744186
1900.7840967391683
1349.8972786095364
1175.0873633251053
1533.438566832721
2106.179031655909
2817.346070643788
3526.6455711860913
4312.968778028485
5080.236185661455
5948.182159263768
6746.2061405548275
7495.334505362312
7891.320716080861
8004.638598659268
8068.865782038275
12108.249791319604
12059.761675577061
11977.881969701946
11732.823420150607
11118.019670893425
10519.69164699753
9809.748666065923
9166.285256282476
8464.646010675824
7813.353961925294
7117.334694577534
6456.207162687833
5747.619999069072
5061.829154701245
4330.705721837377
3626.981858760286
2894.317626413956
2245.599689505427
1689.1468716411316
1452.9989420624954
1614.5774069250028
2104.816926159904
2697.3514193738592
3416.3611113471425
4135.263837873296
4938.514423536978
5706.61651151191
6597.885903309713
7239.54561545627
7778.572079906685
7845.229363900614
7898.63893020795
11970.989738175675
11898.282423809844
11765.959393459114
11446.668085096775
10887.591117907066
10303.23374838397
9799.740666015596
9165.169465205769
8538.852408054367
7844.786268219064
7210.80673068048
6546.898380929796
5918.146803573096
5248.683453752697
4606.806937597235
3939.69854360651
3328.0862032152713
2742.6200875131176
2297.667246495588
2035.9479367473107
2118.7398360265133
2413.656965933896
2918.679144162966
3495.9251174517835
4183.203744815214
4791.111087188056
5418.401092742407
6221.720479996584
6916.842685722824
7433.534295107742
7613.217771113451
7709.338789342306
11864.180057786514
11763.711680558321
11572.015786496779
11179.078311482157
10606.02580735034
10101.148370241715
9733.265381986024
9277.50638071669
8632.025345369118
8019.881186672896
7373.6614543908545
6792.580216428794
6173.456641659183
5583.880264863191
4961.075832056241
4386.05026172544
3818.8820922551713
3347.817093794829
2952.203661111685
2757.25696847872
2748.2906961795975
2977.2460333300314
3319.858636130333
3846.007529964911
4366.64555176049
4914.865037716056
5272.90120377334
5874.975514325724
6580.64750326098
7145.07292450919
7415.511402781888
7556.327381763879
10261.851351233561
9959.109533448895
9778.627782748645
9347.730191540377
8835.844265362923
8222.693228823942
7685.031388877702
7114.092657194929
6581.0302374569965
6000.513941179982
5453.18642947043
4895.235032625987
4418.835780596301
3986.6997487711938
3696.3302070411874
3505.9678059396206
3509.625337586305
3616.617316080086
3900.097555383678
4254.551827712261
4708.578779930974
5020.32169002617
5207.767878281153
5530.097784121198
9972.005199552024
9791.804147540064
9653.874128169591
9424.849796972054
8942.287857697609
8512.318327262607
8030.919680445473
7585.592557143352
7070.867523235386
6579.044091360078
6032.27700526405
5548.235896507602
5081.519522426889
4740.572538474334
4477.019213625434
4360.765878397551
4303.419842799597
4378.21415482635
4448.549970995704
4729.267455223497
4949.489750316865
5206.626732361338
5236.280045603749
5362.163110790185
9795.98681073223
9676.255190203894
9548.603102988216
9338.595201026948
9006.157116795714
8702.581628042084
8471.057757772838
8097.072943981681
7714.224748903129
7251.022775843823
6808.5960335036425
6322.265420716734
5934.48750586846
5582.067801445918
5390.278237070908
5242.9725139792
5208.591697395835
5141.794877509231
5035.599669434312
5056.947010438389
5101.969642459485
5197.939564681366
5217.929256290341
5274.1282109368485
9704.23115013494
9613.074128683897
9504.117906032056
9350.72378788477
9157.750446285085
8979.105756155255
8868.297778300914
8682.7559179181
8352.335530370272
8037.723325442457
7638.554049455787
7277.138701515404
6866.165568487775
6573.988640932311
6307.295184877566
6190.195989938887
6072.159830072481
6009.940927947186
5794.4585749636535
5622.6069792005865
5405.991939144712
5302.584996638854
5251.634279127201
5259.097238241468
9302.814271046924
9238.884363320203
9248.190718618793
9119.960758160865
8942.575768638813
8684.87675337374
8435.494896604476
8096.248816786316
7768.976356333816
7414.719882370594
7155.636499401934
6948.4076612758045
6817.895927842433
6642.121662623528
6421.534606672564
6226.62592905566
9366.63794687606
9348.246853200071
9370.134953110759
9371.338807316455
9237.124474876697
9111.79089745906
8881.483997589203
8647.317330305377
8292.52958220011
7987.537532544696
7652.733533428339
7450.929073441156
7229.122675575671
7054.803452552695
6832.481292164582
6655.8696425810185
9383.012280240726
9378.254477840494
9390.581485560519
9384.668136622802
9300.515325688091
9192.835465512635
9009.959385080385
8782.19570903067
8462.896327862492
8146.140438184333
7824.781658557591
7587.095985721356
7359.372619080058
7169.030157475085
6987.379217390507
6853.50141722042
9390.402177110862
9391.077945898176
9399.298897771989
9390.926934231265
9329.806963603583
9236.129895074975
9077.565125977162
8859.777514276242
8560.789444921978
8244.218446221485
7929.682867126946
7673.824738597073
7441.3760156156595
7246.208045786846
7078.826833288121
6962.958379546833
14665.358197378646
14852.836579853716
14823.19364462044
13291.78572694573
13746.705176828997
12955.12108306839
13818.701204565254
12987.227013292797
13693.622320891993
12704.347817960812
13155.018566030281
12446.597476198003
13258.552259187109
12308.347251635221
12155.57286160356
12088.605470252434
14529.004931328062
14872.792510026538
15086.007908950707
13087.483669607944
13902.560055469996
12763.517683410706
14055.25270769413
12789.100306744776
13926.594735576102
12522.2387719968
13297.688569559683
12267.392168544859
13464.671963132409
12152.834073588536
12091.309717002061
12040.61425407587
14170.118278439379
14743.555973692817
15461.30297107878
12755.03779374361
14168.145294647997
12458.175285298703
14454.390700049467
12443.41258055528
14306.635425465882
12207.148451592773
13535.594192869172
11976.985066008787
13791.55145142522
11916.742883140903
12050.489294622541
11988.413353325552
12547.536460154412
12593.152761066069
12383.620527292493
13380.966968128962
12151.78123794505
12973.592265661606
12069.417695678068
13188.72517785447
11884.094825915301
12902.51248125479
11588.570055028313
12492.674808285112
11592.017763499765
13042.457564083608
12467.406526411905
11828.53446634712
13246.864803679427
13246.072876427312
13046.674098359654
12015.068295411938
12160.875157027329
12388.202629947686
12874.570828601258
11725.877390557042
12295.708856708583
11467.820847583147
12310.54162263568
11343.899090851408
12122.102875891484
11139.066646656689
11680.247891528146
10960.183069847315
11737.075935099532
10902.296520060727
10992.746118112476
10625.569514956478
10692.513608430638
10231.999825503715
10119.678797129007
10082.442206375808
13249.29756058706
13366.562307010341
13375.931487956705
11847.47192236343
11968.309159653943
11278.906360151275
11254.393803535188
11800.094047856293
11052.925689566198
11455.729749331542
10829.378278125389
11368.449475497539
10600.615063468793
11159.819174378576
10418.426640203403
10934.279948328465
10374.58548122104
11116.246132009883
10769.796616820753
10153.598526920958
10814.236696755157
10099.514616996727
10056.896202445289
10047.394984728364
13055.35967397629
13375.741010667567
13857.96399466353
11591.124832502253
12283.624342226693
11007.145466616606
11442.126620204612
10731.932706553398
11017.623675666822
10416.413957302791
10669.118273428332
10122.417585859652
10418.230255348153
9931.105553214697
10301.226409194407
9843.56915588316
10295.896313636178
9806.715296774755
10523.641833091242
9764.817637375701
11131.373477906816
9881.728807830603
10012.071430759474
10032.016005155716
12046.908069668483
11849.059855057649
11593.696994051465
12164.236400513639
11029.8480259155
11295.877464767373
10509.414962877132
10722.685552797368
10141.528059538105
10328.937709127009
9810.376856958477
10004.997798939858
9549.262496141611
9795.31075395319
9387.353492710357
9703.644950109607
9294.527977148417
9730.523498559087
9314.111995612182
10048.228277930704
9540.584822291214
10826.731230030358
10427.540202574068
10108.310695073735
14168.616554075059
14064.42330766707
13794.450729555832
12553.191642730328
12182.673704703751
11947.372309366629
12212.967343700504
11029.9532685766
11242.647828216286
10404.233183880371
10535.145878221536
9931.75278824148
10065.797591245535
9553.316082932934
9686.31018921533
9232.106816997351
9398.874679146233
8989.283737326994
9216.510373944308
8830.016418409046
9131.451603500313
8769.200348262884
9266.37182724125
8909.286159381758
9691.978829647562
9175.724357261122
9386.670978183329
9480.947123728567
10064.508231458734
9982.141550303637
9970.021899428162
9978.876404080513
14309.465475353445
14319.645692711258
14217.0957381774
12570.994104258387
12338.416299556417
11319.694977772322
11017.88387387731
11250.777924096057
10393.994758028819
10475.443011751966
9800.188683195645
9880.310461077099
9339.095049543717
9433.434007913065
8951.961350348758
9068.87792579692
8636.288643843607
8792.964766979572
8401.472735573623
8621.623189925724
8262.953871893222
8597.41388061764
8303.725327144915
8863.670753408725
8602.597361816484
9471.584884844182
9436.701274373356
9367.533949876624
10348.842530633528
9946.574296709416
9955.689561311683
9989.437400086941
14294.028146839099
14483.827097591058
14755.454841124085
12405.77092839551
12717.449101038344
11296.574891477854
11362.412461028232
10484.121106818431
10471.725001982286
9773.558842479466
9784.194903089523
9190.301088296454
9232.07419891528
8705.37659806826
8794.574981697173
8308.041613150672
8423.232366629487
7987.746848155037
8151.8668382146
7771.416628973172
8020.625170078397
7731.253655202106
8126.60383185046
7946.212063520669
8557.467430054769
8447.84049075495
9387.899020994299
9139.716867929052
10716.200187644889
9805.563719470409
9962.479358756358
10062.32304768792
13156.10574679039
12999.07852474091
12744.6070511446
13135.030897448085
11790.222683803455
11694.578100218094
10711.635705225981
10604.167026794377
9857.632576938333
9780.665928742648
9146.077733047663
9101.789256102125
8520.55013846386
8520.430443769004
7994.560239027173
8051.075551272438
7567.953556516725
7680.726280240537
7269.058504519399
7460.797167318271
7153.826404266069
7481.332096380271
7307.2020501153775
7795.952662648924
7747.129540512456
8467.859911625146
8502.117141924897
9551.285505763806
9477.879264719035
10996.535442928627
10771.677055111704
10628.428946894759
13442.894772209724
13524.549963981523
13673.849189381379
12234.381950536683
12158.58777512676
11063.402996254737
10860.515362081778
10042.587739891862
9885.75325107075
9212.94966363513
9096.88458479245
8457.984613714874
8366.707994550272
7768.218564031294
7735.217775596274
7190.790627313556
7223.305053416614
6772.119736598917
6897.23440908245
6560.226248883912
6826.3039399213
6652.350038742625
7062.325063155551
7029.049026433067
7620.112418567292
7711.460387032563
8579.69115336033
8720.395833326564
9869.126075146292
9583.049872066364
9795.139909365618
9924.352676052285
12917.89965351864
12771.531209164326
12543.77211467052
12744.421687222954
11537.47816092306
11279.342416310068
10324.007056818866
10094.062428274176
9370.611926044901
9184.597781787888
8524.192537452487
8347.287659064841
7683.697832324133
7541.935122125592
6922.132901516745
6855.231349783018
6313.98440873446
6360.770611805068
5955.829315986342
6157.948704474418
5956.026496028337
6335.421247557313
6290.405127851094
6805.193442218797
6899.416707366921
7627.411754991094
7862.235671394485
8911.788660324739
9051.663913909093
10341.236607504317
10234.319648947732
10176.723391011337
13426.587536633946
13524.097906579005
13704.042127520823
12174.09688615679
12026.824409822506
10777.845951956357
10404.556526104869
9606.480799125444
9359.87920969376
8681.92686410724
8459.475938330985
7752.307395930611
7511.75701185757
6812.441022924357
6638.239134292822
5970.4611344474215
5906.156234381542
5389.306598857815
5483.723600230816
5220.943233659113
5559.661188877227
5515.60315238009
5980.536703203275
6080.00592536907
6698.006406512276
6918.634568036168
7950.010099283007
8250.722621087893
9564.752283696296
9325.167411030505
9554.627431336132
9691.608797758081
12951.403624673176
12803.993637325488
12561.565536397547
12772.560305415082
11405.920020072464
11033.942975037427
9951.06043794271
9642.331638090462
8918.857750483938
8642.159010255997
7944.770182273619
7640.996465777721
6881.63719704177
6579.19390319394
5826.313783329163
5587.768723239692
4916.261766736326
4881.570828248452
4478.628385071771
4731.091418736016
4661.438326190386
5141.206597230364
5236.820843188779
5811.691633864207
6024.317188434743
6776.2815260822035
7187.212752970879
8444.361107032524
8686.16761491198
10139.125323456765
9999.150370075016
9923.973535418829
13291.314913610324
13363.932806544102
13499.460485797243
12066.854279416615
11795.870646614349
10530.199849032491
10063.77390549632
9254.442145656456
8926.375542566422
8214.729613506499
7889.420699660151
7106.48055501832
6724.590350736967
5907.638772984932
5539.215861504294
4714.683088064254
4455.256305722418
3857.965461070702
3922.6692533200003
3770.6390754612944
4196.480637482697
4324.772550911862
4895.8037819745505
5131.863402236776
5809.653619678961
6140.292641540391
7194.651099381014
7654.7268691597965
8957.238362296375
8857.94669368754
9086.823194161876
9227.395737614628
12728.722452551796
12602.05527745466
12393.792989498603
12501.824562717322
11249.452860633672
10793.463272305135
9730.809476814491
9336.178261991103
8573.495959765401
8202.688126534842
7446.476015540418
7023.324301562505
6178.7241439314475
5718.449532934628
4836.064845696137
4385.224464665122
3566.3839747844977
3348.06852602398
2951.922281002006
3241.3302416894576
3328.2559098989364
3919.7674942007966
4182.4412249077495
4857.295417215611
5209.288951918138
6030.236432221566
6545.464034881929
7765.497699561627
8133.426867311664
9382.342081658679
9286.528163950632
9243.592093993884
12796.594897057477
12811.463520173156
12854.34899558825
11818.541080679595
11454.033443902224
10396.243029190793
9908.317506481528
9053.205296443131
8631.216178320126
7859.945804267707
7421.535258179864
6590.067203466912
6089.644311607718
5196.701845758253
4649.359516190779
3733.2498641727943
3227.046807042911
2486.2445899259055
2418.3398949139614
2335.1933808646595
2847.0206577257363
3140.4473600315305
3841.6319855928677
4244.637656109582
5045.287734395627
5528.95232673335
6526.591598259683
7087.113105227991
8177.751459242544
8261.819985142836
8451.887072584865
8577.439777038984
12377.823034820338
12275.484515523382
12109.514884182516
12109.539665719443
11107.325570065665
10623.379098187403
9664.017489906015
9185.062178095379
8362.916657431919
7904.088535934831
7096.406450073545
6589.98684955457
5723.417511354237
5163.5840346803525
4244.297601481646
3643.385855144087
2702.0890640023995
2206.4718059910288
1629.0878398869017
1844.051589879043
2046.8933522934658
2751.4383168143736
3202.3675411212685
4024.311510079609
4544.72044745156
5484.778974068791
6081.476017700744
7176.915700025816
7637.930697035763
8599.652738277762
8579.878185582575
8582.517762888237
12499.29939508498
12536.687931130502
12607.886668379932
11693.758917831012
11355.649842947389
10366.722370719475
9850.456693462049
8967.585361546839
8474.780074544313
7663.1429724483505
7160.396760164995
6331.177199288812
5787.993959523843
4921.417317596488
4332.794497278366
3420.5756769716436
2803.740475939522
1904.814358248163
1532.3845696911842
1265.1476771171074
1753.0615765830107
2178.857571751904
2994.8861058569364
3548.627558050544
4461.423157330075
5070.984839286399
6116.415814980765
6743.575395027571
7770.284585166785
7873.938384057704
8043.958633569118
8152.298901346582
12031.24779040984
11943.568067365126
11817.854010052117
11989.493812217792
10966.723274019421
10570.306984521074
9637.286907265114
9144.145385686974
8304.726602419842
7796.513539153732
6990.949842550742
6471.544273424504
5666.836202234372
5121.083536007308
4297.882231762198
3727.9559223998385
2889.447794935493
2382.6729710503328
1733.8359385299902
1649.322578465211
1698.640615881283
2296.4624844862174
2746.278979698224
3577.9563390278913
4150.835858942826
5090.115942744399
5686.959283068782
6832.033816952225
7233.264403797132
8297.378335108911
8274.501092939661
8268.531721086256
11929.624293119366
11881.753479603372
11831.368856322966
11783.91275788155
10981.178373481958
10364.738374223216
9808.410297925673
9017.765244064694
8528.174120212296
7705.813390979392
7193.797991904873
6436.565545562991
5930.526019166673
5179.784340416863
4654.134620604778
3912.86253653034
3416.7814644011105
2754.458733283218
2436.7595754798012
2097.3495532135453
2284.585045044169
2465.4298477599186
3083.1446778592594
3533.04050848204
4344.824827535044
4764.911818892648
5420.787597710445
6573.133251854648
7225.3060187739065
8054.102352021878
8143.56300557096
8182.025394289995
11878.123688822005
11836.483482071324
11778.914077460831
11531.54897794452
10687.185040837943
9962.981360025356
9565.779897893457
9290.996582665459
8507.4387816134
8009.178790445123
7243.887073317478
6778.843995928137
6073.970431668071
5596.988016898743
4897.662975441305
4434.460633745975
3798.2503049662732
3439.055275045033
2974.625796059379
2886.6730257742597
2783.71132236663
3114.3167300038867
3353.8911510145326
4002.4991409960617
4398.972411420282
5061.18978766851
5303.682478211058
6170.948074573692
7044.86207097975
7821.545254302633
7990.24806802578
8073.237745628527
10225.292095856063
9883.597734719726
9820.0407537478
9237.045147160236
8834.913541448483
8095.882403554592
7650.538597951407
6990.836163719331
6560.8425999008105
5906.076055853921
5458.469385557373
4835.824728084465
4462.163798883376
3966.1660617259313
3779.153379792748
3512.504641688401
3608.31656368819
3627.5225235498497
4016.7937394243404
4278.910338701864
4827.895069877589
4977.68317820442
5164.058224556239
5608.803752939965
9763.971329713746
9586.059597713907
9459.699482358606
9436.898789778346
8798.880407297018
8471.14399680403
7890.4388390684235
7539.394999806874
6952.755520151369
6553.521476337173
5935.65031796372
5546.345457381668
5017.511074507873
4770.833321015241
4449.773931680493
4419.075114051027
4287.68792749876
4438.715816174288
4402.3210299460925
4786.82038632319
4896.600241270893
5320.8563479510985
5311.496560728586
5415.965834865513
9628.593389749078
9540.545522348864
9473.259095673922
9388.397256858036
8967.900020568959
8665.806656817089
8390.45585569873
7968.386207274479
7661.075588602302
7148.652274332813
6801.40619080906
6261.008361002068
5948.673649818267
5541.506855988918
5406.491455716585
5203.6412092889595
5229.547839313083
5081.87023537782
4974.171294400365
5022.70929459826
5051.971807467853
5285.218672398173
5304.13596481139
5349.858800133872
9583.340348322317
9533.23576987749
9500.725262418538
9461.624022797987
9201.885405305939
8897.513426331565
8704.555126255018
8609.356784143447
8241.077855882098
7987.648801412232
7591.358593408301
7276.475815728691
6838.524720018897
6581.078605104057
6248.190817424093
6174.031965028513
6014.290955671936
5975.156796531042
5898.5428123721385
5789.497517670219
5461.967738716709
5363.21895338566
5330.447813619887
5341.864402235633
9304.92555224312
9144.478786339676
9121.878187684933
8996.512186124774
8843.687251842372
8583.542899911254
8377.209608628911
8049.06659067606
7714.724542756776
7372.597729518795
7074.90471453267
6871.6024059246165
6727.273635211516
6517.5007542368785
6495.382278713562
6451.978671009128
9244.255862643144
9174.908294991686
9142.931496881
9205.944074592306
9067.286997176281
8951.669969941373
8747.481975860683
8490.703401952615
8157.281641124976
7820.495616586512
7490.26652117042
7270.482608870125
7061.94567536387
6834.039734947944
6783.181999491018
6739.838539835892
9221.694202218952
9187.123299187298
9183.547593799165
9234.913043522774
9153.46908641723
9041.16260915567
8869.828009403074
8610.946838530066
8288.048363246551
7937.801168123764
7609.091317251918
7369.40255889942
7154.243032429002
6908.973211761342
6838.667828125029
6796.084172337864
9215.998442609944
9200.024509210069
9210.270582587955
9258.21117673029
9204.036235194877
9112.35050193225
8952.460870740228
8706.42613447502
8380.271103980185
8031.08513787614
7694.027420221262
7448.239119428173
7214.780458224032
6971.247088777348
6882.2262185656255
6835.4356086710595
