574.1744304487906
578.3222177759089
582.4611958533809
583.21843581801
575.101543625671
569.6536655689837
567.7048774309063
561.8769537626509
559.6970109660671
560.5098590122636
555.9087710548953
554.2603686786828
555.4605805005024
549.3956803222212
541.5051017166292
534.6043392787375
570.5164242858016
576.5152091887147
583.183238550136
587.1196646903389
574.9675712048091
569.1937447299716
570.1310551828889
561.5569147704267
559.6549076624932
563.375870754131
555.5145774523522
553.5683214863279
558.0106014261692
548.4541066555595
537.8699442460929
528.5092117199179
562.9698299091641
571.8974528691575
582.9857334561776
595.5810847165966
573.4188675289807
567.2000431442417
576.2005965309756
559.8056824667315
558.4581111499201
570.3458674994761
553.8325925210277
551.3000046551401
564.3791958996221
545.8704153836809
530.3785704878811
516.6194420121761
548.7396097051022
558.3721606384303
576.319801793376
623.7346758146209
564.8644792865668
557.996051091
598.6474745742117
550.9720347139689
550.9209239636452
595.2068854675608
545.7084175762532
541.5893363125598
587.8801714065183
535.039916803601
511.389821899526
494.29239193175624
516.3467805925661
518.4744592388779
522.6989765035867
529.7303000428436
535.4901683114034
533.4427303686011
538.0681625450986
543.8645058358214
527.9989578315447
521.1524530761113
523.9316838652077
513.3091463787114
515.8974804773377
529.8108471773472
511.2084921075
503.4165182555579
506.9404561855261
491.9661366087761
478.982421275935
469.52061161171935
450.67286678281795
433.8482677492713
424.4409108964444
419.40686441062877
514.8300677330377
516.3632369875371
520.7271869505374
529.7718347496647
538.796761917574
518.7305679645061
515.0205674621593
516.3263898751837
501.72058241821196
493.96445254055595
493.61195670123817
484.56950523854397
490.03229061047085
520.5404191310241
484.92076247847547
473.2478318891244
473.85009097152584
461.822247529014
454.8504073036817
462.71921228771936
443.458943362097
427.4112872574418
419.20481608412535
414.93145352627886
513.3502488173824
512.9346289672559
516.4718876501018
529.0749993642827
563.0226107951898
510.71662020412043
500.6878314705574
514.8676467049097
482.2824255598439
473.12282313662996
485.14457000359994
459.9663791375491
458.6686252593404
479.9875368793355
452.023783911205
445.5972442839825
464.2556777445756
438.63292825869934
437.87279486334154
478.3290184239677
437.0254095835527
418.9924656097895
411.8835327621872
409.86456607754513
515.1884282851966
508.0710732767985
505.5813885659255
505.47772820994686
504.92813968394665
485.58191586763195
474.45511083524764
468.7562244478901
453.5648384416744
443.5590066054401
438.832708937319
427.4150592296823
422.49606405384753
422.976783813116
413.30206611445703
408.47507976555187
410.11622191031904
403.7077853027756
404.38058685007144
414.2697167832881
407.5804325945686
402.57248395094365
402.23937428093103
407.31366488972753
611.5973593632558
601.2808078154656
584.1411540101964
556.0585953464124
527.807727173568
509.5622210320321
500.6670734779561
495.3931652647776
489.7157632327595
469.6569007695535
455.7718463562948
447.5047130440657
430.9722239291809
419.47913092327576
412.92971450770915
400.2724540325919
393.16265011205957
391.001611340309
381.77999875699084
377.530536909974
379.7472441433196
375.9789859457502
379.2158699342135
390.812215043834
390.24579813947116
391.8431277750935
398.75913045468394
416.97821093271483
447.0890769005842
476.97539067763773
495.6023450094054
506.97300046674604
622.7983390115128
613.5596881248002
598.936541164057
572.2537210685784
543.0035242488408
518.2669377610773
501.8649285804823
494.1930541785192
499.6873249821178
460.9923690742937
443.8164246951463
443.54054815192757
413.076159173452
399.2756549281794
401.1448223844953
376.19291962604666
367.43396917637523
374.26426569805784
354.3454796004698
350.8178213346094
366.1748842327249
353.6144101566328
360.927842032183
392.01525421776745
382.1788082586496
387.5238660360564
403.83396960210774
430.8788914798141
463.0652823812119
492.52911562492926
508.79945973304245
519.1203799831939
640.6345249260697
631.4932991448198
616.9801450308582
587.4899276462158
557.4237159111859
529.92021846484
504.8439579980792
486.43372070563953
470.6154753728008
445.45146408983305
425.3644596233103
409.63807800440793
387.87246326817063
371.07768381316816
359.63346795486774
342.9766379315438
332.50458460412887
327.6461715895048
318.2182865442788
315.84045794821964
321.6842123307732
324.7256191277822
335.7773794885675
355.25375725383816
368.0605790248552
386.37365466825304
413.45073368437056
444.54217012501357
478.98815779277095
511.9106204224479
527.9777859166672
538.4288347891843
667.5449885101318
662.3219627618589
651.0859367800517
607.712727654924
573.8263955671487
546.0115558270782
511.2148257159369
485.4225039865541
464.89783469487594
436.63811411225674
412.77295136069284
392.93706865443744
366.9877305311978
345.95985163069827
330.6623704693073
311.0877474035812
298.5567859822605
292.6547425156043
283.80337638692146
283.7782611478835
293.2553123294086
301.49621535795467
317.9218293944873
342.1879658401187
361.64636058402806
389.30071797851434
427.3546901368284
460.82361809436617
501.1216898737978
547.5233561049755
560.9729012437913
568.1851660598537
696.6034823832649
702.4349635770214
720.5550952976332
631.5931265183956
591.3872426353324
575.8217743303554
519.2394694520418
488.55703557695654
474.87637344399565
432.9418588182974
405.5080386405016
391.5081330404951
351.27398634462315
325.33848085842914
314.9717266607831
281.54749894852154
266.21256789028985
269.1394204086205
251.7014412113991
255.43696498943723
279.7893009860227
284.1818040311178
305.90140183429133
345.33948813181945
359.78511698811286
393.7133302188628
454.76799566594804
479.019507755783
527.6942648942172
616.6910269483934
604.7233899653573
602.6145390797964
703.4422017485931
697.2158725598849
683.560145083767
633.9466315430327
591.8634729879911
557.2456694007992
515.7532223649482
483.116146768557
456.15861155962074
422.9527608140801
393.10603695929143
365.1351292091025
330.7688170508858
300.3655896291265
274.28028860554974
245.29489169581296
226.0004805232277
218.0688571850472
212.85876198832284
221.76460672590866
242.53846642925373
262.5002238729057
288.96172452071363
321.1592402543669
349.67188655485
386.72751499053584
435.3905199676817
480.58025949159446
534.2471447981043
592.3572943677663
610.7034027852379
620.6312394005519
721.4104076850516
714.5837540422875
699.925451003692
647.6501495998491
601.2731027393395
561.2535840191554
516.6865633159555
481.88472671914184
452.23187235390276
417.16701161241826
384.7079952229883
353.82439198933
315.6110232195513
281.2167657309699
249.90315167620693
214.80084852654662
189.09932534597078
179.21068362905655
178.11428996991324
193.73861970223845
220.67274166027272
246.159713067393
276.62825398352174
311.39825382129766
343.21610203956
383.378120483008
436.90073037689024
490.6493404969921
554.5033621775393
620.7194700504687
642.0592545051234
653.2029562943376
749.5658992709382
752.0260932433881
763.7994126259026
673.451808566547
620.4501761193311
589.5435439214634
524.4533213994281
485.44674833853463
461.7056400044062
415.7437723634329
380.801214121851
355.47978567983193
306.0091186635996
268.14572610796347
241.59060162928355
191.91038328898046
160.2176283190924
155.6355875711935
150.1402425810058
172.5121775058135
212.77892624936132
234.36975456108323
267.8497726951116
314.14072089212686
341.18503206488685
386.0339391340121
460.6427754980803
511.2183203405107
589.4115627336639
695.2709576115699
694.3622302306146
696.7944183396867
760.0317372904142
752.6773571855541
736.8293733747623
680.4265621480682
628.7643930707943
584.2028860505384
527.4765726639674
484.0406618574239
449.16680293689564
409.862626583211
372.3557206668958
336.7207663506022
293.625605471654
252.4594037515105
213.43901174367366
169.9632276708723
135.07132751311974
118.24066881840845
123.33526320218097
149.58738449338392
185.16035406502357
218.15278827168703
254.8059287414543
295.8630004466574
334.0906714528819
382.8564038480505
448.0647574000961
519.8851668800247
606.2775040638807
695.9759589966359
716.2070172517824
724.2555184291177
773.6897448298331
766.0877270678393
750.3663338854154
696.7836391582946
646.3570103679992
611.7685985064484
537.3917399683102
487.2662912019607
448.1684510734655
407.0443803838117
367.61432686694843
330.1375041719993
286.51257066610606
243.7300479807347
204.4913977309121
161.13617786415423
126.1909971636956
107.71167564482658
112.68488621493857
136.676758200483
171.59836859951102
206.62651472394694
246.0849201688051
289.64108428462436
332.4223112418219
386.08772892632584
456.081416099339
534.4486102101406
630.3122094234528
747.7446562974617
747.2420144059726
747.7093039221771
788.9033549144201
788.4324401794483
792.0299531558139
714.5254697585227
657.3721925707785
617.3140047233125
543.0340662929616
491.6514944338426
457.50268150662595
407.2170292192695
366.7446924374079
335.0868629791078
284.3423564503582
242.67486886082258
211.31081444357346
164.08315659932242
131.987643848703
121.54411719333079
116.96268377815056
138.6769553629607
177.1579818706407
203.8037629357562
243.08136265563408
295.97556327265966
335.4012146575541
394.29648752353074
478.8255955322347
545.797233553507
635.5005137349635
740.2763298046124
744.1390868534692
746.7875872957935
786.9873942808279
780.3527785531973
766.0749225927567
713.4428690728832
657.1758214948837
602.0586514359557
540.7490563097838
489.4193888780719
446.7450506264
402.5834694869543
361.42142161410163
323.4813046017333
280.7519830171647
240.6577206947296
205.62030692981617
169.0843499018338
140.24128749991277
124.4307553734626
124.53832980654325
143.43074358243234
172.99758833588498
203.84377157251527
241.74278089115322
286.7004341913847
333.91298590074814
394.0320475903167
468.244737122266
543.9881697338757
624.1774604261756
696.4082712247906
717.9155661111146
728.5238691709383
788.1269595207268
782.3734464724632
769.8343244268118
719.0764116607673
662.0099617354833
605.0819983944148
541.3182990995326
488.73883367829814
445.0159712539456
400.1613596037899
359.49290828418304
322.22757431834066
282.275707718059
245.7038132249478
213.33350399011445
180.74805467310324
155.57037414262885
141.4392586945565
140.00362226242905
155.1782217438902
181.28521921875472
209.7575264473942
245.83060073822452
289.7359929216007
336.550153485409
396.776047283149
472.25065678420833
546.5571280617128
622.3035538093764
685.941770623451
704.7659541309505
714.8725074193179
793.5696149436776
795.7261908112465
803.2113969687329
728.8534000561334
669.1968526776602
620.5332423611524
541.3097760845973
488.14641573017224
452.2739489470922
400.6034650471242
361.07232752316537
331.49092988977316
289.0272356671241
256.0034494843256
232.12018110464868
198.14022298324883
176.14297313721104
168.9382150175108
161.45703984811334
173.14545684240693
200.86255728974322
221.2413168048517
254.82990170985258
303.97339531566547
341.0762850891904
400.05333722846285
487.5299260762112
551.5278790252175
625.7263364717078
697.786281519309
701.6079711186824
705.9832971640408
784.0131767363886
779.3262289060987
767.1269099365962
711.0348900412222
647.8220302701276
583.7103211471779
521.8133866613704
476.95693242079903
438.79656334087747
396.59257663769137
359.9082817868463
328.2036459258759
294.7944401146866
264.9501862916337
239.63437854326628
213.7332052381605
194.71886809843238
184.88678703622216
181.60250304580666
190.09097314016643
208.90246231422327
230.27031358544215
260.2366592150391
299.07642700743116
336.3282012557657
384.0749551068565
452.44087481494194
528.3911387967405
603.9420893520914
663.6668828190224
680.5770173222365
689.4384116610966
773.1776556060976
763.0048862392681
740.2513536290597
683.1266863178178
609.9325997534089
546.3857404913264
501.17139637662416
467.39073079031436
436.55477450244643
397.10284004865406
363.5501602069766
335.54754578074
305.0606576192093
278.0136943164618
255.02393822825474
231.88844670219103
215.19102928601333
206.82715205517775
203.71918974956733
210.78831893463925
226.68252154183463
244.23374155221038
270.3193829723262
305.09983531436717
333.4729284806868
367.7177916996362
416.58149268627835
488.94726293113536
573.1130240452792
635.8679465323669
662.1885839364311
675.4123588508351
555.3484762783706
512.389668444319
484.0583368112886
462.2666845639977
447.48628479841494
402.6035327207407
372.0900826718829
352.8319825990164
319.53037365199805
294.68764147957927
278.27382023576007
252.69366311769068
237.88361915683055
235.22778315103372
228.2445797509257
234.5446196008262
253.75643861021163
262.28958257364593
284.9502950286908
323.854598299014
334.5056520156009
354.8500399800583
384.3609376211845
431.5934114330067
513.3495670942461
487.599147418531
468.3850510876473
449.02698126754336
429.18694650543324
399.4786430433433
375.8778716193347
356.8903067134492
332.25539644148677
310.4056878289594
291.9526547105001
271.83617344458526
258.19185189437115
253.22320565250342
250.24306319735803
255.30847501663274
266.7038278818841
275.00258782923913
289.70922887083117
312.26087313078193
326.6803317115403
342.9359063833649
361.6363446320238
388.7566551851107
489.73793576340495
473.51315126258817
457.7768297441876
439.2960039533675
419.2705352254468
397.12948267625
382.2743085842014
370.6367210506699
348.9334609182571
330.50800688859755
316.2304533727069
295.6431172599114
283.26652462692147
280.4738563794574
275.57962328931677
279.0321433350834
288.70549295787924
290.32312447917747
295.89927340651155
308.9446531166526
321.6493712172556
335.56782940537283
349.54840862915
365.7132967554263
477.141993620825
464.2748184845909
449.03696996965186
430.40619862603
411.1834756052333
396.74326329487855
390.543569157462
392.5102636130715
366.7290074089204
351.8284584185347
349.66902972806724
322.3753619227688
311.0365999660134
317.0536064303603
301.48284534549515
302.72260351850605
317.07752459113243
306.72102164880044
304.893777085156
309.70712240546806
318.80953903034145
330.4935830557034
342.47361027492695
354.1801798875184
400.1199143837187
391.46018561845716
386.8968798778495
383.0549168372544
368.7108341550374
356.49027678070854
347.87245026326997
331.15103749957683
320.7126125599171
317.57331751551806
309.84898723121654
309.34005012238373
313.68505496713414
309.917011483886
308.1742150698857
309.40902990685225
391.74625263797986
386.7708811455636
383.0079395012086
377.90138497526374
367.8615305409196
357.3375851848463
347.4887121446776
334.66881121411365
324.8473877396585
318.86498916517274
313.3088415008791
311.8578628875427
312.66190786012714
310.9466805730287
309.7525497430604
309.5849497343083
387.4159547947736
384.14935592389315
380.66214908810025
375.3939099930201
366.86478298713257
357.21470151121446
347.38361027827864
336.05252698513846
326.63465322028867
319.927165202959
314.8593763245539
312.90375131271236
312.53422550752015
311.3395966556594
310.4294537742153
310.0075019755945
385.0297732078333
382.4079630482231
378.949130306981
373.72826879163983
365.9611662238883
356.89658370762754
347.3212200869485
336.8039756022036
327.70145837976213
320.7900451701587
315.8688267912176
313.5645940167843
312.64067195965106
311.5951645596786
310.8043135260645
310.3616130390646
584.0579294099788
584.3700044067042
588.0052098015018
606.8121485592951
574.3266866544354
570.2130984942288
594.8644593636924
568.0609574880816
566.5238681824875
588.4196257860102
558.0207426901977
554.7813105990602
578.7779995185986
555.6179389879773
550.4595342519848
548.7237946185382
583.86516731121
582.8115887466905
584.9817027478429
613.3226141968564
571.418048462581
567.1684537951338
602.1745370284528
565.0919044420186
563.7639011803582
595.8592510614295
555.2654118264509
551.8136582135529
584.4497340112317
551.9356489042462
548.2841693614947
547.5074514361262
585.1889075600143
581.2956452744995
579.9542574318166
622.9985531598965
567.0841129105142
562.6504813556161
613.5677135547968
560.264478969792
559.2160761761248
607.3475066321508
551.1372496037918
547.4477165821193
593.0585591603751
546.219518040139
545.813421392385
546.8121381667042
596.9960216776233
585.2153953957761
600.3211246746811
935.7818506332385
577.6618385097338
572.8655300338702
947.3177229726856
576.9911299920352
577.1214770711017
933.9199567443889
562.3619560644553
556.3309711599051
885.1805080199189
561.4214901925094
544.6428309579574
549.7261183445198
517.8647903427585
524.6414806509127
540.547447071629
590.9332031407704
625.5085455580725
540.1848814052439
531.40481386617
552.3187883220806
518.562814437956
512.7512202621243
538.4339814214861
508.51754902822756
515.1689368155768
567.6400596324643
508.0523132853909
497.3473705989383
518.2893642044662
489.60111547182714
493.34312535736706
560.4617533322133
509.7335464434689
451.77392935985995
433.7227165675684
425.7227129592105
511.1592157085632
515.7225564891266
525.9900937397372
583.1554925617776
721.1018454791708
530.579762181823
506.8084325491732
518.9997144634995
491.10715383617924
483.8202767715464
498.53159375335946
477.4707700198752
499.64125188143095
721.9227308342395
491.31021585465515
467.04649096413925
480.21974791503686
458.1946763089322
471.45065230111175
636.4026680904454
495.47292334290995
435.1193355022863
423.5417981381645
417.805410796084
503.31393722732236
505.22515104809986
508.8665167109081
549.0818938585046
833.5782371110224
518.8204145607158
502.4575496629187
643.9640094629873
480.59026584287005
471.1300984220006
592.4854904174273
458.56165235725524
459.3594509908747
598.6072470624416
454.33405441092975
447.3979110806302
593.0452277985296
444.77579965076717
450.1509524801976
736.1567764203568
460.7007319852214
416.84061355969794
411.6863711689239
407.8019205529447
497.22864388088647
492.60709518300814
491.96822984944544
495.578022759883
510.2309181116641
474.64588207849556
462.79668384678735
465.95797982941525
441.8968048655597
432.2276009008512
435.3041321213499
417.0925410231149
412.87770401886877
421.81410645151846
404.83241404966407
400.4220060836024
411.50542472544686
396.9573563998445
398.7305573062337
424.5560968027805
403.3684967232639
395.07242727292754
394.25467293583944
396.5973236359917
598.6976393021467
590.7572625390069
580.0283994239896
546.9039487126261
510.13547065808376
489.8065303516751
484.9399520931528
482.7621940160164
489.36213147781245
457.1924135950802
443.26434434883595
443.0284558113074
419.11244941779023
408.0642846629337
408.520814770891
390.0014822954803
383.44863782162724
388.33377425291906
373.19475298396344
369.52675519436065
379.8685455492541
368.79326098330904
372.5139864737074
396.3413218183971
383.81416180571074
382.46197631489764
385.6035185762897
404.97445572521383
443.4400796123814
478.39201369164954
489.5750660294629
497.7074777664252
609.3067393599928
600.581537911304
590.769272099225
561.4837626852242
529.5887868322558
500.2533175737375
485.75588919149254
491.0036302583678
620.2874077768975
456.7107465636941
438.7421246701332
526.3153498126668
408.22815041415976
394.7406137773993
474.6428914075267
372.6586989010216
364.4689201098497
448.8112866243958
352.87033548049493
350.19756793650663
452.23206459163544
354.27570865677774
362.8254037150803
513.8630542731356
385.32575619261297
377.87944914031914
391.4264660394968
422.7280487232802
457.7461923930005
489.5631648191938
499.6573331038115
508.41162138162616
629.6139003170163
614.8724817492908
599.7682104322271
567.9845816818769
538.5977652663918
512.7935673047984
487.39718787827775
471.238683960178
464.7392474063091
431.7814234403945
412.40944543869006
404.39757685438684
376.53455502345616
360.58591184056064
356.80669257369203
334.22000524406593
324.3948625002053
326.68182012592166
311.21336852266296
309.1900956125003
321.96529296988166
317.98388923492894
328.6833468828194
356.0636871704613
359.57605973060106
375.43039604333154
402.2692634611811
431.30272457006146
464.570969758276
499.0714051807642
514.0459915812643
528.2606503672646
716.6455252132533
695.4370300500176
661.0809783744335
590.3362178566969
556.125974916056
539.3564895330167
494.6472288040083
469.5685036532485
457.0296421396125
422.6137036238823
399.6309506902744
387.06614563631786
355.9404129898954
335.98057431304426
328.2910610072675
303.13939468329824
291.4097625290569
292.44014655128416
277.7708947729256
277.91930846872464
293.4202875741662
295.0536181967623
310.8455910881072
341.1636186748976
352.54404472591733
379.17579225473446
426.2880625839157
448.3214516670539
488.3776820408988
558.4499557768027
589.6294679259238
608.9774773492366
911.6276900270575
952.9707116639348
1015.7362628801609
630.7323568204449
585.8437115149122
687.1653196894895
510.75213496227536
479.45084942005593
545.0217621140871
424.98320980178613
398.66736532832675
461.1360423909998
346.8471433457491
322.3573836888379
391.06961176451756
281.21359271386785
266.70151951279865
345.48544385840717
253.2398876444082
256.8794277239386
353.62157923426906
284.3425835793385
305.04680813489915
418.5070026402054
357.21854226430025
391.42458764116265
560.901869954075
477.35954320790876
529.9918423474106
868.7385313271222
816.7692585848317
783.0627271675386
752.0673675998895
727.1675272400116
689.9775015129495
614.8876907748619
572.7405576540004
548.8726314755785
498.10884154388197
466.3626441022039
446.73091432572375
408.5400059635366
379.9390373350994
359.3831161620752
320.36384903840695
291.4817551095451
273.7120930581327
239.57109842751996
221.58995943248183
220.99846357635616
209.5136817453275
218.11627728629804
244.06751971558404
256.91063586314704
281.9850744405505
318.7404472247065
339.5298474269076
375.17569876666056
431.96889998272434
465.61620478687263
518.4586402983555
598.7528793335092
634.3972954568628
658.7020062158925
773.0152004336804
748.6857939478487
710.9113584672854
629.2621194822037
582.2308363722091
553.8431587080594
498.20494554451346
464.48029769392423
441.3231495630173
402.49498032115764
371.4941782207651
347.5068346079556
305.30179260430964
272.6717367277258
249.77797128382147
210.0077355700087
186.0196513431749
183.7624977155684
176.10879612296014
190.99794378473925
222.2714381021476
240.7821936788326
269.4501927440078
307.49196563888665
332.39369315407066
370.62243699528966
433.68880329337577
474.9746013508788
538.5408183202968
630.5505274353571
668.6846337284325
694.6180564631675
961.4190666322714
1003.5438508125242
1069.668888956277
674.5585478999091
616.3783233742605
700.6514972999345
512.6431549385209
473.054273953795
509.53980999666334
405.6514574555965
372.872981659092
411.6672789812512
301.22228296093925
265.6320150714791
312.9780415660671
193.97544139646058
164.54750457920287
233.56488735507102
155.15456592118798
175.95946918671157
276.3278678538942
234.38513567127424
265.2955868147403
365.65553913267746
335.0636264543577
379.3126659011991
562.0668838854655
508.31938783238724
591.2624371952542
945.3626424173041
902.3000715587528
877.8720013984531
808.299583088602
783.7729000392511
744.6730692102719
659.1976445809288
609.4098015697595
586.3993645421818
508.4423973899344
465.55800973793
437.20076172322376
394.6856851198875
359.00843353169057
330.32741347317034
283.38127033830125
244.0093957554048
212.8481352486821
164.8739774835496
132.1982930783089
123.98662650972108
122.85133717859232
147.68894566152767
186.81768070402012
212.7349384347331
247.25119540599385
290.8281957636034
321.8710779757834
367.623884911004
441.01686324260714
499.89356679398185
589.5530070143028
726.4520790765022
783.6063685665457
817.10174465031
799.913176135934
779.1818069860675
747.5807439445156
673.4262102617548
636.3493170186704
706.7042893046511
523.6802034353328
468.4850103174905
435.0812173848845
391.5869013053485
354.03347093855956
322.672849172451
276.0363323316043
234.28902228574435
202.034124010397
155.29688386376986
122.2766551117503
111.10237737878764
111.63040932697488
134.65404012188134
172.34592448629277
201.1030185597512
238.27856117703837
283.46518897832686
319.12871571882437
369.28845344405994
444.98123734685373
513.3844021635605
625.9073809659465
969.7982135184648
946.1895106972272
930.8982322859762
889.1009102502395
906.3800694623096
934.7448414684717
698.6357253098582
641.0859719853619
679.3722998325634
528.3560752056795
476.7443994253764
491.0495689686706
395.8019255216689
357.3636917265125
373.53650784546164
278.1229215937227
237.5779798753752
255.91724551704155
162.75490624365872
132.39784348452963
171.66571159403773
119.75877300686408
140.61948434174616
221.92637529308388
202.5058198423662
239.36311573261247
332.9496695728827
326.24143813865976
382.9567619936035
524.7406873261214
528.2816102116242
621.340026724347
858.8215345181565
858.7926666283317
858.7933387834719
795.8412917339521
777.6718174248822
750.2337734174425
681.6006764719934
627.2311908183389
583.795091260172
517.6155864571992
468.8596248258352
433.53351525203266
387.02039601496256
347.79261194332196
315.90123396527883
270.5503727518866
231.32569163722926
202.08871446558845
162.79280596777835
135.67446607001054
126.00847742927228
122.33876312314825
140.58217315261288
173.11046480453976
198.10164157737148
233.82043840524477
280.3595574207182
319.37636642027593
375.5196749177722
451.9820025540731
514.7085278330543
591.8681054116615
678.619270152694
711.5134525480038
734.7797263053853
792.6976892843461
775.8067117969229
750.8366858970098
685.9381539024118
630.7690051767426
584.8586792222229
517.5344149124975
468.18766283477737
431.8770919405242
384.7935087350612
345.9554946230973
314.07355737154825
272.1402496911308
236.91861883970807
209.058221437379
174.55872771665784
150.85043942613484
141.52275972144426
137.04336848403693
151.55185813582364
180.11923297485149
203.4677683883701
237.61364950588566
283.3105500200062
321.87355804403904
377.6216307909182
454.30939266204774
515.9974952980585
588.1482247114908
661.1798777393199
685.1872149630144
702.6312382718268
906.8040343004109
924.2809247529867
949.5751816028378
711.078308660688
650.562393811611
664.6497008894256
525.3513626280611
473.7721164536963
480.55898450235765
390.1915435417671
351.72502092107163
357.3522338536073
282.57644016607287
250.63051331938448
259.37480245181115
195.2340634870526
174.4919290520056
199.6196039329375
161.14878572613642
172.58427148571863
231.00446712678956
218.42977436528008
250.95402795155866
333.5618392745292
332.05566299516636
388.1430602602048
516.0321897842445
531.7025204997973
604.0530792448528
761.4083027185522
751.8819302312744
746.8238072096206
906.549662175765
906.7447202381144
895.7667625784192
724.1638280334823
652.8915126195045
595.3452452747805
501.0168692336181
458.8821799946376
428.75529856954216
382.290224999731
347.0087726778291
320.6407970074034
284.7833024514223
256.0340632466914
234.91803763104468
207.040940775206
189.12953046074526
183.34809292479557
177.33016708068823
185.53391210952284
207.15984740639598
223.59925247173103
252.19742333368217
294.88196899307354
323.6987904711411
367.4956094661111
459.2262608410504
531.6477087942799
611.5586152932359
727.7759997923807
737.2812866609453
740.1102693796425
890.7332226087101
879.0162245444394
849.6036668143765
707.4752903367731
607.0982853781751
523.9791978758833
480.9696944747219
451.67913310541553
430.53897446006397
384.3892042162194
351.4177525209961
328.4035027773681
295.1940338850505
268.98294895667027
249.71001126679369
224.74375885898408
209.0278173416172
204.38598079142457
198.87027405964784
205.87779560612887
225.00485982281245
237.87880297411363
263.5769037839333
305.1810466739992
323.3256789423576
352.24843650940494
395.81325730220436
485.932367381999
592.5492166014357
696.4937850640431
717.6529993514683
727.2630574800768
528.546262321984
481.76291300768304
467.16310685983785
456.4887100236415
479.31926665794356
398.5834971849369
365.29412782569534
371.8865027644456
313.45633324264446
288.5944818092422
294.38607304838916
247.92922892145762
234.03820072299612
253.304595980232
225.89584373939675
233.05506181288678
275.5901269917956
260.9080905869166
286.9275523687591
352.5812095913517
334.1324482430869
343.0728306220916
357.6336801960842
407.6868702573023
477.99855426601937
459.84362168572363
452.4712633778274
437.0371987870874
426.5761052527059
388.80375407461645
364.99855777895175
351.17298449059354
322.3743479387203
300.80549075245676
286.3280858487241
263.37331142516905
250.50799578007354
249.89993679932314
244.13170065864853
249.7221150988276
265.9261319553221
269.31301541400717
284.36189945234605
314.89558639021203
319.92765758064974
332.12780299925754
338.68478089017304
357.3910864418752
463.2686667594335
454.41488733605615
448.466141447331
434.0433308925144
418.54584241087235
386.587949813398
372.3798851698984
368.6157549103642
339.82157170459436
321.44651845930474
315.07122948807285
287.6398121614788
275.96487191692137
281.1761964591228
269.55544431245244
273.9943928713463
291.4604155461834
285.76277894796954
290.97987223807417
311.4450866155742
318.9404555828005
329.36443496985953
334.31237676973853
343.0412054245626
457.15327659147925
450.8624535721999
444.18773727268876
429.27871204708504
410.36903215407045
390.7706904882576
388.1566584118949
410.92851347081455
364.9579863070871
349.3247609612584
366.981892567027
322.91067770250106
312.36442790276925
333.01149824579187
301.72814260257144
304.8872409507446
331.9863213569067
309.2782031933447
307.129985451922
314.7984310898359
319.89961280969925
327.26427571486585
331.91425684691717
337.5551886216092
390.89962408844104
380.417074824141
377.4427326637374
380.2268630096341
359.2017931621904
346.84512299774525
346.0246772833343
322.7588061031181
313.01118470805045
317.38638447090744
302.87311926264454
303.5205384276221
314.8575485923093
305.2919910373587
305.65801655445114
309.42936358633995
378.3699056224249
373.937187946049
371.6813132227975
367.66430668077743
356.3895209792283
345.84851074805255
337.49024334323457
323.70935878395744
314.49055012647136
310.45139335637714
304.34323451637493
303.7986555339228
306.38922595863124
304.08413403233516
304.52121500587225
305.71889222950784
375.50821886388917
372.7849183350445
370.94746671906495
366.5985728129883
356.3880151752619
346.24914488954124
337.3776583249428
324.49616492079844
315.2952790535407
310.3925711629331
304.9783621593051
304.28401951810196
306.0309581410089
304.3670620726215
304.4730495541322
305.0684514284569
374.0519843703214
372.0614353882708
370.2466970563363
365.73176918677
356.31161873793064
346.50141834805436
337.3404703065779
325.10593291842
315.92153305473636
310.46486409890355
305.4901720811155
304.65064904740944
305.810016968679
304.5603283282044
304.50556817840055
304.82769285548335
