693.4912719582064
704.6880663102705
717.6701675357804
729.5699473542962
733.8850061938392
744.553602299826
762.2316343148599
778.0059296349799
799.0310031139934
821.858467715876
834.9073699366556
847.7350126049054
861.012470085088
862.6560620613278
859.6589093504456
856.153295981513
683.4856931121934
698.5649545290232
715.1459541713159
731.4335031494442
731.7271291201095
742.536810147749
764.1711671776214
777.5145701139085
799.5750066115411
826.4023142639979
836.1122626536867
848.9496493316494
866.3613232077547
864.31820867356
858.4414159885661
853.1258545121073
663.9327670164323
686.7114169633606
710.110460321091
737.6394156112447
727.3273886887729
738.4071504774938
770.2213825965558
775.42590378136
798.9379718160864
836.0389009488295
836.2588425674455
848.9262394407289
876.9711745521814
865.1711461633523
854.4792531326734
846.6488931274391
626.1600292538269
657.7641293412454
693.4164915032654
764.1600232069526
713.0851999923643
725.1258391983235
795.2746932346705
765.304147601469
791.3474813485647
867.2985056264167
830.0028184987526
841.8870692824128
909.8935513410621
859.4099893181824
841.7476635594003
834.2131111277386
433.44847190561313
454.2733097248018
485.3456944853819
531.1386895856479
579.8675474860506
609.2458298276041
635.9681089640283
662.0817761064592
664.3438898416348
678.9095091098947
707.041570989803
721.9796573055344
752.2625484928467
793.928121969608
794.1226744706709
803.2469309894891
823.0406068054311
818.9317607962677
816.9913358139449
823.2470099223686
820.1875486861335
814.888479255284
811.4380463032098
809.8315489727895
413.249727953606
435.57226416007666
464.2524816883895
507.7599323120594
556.217117627104
569.2896989105832
593.5680597194442
619.2560096151658
627.0517897054285
643.9693399665089
671.1695743726741
689.5781783047822
724.4816674835583
786.727597693348
768.6833911865067
775.2093889366264
793.6995757207623
795.2119764998074
803.2991062117118
829.3967563187525
822.0778948345896
813.7469952664314
809.8193649046253
808.8602304470417
380.1771296104428
408.69939628140423
439.0613765829888
486.0861377569793
562.2872883277051
537.5984340219251
559.4191757801453
605.6735852334202
597.1651355363631
616.6183274238399
661.134837981318
662.5213096440793
690.8585445632016
743.6297761185614
736.4324678218387
751.206099762661
792.880971170369
780.8831907108818
796.403325584582
858.1888396712264
822.6822433542148
809.914638322142
806.8495226399907
808.3741946431344
331.1429831296536
365.31669936127594
396.2333989865446
432.326608595613
470.4845117522481
487.05021277539544
510.918162873892
539.1171835536813
555.613463076294
578.223230806836
606.6561370160039
626.6319795609176
652.674718190449
683.0863632783932
699.1129796886582
718.084701319562
741.7323928633133
752.8031992675674
769.5913199152888
794.9087080024768
797.4163607413866
798.7277003267448
802.7129397178312
812.1010628311935
327.9222350459727
316.7841574791075
300.3694885022496
282.9269542848196
288.8585922431548
318.3656702797167
351.9011651340783
387.57523796474123
424.4589560751764
444.15060630789003
469.81217979429493
499.9165186933612
520.1791351068312
545.6674948368253
575.9093687041238
597.6800236978639
623.9978072515548
653.6209518612691
672.4230577945602
694.3965183496107
719.6632937085836
734.0508129294616
753.7678437633792
779.2935909516714
787.2154563590718
794.5135801611328
805.8161929119962
828.5385331871157
862.5176854287738
895.776587760299
916.1642322524431
928.4468770474767
340.59547255449627
329.9934219776703
313.84112387658104
288.0380832716272
272.56147292339466
281.4383814819121
311.2881977289545
349.8155131196791
404.0878311314007
406.58727229857897
433.55560899741937
479.2568410884985
488.9642348293926
517.0199941511689
561.8813670168821
573.616513541111
601.2760264310103
644.3654993131759
653.4811393387087
677.7969530128515
718.9383176193232
723.4979117302416
746.1305478515
792.2366727825048
787.2334249518376
796.9938300498154
817.3598392936487
847.1737878370437
881.8863902232401
913.4905742609496
930.7874095395589
941.7369393362109
361.1782346562449
350.5474461058489
333.7333951461159
300.5828555952617
272.7263583994236
262.516927904049
275.7747058045072
305.14780598926336
338.2250854400665
360.00165408250683
388.27112868844665
422.28705760628986
448.4208086416718
479.11321516882015
514.0498732859658
540.689545600557
570.7198507070519
603.7942945520147
627.665498565719
654.4526949600505
684.7811134191064
705.8625555624872
730.7946335014645
760.8461713444616
779.402594052175
801.8704857918939
831.6322173539411
864.2861171594504
900.3358609352586
934.8426689064606
951.6885669582224
962.3313181451576
393.3298701025555
386.9345241886956
373.54023549295346
322.8431431614185
284.5958629713977
261.51239643967045
253.08811987720335
272.9880000663364
301.60158792228634
322.2388370326385
350.1820936044874
384.81062396528677
412.6769448851107
445.19471895788195
482.2866713495208
511.7851162187502
544.6608717053947
580.4852446775128
607.4308582673794
637.4280991776503
670.6348624863058
695.153119386536
723.3342134713882
755.9503064276156
779.7956815906389
810.2881791283239
850.2815578172097
884.1196814699794
924.9654048298917
973.5634598534064
986.9379888624749
993.8530865020595
430.03898612564666
436.22785946608116
456.6731629910849
352.28411937160377
304.81419428082285
289.6358745261693
245.5170695172121
254.43846076553237
289.1309095397881
294.4864667049502
320.7677929366784
366.3736221258867
383.43838923748933
417.09170999890796
467.8065699001037
488.6683271124568
524.334244636208
574.5996681308061
593.6103409619725
626.7529916309339
674.2744550317556
690.9327932822015
722.0405294038852
769.1493470333653
784.9138710853186
820.4160297451655
884.3628432176378
905.826462413461
953.9602913274994
1049.564877455311
1033.900731127427
1030.155339519688
443.6311911053965
435.8944414934464
419.4528865869637
361.7747075846647
313.9362121504444
277.3511782576887
250.54034102445274
247.59850558991258
257.71483990984314
269.40893961113477
292.2104213176028
324.25967244070364
352.1532454126688
386.14255317166754
426.76587055134485
461.2353971451445
499.70088397361843
541.8278135032054
575.3583825260805
611.5732970075642
650.6272266372713
681.2985336383846
714.582689499217
750.9901306444729
780.7557099877739
818.1083032174107
866.4955776615977
909.3253009004465
961.2509815158046
1019.9340742439864
1037.8872747087485
1047.1819985347286
474.7579210150216
466.70468289881455
449.8845452964237
391.0991918567891
341.3825021644053
304.9324312463023
274.9604224319339
262.2197939032509
260.4509269792038
261.94268423428963
278.4539114467293
306.1676256678212
332.32514606300043
365.433320397059
406.10879161924754
442.3085680691844
483.0586162483787
528.0834352413758
564.6435755920085
603.1730926357912
644.1170144495434
677.2151307508334
712.189023719336
749.4432540423638
781.4486646072846
820.6231913276845
872.2205602596975
922.6492811215064
983.6087589107531
1048.4049570169652
1069.1487917995853
1079.985200911121
522.849251569848
526.5804011964915
541.8339144861528
441.3597020478593
388.1631741546329
366.54160631697295
311.6906395907502
290.296266006162
290.71798379784155
273.73000295145033
280.7216363867196
312.54317245339234
326.4336970338954
357.8019352746949
408.099805000754
434.314942972105
476.2850723314375
533.4429045156389
561.3718551753094
601.1472306944203
652.7794370937739
678.1185188447284
714.2336360562598
762.3023845356864
787.279553006527
829.6585308476177
902.5764911102061
947.8281489554026
1021.5235010071533
1129.1635770724936
1125.2771822596967
1126.4948205908988
553.5881107633643
547.1834559149104
532.2365477436927
474.9184655128496
426.76807294739893
391.1618812720432
344.35381198342236
316.0378835289456
301.55911080269203
289.2759771373965
289.3715191183616
305.07258098218546
325.1422811118976
354.3745897724347
392.37336408457156
428.1001010355
469.4598021747551
516.3442164712638
555.2532709248463
595.5127858678998
638.4423070835882
674.0987359438095
711.3807196317165
751.6463269481787
787.7387393367294
832.3049842929638
894.123076841715
960.5030149545876
1041.9409485987278
1129.3433348220815
1148.782962700782
1156.1608835539964
589.4147579614773
583.8521736952719
570.5942070504407
519.3173447278431
475.54378940610127
451.17216922951707
383.8178042824558
347.65348719806644
327.84998610549405
312.26816752686307
308.90752116275115
319.5564523028754
336.36468571748844
363.6758849567236
399.3217446117424
433.2950685057814
472.8892842174497
517.4087948579122
555.6947410208011
595.5384416637733
637.9201975824776
674.3334397868327
712.7732348411344
754.3487557389302
793.4515200314311
842.2549640824288
907.8855699835565
979.7510802203935
1069.6432033245378
1186.8013025962293
1183.3001911951355
1182.2818461672994
627.6756075939586
631.0898466560709
640.7242737305398
562.9142673147303
512.3378764380856
482.1648905388307
416.0516380075534
379.7755995569904
366.19640758462805
340.73343521389637
335.2919092507565
350.84734101143755
357.73712192612703
382.636855573956
423.7589038090159
447.8119058250941
484.4442333580173
533.548919275862
562.2688923033951
600.7275376594314
649.3713719678177
678.7818667479027
717.8944479538175
768.6140062536389
803.484480450615
856.9986223035964
937.0396029262231
996.3345110192456
1078.4068269948455
1180.677750152989
1182.020670999008
1183.2809557258117
644.0319668531494
640.4046345133054
629.6667519592888
581.0519099697369
532.4329588555948
487.64671257846345
438.49886070313175
403.591971468288
382.4155688413371
364.4371196076946
358.4715661939196
365.4099130932912
377.8205960804364
400.6280526681292
431.49060598891845
460.4377296457093
494.21572816548127
532.6432222827895
566.4870537897586
603.2397458720448
643.2228528949439
679.0534516313817
718.5007802202713
762.7932653300744
806.3883928562773
861.6580081505368
930.1653715874947
998.0186011742012
1070.2557018259488
1136.697911661697
1156.5654943675852
1166.42579488777
660.3639850116708
657.7231694761288
648.9009333296065
602.8940468183505
555.310918394356
511.34693459237326
462.9581850665781
428.9140820826337
407.6116838102862
390.0889799293375
384.53778746594
390.9278666225661
402.4229329912344
423.2854925525718
451.04851313631747
477.7301562457855
508.75110108226676
543.7300269312033
575.3051724319604
609.8193834430251
647.5285196457631
682.3843018265993
721.2212882998175
765.7389911226429
810.342507737241
866.6320814723106
936.2519535714638
1002.5508315808904
1069.8682043249028
1127.65362143092
1145.0319068001104
1154.3248743204317
678.4109269377802
685.0850680180897
699.7038127430053
627.21491363895
579.1852559559397
547.9780572918545
486.72193431972295
453.8676403900547
442.09573877049047
417.82572729832515
413.3156786080593
425.9810856581632
430.8164339147441
449.50992440353843
480.17881838694393
499.1276257913243
527.2022046904603
564.5324027923109
588.3318087140309
620.3246120470518
661.1987292521131
688.5774845617159
726.4711133257041
777.1962331876358
813.926465617945
869.7456921463495
951.3053599262939
1007.8402304629868
1074.1514839221707
1142.844775168425
1144.5726981028797
1147.7958087846118
676.224353798301
675.4855294070538
668.9118172186462
620.9223359939139
574.5302104648497
532.5825738217502
491.6455294578752
467.7126173971362
454.06069890100343
440.1749823825071
437.6636524416731
445.2665375401594
454.9836277380871
471.9396149018315
494.98196944741466
516.5383308191839
542.4352909286683
571.8532026974699
598.2406554277185
628.1739016662607
660.9219059033035
691.0642659011407
726.6092949715577
767.9297389158795
806.3407644286665
852.7480034731384
917.4228776210826
986.6327787383484
1054.958323799464
1110.3431148160594
1125.6888927061352
1133.4340370532257
670.3361694749897
664.7717837898261
649.9543833782834
608.2706445316827
560.9352037560232
521.852263783901
496.10748952166784
482.75386706841175
476.1924953080794
465.2677145595198
464.29803040583545
472.22752791642927
481.0814345722324
496.0768394858315
516.4521470018161
536.2608888563715
559.8734585963753
586.9915156183761
611.9430707458853
639.5069656524016
669.9872627114275
697.4791804670764
730.153034001728
768.7555550457311
799.5132852346138
834.0540624464203
881.6226734406343
949.1693214348468
1026.6524636774282
1084.7616582490039
1108.9344803797703
1120.8945676582125
538.1867064159217
514.5338680815228
502.34679189839227
499.9507723244983
509.20622675224035
492.6759190189296
493.17394691213735
507.0689722631953
509.1525010832973
522.2428718142946
544.7786283650513
557.9018083172822
579.9040137438258
609.8100776609704
628.5927372215223
654.4902074300359
687.8079918768922
707.0354395182725
737.4166596074756
779.8500668311278
795.773333714478
818.2272774635446
847.9907057684542
893.4671968978633
522.8185928606181
510.93160785298056
505.57573668989653
505.81210265175076
510.5369726896814
509.1578606005015
515.5828761824408
526.4078620018356
533.4713611852429
545.1558497885723
561.8566463378089
577.3782720710255
598.0634205844773
622.9144952350567
644.0197567423106
667.0719773463095
692.1591607410604
711.326978535661
735.0006147388824
764.1532803213058
783.7739718874014
803.4240115105996
823.316020770711
850.4947159423892
515.960714930333
510.44516025383035
508.6390539914319
511.60176380470455
519.0313451207239
527.6233188654243
539.9454721411773
553.6580939521444
559.4606033853407
570.3897619529257
587.4930606138632
600.6747766782023
620.6276153207572
645.6804836025008
663.0759479483687
682.7826862159932
704.6489703152145
717.0235305537093
732.5761826236078
755.0428456703363
775.051600420984
793.4138946784028
809.3558606079015
826.3917241999324
513.9232344884492
511.76582833422594
513.14682225667
520.5624520154125
534.6452771280036
549.1965720283258
564.4904717462808
586.2756779815152
584.6929921707103
595.6957701001578
621.2113363619259
626.2696514133129
645.1972140359252
675.8826039146915
682.3755849134039
698.6224354060228
722.3984997850959
723.3790503930431
731.1210443357269
746.6791219460471
766.6319413069734
785.3711745440877
800.4539282462139
813.5320753536846
552.2854409522266
563.9996643122334
574.8238046193444
587.5735770063665
593.6808682865535
604.5920486585273
622.0282025392771
634.9228382544103
652.8446020427622
674.3260949496506
686.2110007149297
699.8442435041098
714.2895538784998
719.3226479677542
724.9471936274518
734.6678045523984
565.3756894244883
573.3609761101949
580.9029890626746
590.0697932064617
598.0648747395671
608.7420656392417
623.5144562018115
638.5306113901844
655.719290324602
673.6461319821977
686.6519803743147
698.5793102328598
709.3755812556105
715.22983929094
719.6377309564632
725.392461304472
572.4072098659461
577.8409211813079
584.0157659788687
591.9553069808762
600.2802369098595
610.8671819703293
624.777224160181
640.0977343991151
656.7578994129402
673.2211875975605
686.2708510356385
697.3970796567223
706.8131494886975
712.7624083589958
716.7505003317682
720.5013546759362
576.2354433220679
580.5551723648733
586.1762762657432
593.4957685487171
601.8538158690051
612.3971255562657
625.8336471383026
641.0479192416348
657.2572158159637
672.8735918482255
685.732860611701
696.3439026445071
705.0421087410074
710.9432839616192
714.8426934845172
717.8180305639603
716.3390389103733
720.199810934024
727.9531632513175
760.2723281478991
736.1683991649575
748.0766383570409
797.096561696843
790.123538679358
813.4955053237301
862.681091783183
846.3715363909744
857.5160692248496
897.3960881427374
878.7347070082499
875.4493037259317
875.9564200549158
713.5935492509662
716.9748893096232
722.8088295628036
766.8456080255241
732.2238087881659
744.3241446075353
805.6646103635358
786.8166745985942
810.4006141514333
871.5679022335931
843.5143110163423
854.6541468566821
904.9372404996195
875.7301615526687
874.0204789448926
876.3657350018362
710.2332556563176
713.1184798542948
715.0753264205108
777.0221391295679
726.5686289072971
738.9150324095892
819.1176827803532
781.3581095405642
805.2219334292296
885.1298888183255
839.0189542656435
850.2150719087908
916.00031568269
870.5325365221952
872.7788362571098
878.9557205605713
703.6646853591072
707.40015531068
730.8002361106754
1136.5408035729415
734.9385121952332
748.5686873847833
1208.3555168706378
801.4027424643119
827.653357198026
1269.5164072854363
855.4958444154234
864.8292948166325
1263.346762078579
894.8354628446307
879.2868436856086
896.1768332665081
459.2421416258825
475.6040594526682
507.45993738070734
604.8684747882725
698.8578332960313
636.3150150855579
638.4948679668423
680.3986345182312
660.7842177133346
675.6361635471401
730.1254297852987
722.6742197735624
757.750510690088
844.768472107672
796.7558591106557
801.8888112513504
841.517611437668
820.3988990912804
832.6242206716718
932.1928153150434
897.459826218443
844.0742832868151
827.0307024083876
819.8410439252413
443.0701672317305
457.9044703544395
479.2293122879506
575.5018643328881
776.7686735351768
597.3993926246926
595.5022133501471
631.9280844255138
623.1311180519641
639.7054274503713
684.0370519774398
688.4195239006236
742.8085342015479
1029.607041738219
782.6246651217316
773.7180670996563
806.1835059062042
794.9777531466159
825.5573191268622
1039.3320346418488
890.1880118955492
828.4682789249406
817.4285667914827
812.7593653254006
417.0348596587278
436.57593588310345
450.4690593135449
526.7474975526608
894.2838211026761
560.7374553424974
573.9534265292871
767.8783861531681
605.1217469697355
623.4158534930873
795.4076505412561
668.9953470144072
699.3397524403796
889.5567036281653
745.4854805890388
758.9151901194749
948.2684644284631
792.0896017344427
814.362920521415
1163.4119275633122
853.1247786150976
809.7426259228911
806.1188066613175
804.5788464912289
356.2949845874682
390.6369856543828
403.9837385882866
441.050711648447
494.68140638234735
490.55130497325047
511.8234891341167
548.6853745387095
553.5978596478228
575.5591959012852
612.2527847549507
623.5387633615087
649.6514290916472
689.0118998806844
695.5989520673228
714.1603292717639
747.8847310046314
748.6607232754842
766.0826918499495
809.4365322872019
794.80612056304
791.9225098962725
793.1034926133526
799.7528344801606
333.7266574127931
324.87520523200175
313.5279563636437
286.45242298286945
292.46092630727827
336.4662256387033
359.7981901319495
395.6598374917706
444.41245840229965
448.20703427662414
471.961809336335
509.50595477880375
519.6690574801484
544.3837917476415
581.580265205483
595.3556458847191
621.2602606903641
657.9355139983967
668.7113844591127
690.2441523429477
723.9536681628643
728.9636415148738
748.6164011430209
787.8220351281743
781.7309343199764
785.395470077398
791.6520201505391
817.1170909178304
860.9978683156901
899.8676479720466
912.1691857519415
921.088437921617
345.75572544134025
335.6653199231039
324.4519838254039
293.09589785663593
271.4795370304655
284.79943679273447
319.79943515327966
370.74074087471394
567.7123332772818
422.28113169321813
446.4259165267063
592.8196804819393
498.35021851301985
525.0327420639652
659.5259482746625
579.7080636490851
606.5712327853997
738.6999982651275
657.7558217404494
681.7305716464693
822.6784986236888
726.9941390909322
750.5019471262189
935.6233508713069
792.5827256531305
787.6360043240124
805.6684886230197
840.7563796357314
878.5891768108219
912.4668583510683
923.4012926981441
932.9570083930854
369.31122187325275
352.1546729762469
334.6295357635725
298.5955913661129
271.1159622336563
262.634067068993
281.3106456680251
313.78243125671304
355.84288330218465
366.72123807477374
393.9412802407553
434.73642391107575
451.7796618327835
481.42403409239654
523.260388664008
541.235826937885
570.2335665340511
609.8697488740077
625.0990829633472
650.9294353812776
688.2083390637622
700.4363559269545
724.5488072839281
763.4186665887386
771.3333126399423
791.0799610578107
820.9045312279861
851.4904758482669
886.4006350643148
922.829464437939
939.2051236750204
954.9056898576054
471.1288407197297
446.158057608553
405.80287407179145
321.90527233275316
280.56217450299033
265.6871254542134
256.10955610862175
281.9297601176823
318.6071527843242
330.2871728882783
357.351157444894
398.1095384075868
417.67826556636965
449.17054609804325
492.756743061233
513.6430655356519
545.2714890685336
587.0779954433336
605.4753944459374
634.2564261857434
673.3449984549567
689.6439401504925
716.7975654407703
756.2215368184917
771.0054660805921
800.4524595508124
850.8654222044873
872.2059565865694
912.9483536362337
988.7098689465677
1023.8072792183805
1045.526415183495
701.6815452664987
749.6862535444067
822.6245973318714
369.46603303747196
310.49012866398596
430.1497589320842
248.93236201286692
271.2531157444144
398.7099278093397
310.9645828717772
336.49090247557956
469.0056740932399
397.3910613052185
430.05483031991525
570.0251752111539
499.4908776227738
533.4450787863169
669.1951709767204
599.6651362815269
631.2321598800014
761.3011593228192
692.616858451129
722.4066127469501
854.5193451837001
783.5731522940875
819.4903543296042
1008.0327484831308
906.2158175979681
958.8681122497565
1345.3343327885605
1284.0988683296243
1244.0597914273653
522.8534090568323
493.77091440562566
450.49522727231124
361.8883332302363
310.8160011989474
280.2415046380858
256.06000868937605
258.48811574055907
276.1940934435546
280.43424287684746
302.5865656638002
340.6611373907234
360.5328787229893
393.41336702330466
440.45899363743905
465.91612003666364
502.7906080721187
550.6514668941603
575.0186883448332
609.5820087610922
653.8641261690965
676.1605033001412
707.9214194537999
749.6779438900832
771.0645918010506
807.1151144244435
864.9046031432914
895.3286163263476
946.6489936962813
1030.4277378854313
1069.2288098942395
1095.5295170708275
560.8657801383499
532.8868477229875
489.48921733798437
396.4107962518369
345.84550234031315
322.5842881963722
284.2164026678799
273.26135409708826
277.9491143527897
273.92127724177834
290.0393500555418
323.13304118875294
341.98763598288093
373.84636024824283
420.5947353666699
448.0635618854985
487.2181743126647
538.0842763043219
565.1351454785702
601.648082751152
647.1035166291225
672.2438380391152
705.3635374349373
746.4987392887382
771.1136376753103
808.5983015065833
871.1656197256127
908.2592323484403
969.1654906514469
1062.8081868936317
1103.647419459962
1131.2061225501252
800.0611619803755
850.1172973031632
928.1845174553374
472.10531238312836
413.03931127062333
525.8635970050854
328.93669824250804
306.628956166006
375.94537376641813
291.1423254202131
298.85790514872014
402.38743527224443
343.31557210667575
373.76711963907644
505.3490607837678
448.4300711066711
488.85370716911115
626.7156871940366
569.1891566243362
606.3235202485836
726.1248058459395
679.2804753402677
712.6825271566606
822.1308137353901
782.3800780766641
824.6387928520287
1020.6846341203058
948.0916490979067
1026.6801195719913
1422.8464600896896
1369.8788813914707
1338.8788628238208
642.6210480749202
615.4246081867462
571.6170292602047
480.404144063544
434.4922587239743
423.4824895763965
352.70961788002546
324.80142575230144
317.1652545681033
300.3888865472227
301.27544505368917
323.0769164405785
336.1695483853239
364.24994513887395
408.27189318568963
435.18431351802684
474.80449025434575
527.3811639410111
556.5976105122048
594.5530178900724
641.3988951333906
669.1707609841569
704.3050427146526
747.7361070736325
776.1988108999832
818.2064005075126
889.5346178184133
942.4667076333351
1027.2212599143302
1166.878158960876
1228.425630015208
1264.4940606953212
654.901419640641
632.2106590533175
597.2340122347088
522.190097051871
493.4461896603705
589.1257172464889
397.0056857608581
354.83884909406424
341.00383604464577
322.1095658233682
319.8200077734107
335.89050339856993
347.0969338918342
373.36165233590066
413.6115833507724
440.26122888325705
478.13538756251637
526.8005702129326
556.9511146677704
594.5456801025665
639.7174906852116
669.2605491450701
705.4445388795558
749.1029954200658
780.9703868453336
826.5178298014206
898.6911559582411
960.2254943897126
1067.965639881702
1447.11976536915
1416.3166176392187
1396.3280704297913
780.2297742307248
801.8519248911083
836.2910513714431
573.1286096766062
521.6919956533443
580.418090224718
426.4452609679913
389.67380936712283
430.6026766586734
353.7322968321251
349.6513662685886
417.9019356727418
372.6972081721484
396.93958839263183
490.3900973142245
459.6578757986593
494.69505968188275
595.4013631736501
568.4575425176429
604.6316239189438
700.0001334541711
678.4135402082655
715.036810421468
810.6441523765949
795.3745892355025
846.8160298989798
990.1205683179483
981.1261898260991
1066.3549939767972
1321.9938647068439
1319.2074343823601
1316.9841233916256
688.2604823045713
669.018302600973
639.5870430935488
572.1988837976669
525.2181622157337
492.7261910033742
437.7243662914032
405.38394298045915
391.83877825234464
370.77891999534336
366.40236096492544
379.0672584740263
386.8530948728549
409.13005986488434
443.9066882228653
466.5803310079708
498.8723401280674
540.7156471807506
567.7067353801286
602.529282606914
645.1528761271496
674.1877048878605
711.2372793563289
757.4076943883329
792.6374395286001
843.9669193698355
915.3227036820095
970.5761015861981
1040.1266041297822
1122.3928438119847
1155.1601917287066
1178.4515732599205
698.6418326937238
680.899586121313
654.331063538215
591.5994334870485
545.3356709909906
512.4551823241571
459.62142060051195
428.4859943954529
414.79991763242504
394.5631136374321
390.71338324807624
402.25662925525944
410.17755127177077
430.7068066939188
461.41944885401085
483.1714077267402
512.8991837834294
550.3142734199204
576.3955686103548
609.1801875371525
648.8125886943455
677.7597603266053
714.2981551696048
760.4097288193777
796.6554020529128
848.4283934667369
919.4691812427285
973.9203193331516
1038.2378410059914
1106.1094261115893
1129.706400970651
1146.9973074869445
842.9171166725034
865.3533653937484
897.1162809539142
631.6513510756535
580.9887627561429
620.518649970227
489.79293345617754
457.9158601777132
492.4387296144532
425.44218519078044
422.06885620657715
472.5174645468887
441.24164869094744
459.5763285326309
523.4873587214129
507.64412470738176
534.5879107612824
604.1083765664486
592.9987265578796
623.578823806588
695.9994822148251
688.4611392896157
724.7851723815234
809.6995899110534
806.4942715778948
859.005194641105
984.5396957193645
989.608608096652
1054.9922629727218
1224.7571519746984
1212.0084135721445
1204.397293312201
846.6104331707485
848.530128620344
838.15509964228
651.3454602104863
593.7955704567729
565.2742307191893
488.4546785217601
466.01353357812695
460.0107064637612
441.6729143348649
440.8621433857332
453.7814834525722
460.22554254126675
477.274701155258
503.22358771186407
520.7081214855021
545.6571352303672
577.2978604449934
599.1459006789357
627.8490029221981
662.9723694225687
687.4300770452361
721.1886793776424
766.1221667803653
795.7098986887469
838.115328117253
926.6255727641676
990.1490438672498
1063.3279503133074
1187.7069800081738
1197.2650902796474
1199.3448477970521
831.5608603294714
820.4593743627908
790.8793848177964
647.1236078487884
575.8632131618099
523.4603578225937
492.47329112882426
481.94074166079093
483.88697410166526
466.5442086251501
466.4473590247948
479.39209862439634
485.12399935677007
500.2771834253633
523.2931911280119
539.6532035698779
562.4765726036173
591.5390627769672
612.6819629138615
639.3324305418098
672.3586570875614
694.6598162999037
726.4508488275551
770.7388668912605
791.6782207754272
820.8577256600579
863.2090515042004
947.1753671205956
1046.3636236196025
1154.5358112679332
1176.642179213507
1186.368319599447
537.9735619515459
508.64612609907533
500.80438866120517
507.7757540609806
556.5065609029348
501.17022392481937
499.3092712251649
539.5427804903483
515.9373805242569
528.6054697778499
572.5313836348358
563.5051288787408
584.8010945327813
634.709274605221
632.2093235866373
657.9977587286305
712.9189407340797
709.4453103142164
742.05568642772
809.5588466777136
797.1400076546932
808.8649496847554
823.549456837407
871.6379437627447
515.0737777179215
505.43557714458746
503.80572273064104
506.5467491113655
519.6854764971265
510.398734135896
517.1377983384036
532.7448298745788
535.6498720793254
547.3111772451288
567.2425342252004
578.8763251899389
599.0811617607408
626.8076624431492
644.0311153226157
666.8383204128419
695.7795357416293
709.8707408903422
733.4954334966951
769.2431251143931
779.9945677626916
795.4348798591599
802.7280036847188
821.4776027084314
509.414581186298
505.7204239075228
505.55718697558956
510.5416078480201
524.0735307921993
530.6966016986951
542.6617013791462
562.7730466153636
561.8139070186008
572.246665951224
595.9719630802637
602.3546122172048
621.9350062351236
653.2945791584668
663.5119503692629
683.1699171038622
711.1259507693283
716.4542762027003
731.2470491626001
762.4067122554394
777.5523924778927
791.6142134958503
797.4800074807977
806.5234462103076
508.41601029674104
507.29549584967424
509.7782229122169
522.3419492777914
546.4083516501462
563.1682185151111
573.8906681636089
615.5772063156118
593.4403436458015
603.1626405292212
646.9397240060531
635.4565351912543
653.9611924897604
696.3507608075278
688.3568731855191
705.1734673108435
738.3486813792939
728.8076932835544
732.9218912702632
754.1963714614747
773.743776558409
787.9278120794967
794.1992957948836
800.4634395722304
564.9040122969806
573.7551464234621
577.1936002404407
595.3233530307391
595.0251337721866
605.2619017773301
629.2324005677614
635.7791126871693
653.4675587712445
680.7349876568427
685.8911471093886
699.6973595686093
719.4176720290745
719.0958039692637
722.321495230626
733.887742504242
575.1550692859753
579.1230023467804
580.9927954683479
590.6295720958433
597.3057028243194
607.4906519822233
623.1547664063352
636.9114360196809
653.9184905843653
673.0122729870734
684.6783651810719
696.6927030959961
708.5835890765874
713.4661137826571
715.8025569278877
720.6246537082307
577.7984579199975
580.4049699593957
582.4362098871494
590.970227771342
598.0588448608659
608.1005475240543
623.0076818322351
637.5406818374472
654.5856530947652
672.9178528649818
685.0333230291964
696.6170556118499
707.546034447527
712.6298450390049
714.5890070883289
717.5321671719809
579.2721055108597
581.330385703571
583.6369992910883
591.3836086345752
598.6803102909945
608.629346493218
623.0255625389592
638.0262209241334
655.0992321799876
672.8630027124956
685.241177342016
696.4835779563521
706.6807022156332
711.85039707844
713.8135333785392
715.9708064241388
