1384.8628369019355
1392.269923379103
1399.7778215123208
1402.008118147973
1390.1380167628442
1382.4614214385595
1379.8440588203378
1370.1113945204538
1365.0867176775582
1363.9086618990782
1353.5799468368489
1347.532583183217
1346.2901994133324
1333.490619440203
1318.426197115722
1305.284933020422
1378.287239132974
1388.8977498316735
1400.5873719950962
1408.022283860365
1389.8089358358893
1381.6601549091822
1383.725817877817
1369.6204636761192
1364.996620263346
1368.3783486422296
1352.6852527616168
1345.9949507268914
1349.6819903716803
1331.0586780097883
1311.3249294983927
1293.5329035452637
1364.827838156958
1380.7166439099099
1399.7334622516871
1421.2339014550562
1387.1640622861094
1378.379835804718
1393.4209252605947
1366.847634384677
1363.0611285824073
1379.4062372046408
1349.6563609937307
1341.8017363619858
1358.9236880572582
1325.53879936034
1297.2279609953487
1270.5857683458032
1339.2367435526023
1357.3778746551602
1387.999885135975
1465.643715696721
1373.1356820365713
1363.5137499825744
1429.324593431506
1352.7575616615554
1351.0126638577535
1419.073007406493
1336.164609784415
1325.2970555365955
1395.0494300218688
1305.3776042163952
1262.1520680480214
1226.449294057423
1257.7056146468453
1264.760239981178
1277.0411968205667
1295.7983359661084
1312.5540832533325
1314.9293455765755
1325.1796746001057
1336.8989450195122
1313.6785857089728
1304.3974313315252
1309.8494987934696
1292.6836726805755
1295.1054697327888
1314.2773877802586
1280.3813060062175
1262.9084308055715
1262.7275399434434
1232.2459449066225
1202.891840868869
1173.1099530829804
1121.4739825384838
1074.0169812580257
1043.2719118834893
1024.0249272115113
1251.1590571679997
1257.900192841811
1269.679654627625
1290.9339080974949
1312.5054904583096
1287.2558698368346
1286.3349401113828
1291.56458352577
1271.0066191818007
1260.7649624061428
1261.5348699394624
1246.953574547188
1253.8610704267985
1299.5124094045862
1237.8044701955207
1213.1426217667
1206.7068980814342
1178.6100915717261
1154.7125597315996
1148.4670462144597
1097.18317352879
1052.3777562544306
1024.9161702174977
1005.6822245446324
1242.2984028075005
1247.2223373127938
1258.3531572980487
1285.1464270207944
1346.822927722319
1269.927753161002
1260.287975869755
1287.6975719114123
1238.952840206083
1227.091268119343
1248.1289915995092
1207.7063520857105
1203.733050259863
1234.3911882253153
1184.4473051658006
1167.0908623188066
1187.48107891199
1134.9724157900123
1117.0928709583186
1161.2203596923873
1074.6990767426519
1026.5129540473217
999.2340098861497
977.6440111135424
1233.7522734123193
1231.595488498898
1234.0289341593173
1241.545791400555
1248.541893084775
1225.5229811636214
1214.5635093840328
1211.4698853231562
1191.6077620372641
1179.1740705644174
1173.7625322185993
1155.7548675519915
1145.9519162544093
1142.8342691154562
1121.5337736572062
1105.6126102578794
1096.8773655451455
1071.8731215625214
1053.9239916853533
1046.7546313488021
1012.4375223179618
981.8649176043222
959.6000208878957
939.1215392883591
1328.826203821753
1316.501682046851
1296.609415533469
1265.7336984574176
1238.2849110446764
1222.6357126437579
1217.7660655334155
1217.3435240714455
1217.6787570852339
1194.4219570405978
1180.605439900453
1174.1182823433542
1153.6865484087475
1139.8454048282158
1132.107013828304
1112.5847092452252
1099.3121874869507
1091.572000805799
1070.0961125871431
1053.5282654690122
1043.159952388966
1018.9188669057095
1001.260038779607
993.0275922884401
964.07600432922
939.1622624667542
920.4779283798852
905.746254334951
900.0315335835955
906.2219066363932
913.0889602087977
918.0572757119053
1342.2834648015898
1330.946071498177
1312.9422325299831
1281.0868918040533
1248.884454998511
1223.898842868671
1209.149352839797
1206.6669241143693
1224.6032693282948
1173.252377223187
1155.2617451817555
1163.7467318601396
1122.2194715239561
1106.1404945748775
1113.0420048382664
1074.4889294089573
1058.5465899902367
1064.7129103334862
1025.0263988937845
1007.3787895975729
1014.2692630005499
972.1678018549115
955.6162971339988
973.2658471719403
925.5043965681654
901.9980775654615
889.172621126762
886.6694542197033
894.4268921131168
909.0507656007542
917.9668111540605
923.5100669807999
1363.910853797477
1352.9012098458609
1334.7263606573822
1296.9485582406328
1261.5023185444186
1231.026341450729
1203.4114185557903
1184.2257010051126
1169.5542491521269
1139.7893041301875
1118.2946741039063
1103.5487361875323
1077.9342402139025
1058.9661702736632
1045.9582766589467
1021.9220211604326
1003.4881939824153
990.2991267418124
965.911362430624
947.0037287631835
934.3543313988763
911.2803128115006
896.0831139711833
891.3081059406848
875.3657530832963
867.1312659507133
869.2024566096023
877.1350265958536
894.1452549478826
917.9188865796785
928.2960369768047
933.7868027337071
1396.7160038470247
1391.7427970745882
1378.4032962348474
1319.3785443759916
1277.4726168786378
1245.905402976702
1203.067484120225
1172.911417437403
1150.1484667165273
1115.9916642661037
1088.9328127609303
1068.532097921734
1038.5494814448803
1015.1490422224196
998.2416443233686
971.1218695269604
949.9659784246369
934.595586325431
909.0467234247321
889.594276200486
877.0633142218912
856.2435261013031
844.3774811212096
843.230271780345
835.260570898624
839.1860198324754
858.357754669867
871.2324941258757
897.9767393621796
942.93377655505
949.6135125441286
950.4204791341002
1429.2721279581592
1441.5560278435187
1474.4497123135984
1344.3612137544053
1294.2043995461895
1281.5741657203412
1204.9300632128686
1167.2845976305005
1155.2278638578475
1099.0952547379895
1066.6824805934127
1055.648149930958
1004.6036085489517
976.1147865713559
970.0063737353546
923.6161100970083
899.7397666914178
897.3196728574887
855.3942386418039
835.9538086089411
839.3114271383511
806.1437027480044
797.839243423722
816.7542578250119
799.3603259497967
811.840920861462
864.1837132081146
863.0821842868804
900.8365152773664
1009.537245257198
977.4961607984959
964.1180381714405
1423.0476957315489
1416.5807400743006
1400.2316688673852
1334.4891995567648
1283.1404725866605
1242.1157115813041
1188.691069549223
1147.6930070796939
1114.6697145545663
1072.0651738577285
1034.8683585545664
1002.3295765342192
960.8913746098766
926.4288386242649
898.9939895530487
863.9041454673111
836.6022614399789
816.5074163218427
789.1951093076555
770.3061882304866
760.1840349644043
745.1180451387166
740.0767380588169
745.9913288202705
748.579396904705
764.7948260917683
798.1380413059827
826.0103532677088
868.0315717466777
925.3395308266811
937.8090507439466
941.6252713348451
1430.3757156171512
1422.994319809184
1405.1277917263264
1337.987113771176
1282.2197985409166
1234.9341303913748
1177.940689938768
1133.59566398247
1096.3832631923146
1050.976692834023
1009.2597288387791
970.8314516472785
923.8260699594612
882.9393543814138
848.8443483262542
808.2141207227953
776.5910826187046
754.0612443126196
726.3285390508194
708.455188520378
700.1885613074738
688.3556032843351
686.4060032207495
694.4665348515492
700.3994625502423
719.4395243754908
756.3991700852705
792.5272527487141
843.7373785993202
907.2815942218916
923.1944755530495
929.1945384722912
1448.9307384030542
1455.9451260435562
1479.2386789209627
1355.4431540380663
1293.2104815301843
1260.9263188581308
1175.6290656642827
1125.9662807343661
1097.4624500393118
1035.0481541488393
989.4296383386277
958.728831462775
893.4758718791588
846.6935466171351
818.8722479598964
758.2212191961271
722.0251707155036
710.1575719988477
668.8211053132869
652.2624529207465
657.7304062880534
636.4061085364544
636.9794437595831
659.0425179060386
655.6017744648482
677.7408310654204
739.032722013864
765.6771855303938
831.1843799553945
949.8529601222764
934.3355340929342
929.1911910842416
1439.4301904784695
1431.641506814647
1413.448870994568
1345.3190632504793
1286.8989141908417
1236.1683834000225
1164.8007016529496
1109.6209187758434
1064.3435271839196
1011.3667614119732
961.426213895273
913.7911625981587
856.3872749088393
803.5928825275164
755.7908420231732
702.3928856719333
660.6968089546929
632.2879966606855
604.7014346346565
589.2646563568502
583.9718554221901
577.3222754599433
580.0300731067657
591.6295919759073
601.8254374359954
625.2005139568661
669.5938829050466
721.825391904137
796.59949454767
888.1410814735352
905.4098107498419
910.3921277159958
1435.6453200381293
1427.0893755401655
1408.8903675582883
1346.2674423465785
1291.6423276866283
1256.2262688610574
1162.5752442491234
1098.877272090001
1047.9539648209284
992.0107640656504
937.898650742391
886.6295121455954
826.0088790967142
768.8989029353424
716.3951760285305
657.9188310713828
611.583358874762
578.8997621456027
549.911734304465
534.2068829848915
529.2009796925099
524.0537381470675
528.0472286722164
540.5413942927784
553.2217425233566
579.5395028410046
627.2317046967613
687.9082946346563
775.6290772735582
909.7947363469827
900.2126247178782
896.6234813516312
1438.49208097661
1439.8598910879111
1449.319089694856
1350.7341538876624
1287.9400949625751
1246.526040749897
1154.5109186399611
1089.9255054492448
1045.8720660863557
976.3537643784887
919.6292424076063
874.5332423071926
802.1581226147349
742.8596213856649
697.0194760202519
626.3385772227277
576.4865406988944
548.1472612528416
506.1323825668087
488.5412821436657
491.08268010349525
477.3713875089215
482.0096518259909
504.4968579140878
510.69388127999247
541.3674177477752
607.62221543875
658.2461916243907
741.7873051059277
860.332432997508
859.7223826175162
860.7462498685179
1421.7619109616032
1413.2600607455638
1395.5810449451897
1333.5696868075875
1271.4088043104941
1209.8898984262178
1136.4269943349664
1071.8532225722356
1015.4483625391196
954.097390013767
895.1431615573903
839.2679779836124
775.4559685481105
714.6400093993503
658.0323321904855
596.4299018856302
543.2990803590436
500.74997382928075
463.7756801298119
442.2123570120865
433.49218255699265
428.0305851937366
432.63853741177695
446.7261008039057
463.2966926116684
496.0900908926983
552.1686414871691
618.4447780588462
696.3697059933448
772.9317102895632
797.7496719214367
810.7904119296842
1413.8559617395717
1405.4860397619861
1388.3415212451198
1326.7710413548687
1262.3608099513233
1197.9777943903723
1122.2518406765903
1056.145551407267
997.5790250300031
934.4836259175861
874.5624578897948
817.5110297383826
754.7558034309973
693.9685481094656
637.5628601731513
576.6420706651425
521.3104199157697
475.5003069337832
433.5947587444136
406.76680211644754
394.47214622387673
386.8430196291559
390.56103135503196
404.2237880223453
420.793779207455
454.70933735200794
514.4778631362825
587.513098577469
665.9067421489685
736.2145277929535
760.4864541787382
774.5321194626213
1417.3094196183838
1420.0860937055504
1431.282974296706
1329.176348586221
1258.700805049124
1203.8982942174619
1108.1118832614084
1040.888889202766
991.1064098210288
918.2237492438859
858.1534918089137
808.6371894674719
740.0352789804037
681.1297896271805
631.4458441997199
565.3411815608506
510.05031306244047
467.90535189370735
415.7484126057614
384.2510095348151
372.69284513575803
355.27731628075543
357.1178967284769
377.34606759716905
385.2503309302127
418.43257064898046
494.44157412376455
564.4949606371523
648.2560335499682
738.878527702217
745.3477868037655
752.7228779991061
1402.2235451693446
1395.117307713249
1377.152704398067
1301.290263301018
1224.116609789768
1148.0561630204593
1071.4571522932138
1012.3210192152304
957.8167054307984
895.4862614744203
837.6952523374011
783.9329567859824
725.1655333541703
668.479709908051
614.4645247177089
556.0077086018291
500.5851040816103
450.96467420668495
402.47501416110174
365.29342346403473
341.0078003625299
325.54333530478374
327.5747693000513
341.2979103868908
353.9636870060614
380.32217087073707
438.20188648480877
521.277288176312
610.7173165899287
687.9018366223564
712.8852548633395
726.3370779331665
1385.6834051811898
1370.4162605151466
1336.9817936763845
1259.7643050876807
1168.430677714799
1091.0953321532081
1032.9049533675254
984.7468319886146
936.6858061102
877.6302196164427
823.1282094388296
772.6009602121431
717.2197937704032
663.2070492031661
610.5837474798344
553.6037908655597
498.28268963097463
447.69985787080515
397.6932679556371
354.74858840292507
323.6604903981751
308.95821348637526
311.76186152093715
324.3608062306086
332.3591396940023
348.7956000931825
385.0301934191476
459.47100772161
560.7467532776014
644.8665623739737
684.2373979772369
704.4675869256903
1093.2641809773006
1038.356885321141
998.6460537056577
962.5467872172976
930.4534458128562
865.6794096060036
814.4909534076576
773.7021465461544
716.1081637947498
664.7146635752133
618.4872224957277
557.4941649780853
502.5452141883672
456.64730345710996
400.8473435902448
354.13474969792793
325.7641746606771
305.8758296440423
306.287324341341
324.5291263570536
319.93326299536335
326.4406399989131
343.44303574538066
384.4241950325516
1033.6191768736685
998.4012505664738
968.898524670732
935.1603956077669
896.5102967870868
846.2628930452057
801.5111334215704
761.5823660134361
714.4605606296691
666.8741620453826
618.1061957387512
562.4478511690812
508.6333803820524
459.1341218395118
408.6842846579893
364.3011564263123
330.65358266166555
310.88954936281385
301.49124415446494
303.90603619456647
304.32437890736435
309.82758822224423
318.48182327390015
335.9128589398278
998.2697703975757
974.146047055733
948.1213658402382
913.1345108193279
871.3520044334078
825.8744232501513
790.5359488723916
759.7348148761625
717.335081600074
674.5524405386337
630.0254026489808
574.3528058411538
521.5379965766475
473.64793028760613
424.78307704136375
386.7351342056599
357.6057178920555
332.40412495291736
311.75627564652615
298.5192744634365
294.4022752037328
299.1735141308043
305.843661041712
314.29687217496434
977.8441585559538
957.061118982393
929.0340499828015
889.225661007851
842.8204707163127
805.59716454171
782.0507276728237
765.6699580145413
721.9349289993096
683.7356372457282
650.6687034175133
590.052241548127
538.2101090410791
498.67084397249204
446.9723046162953
413.1991237009707
392.55964013767885
360.4966117593326
336.0280193335703
310.37514375969516
291.5134205933086
290.7822737573085
297.3098389527239
303.97332016597903
807.6584712965083
782.6544995943294
764.8494617564537
745.9624984208722
714.1791831379115
679.93735806202
642.6256051759776
591.9156951605096
541.8356075907419
498.44294662418463
457.26768156185784
426.3489974725335
402.6417412825933
378.1763935552853
359.1687283081476
337.19065162970753
781.0423001349275
765.1539996027499
751.4245474224825
733.238462013314
706.5770670386563
675.0099005685815
637.5258331949397
591.0337960827877
542.986038297271
500.0822063254599
463.2959161977721
434.39295512988025
411.1756839709212
390.8578447263944
376.02695440784225
360.83121946844875
766.7410886713986
755.9692808868552
743.7999621112747
726.2080188104682
701.5683553793937
671.2147586972116
634.2511028340301
589.8932979076716
543.5660617847042
501.9419945463491
466.9589286764053
439.0110204751873
416.52433661129936
398.0217636593397
384.8403377125329
374.1146994058356
758.8112998068443
750.0661814124411
738.2923852790029
721.1585612196841
697.6114873344662
668.0440254772811
631.731116126279
588.8499383990937
544.0161991516076
503.6314936029618
469.7835094071875
442.48832291099086
420.6053918125074
403.1427933296452
390.6024909492248
381.669464372287
1427.9680403410775
1428.828646763341
1435.0070959661819
1466.1156450756982
1415.1458839924096
1409.4506578200314
1449.467247687026
1406.0260121060119
1401.864999149305
1434.318803530801
1382.3444297547617
1373.710985044499
1408.8764780961674
1368.6356423283826
1359.2273396783532
1355.2103930472251
1427.3959828978595
1426.1812609769752
1429.991921592106
1476.4695802721476
1410.4398645893405
1404.552272848997
1461.1960279541647
1401.2626330315263
1397.4376000405423
1446.275025884294
1377.8679159040291
1368.8125505088055
1417.7562401805208
1362.20322493822
1355.2951046900366
1352.3771755580112
1428.9042581840972
1423.5167507570532
1421.7295334245175
1491.8936085941093
1403.44132898571
1397.2912813092464
1479.485040908191
1393.5223137774246
1390.1445522900342
1464.7618042482836
1371.1966669329784
1361.6554166355427
1431.359504561136
1352.418716315737
1350.67632821316
1349.417727704433
1445.6430224626365
1428.6047052781046
1453.5327509672195
1993.0679361791406
1420.1578453075592
1413.6601744522106
2015.626575033361
1420.4320080101354
1418.9518984262447
1990.3638338270375
1388.8173524427295
1375.0963618050876
1902.0633138486578
1374.4934435362256
1345.352363595118
1346.0900814193262
1289.6543271687265
1302.2890566471822
1330.7865753876486
1420.0664250088364
1485.6861876426533
1354.2850110508396
1341.6621355896996
1377.2998513028408
1325.1169767873628
1317.2394842636916
1359.1982877433013
1310.967534247481
1319.8631487652033
1401.042760322609
1301.2536261406171
1279.2599112296568
1307.2120852766416
1255.239578967929
1256.0764044705827
1347.1172294794205
1237.9285458519953
1122.5463634491757
1085.381257665856
1067.4066885536956
1277.1621435825964
1286.321501917273
1304.7333594025754
1402.7318744771148
1633.5270127018057
1334.2879342701299
1300.5685944534578
1322.9521260280867
1280.682992262077
1270.900999538661
1295.7434798370869
1261.6340528738874
1295.3110470144452
1650.8274346206065
1274.102624961868
1229.3789635125358
1243.3162894293
1199.8774724408536
1209.1845209955268
1453.0478525444573
1203.098712126235
1088.6675957419698
1064.552254930153
1049.6392105421685
1260.942654004085
1267.6104793864467
1275.4169968754024
1345.9130838119472
1812.0741523516278
1310.7990038022058
1290.774196494171
1524.0450634717313
1263.1036601482674
1250.4411247071114
1448.3539609502802
1231.535133921504
1230.8223914738414
1452.1520619973637
1214.218019674177
1196.1462359399884
1421.8612499841267
1171.7682819020727
1164.0650848153684
1606.551697454779
1141.924991537849
1054.3151420783956
1040.223169257039
1023.5037337870103
1240.325543240173
1240.4898876419063
1242.19529474044
1254.8542319552726
1285.6013972566961
1236.2518841443643
1223.6868142546484
1234.345507208358
1199.8524263310665
1187.5768525708525
1194.4010411317236
1165.237896543418
1156.4686536361442
1166.9242929195034
1134.0327397531269
1118.9921139438582
1125.683318187697
1088.5351377672732
1073.2008921235017
1092.2286738750458
1036.5083692676326
1003.0768174095211
992.8637074285688
971.6919278890871
1340.2359291152143
1329.571783137907
1315.916628540661
1277.3557832771962
1241.074938035276
1224.9975822327667
1223.0291590611614
1226.7602659355691
1245.9366097433592
1203.024352006596
1188.704265070815
1194.5501019040362
1161.831683352751
1148.2445149540135
1151.4026051106616
1122.176144215921
1109.6851935369236
1113.2718830235488
1082.4651386455037
1067.074829499184
1070.1618747430846
1035.2748197636968
1019.4905969140501
1031.5380289479358
985.8266778593758
959.128416546859
945.8387493207823
924.1769013445254
918.6511661434237
932.6883792006042
940.1949848937855
947.2051994168822
1354.622406172643
1342.1953327208707
1328.6358029369678
1291.4788442900588
1255.2899819467393
1226.230030408397
1214.2851296233882
1231.3347525531312
1447.3669463886094
1195.1615362301584
1175.579687311521
1324.896920966329
1141.8554849414131
1125.7549049204013
1257.9586715272612
1094.9256178192938
1079.741075000927
1210.4688003599865
1048.7441143471808
1032.7617694784046
1178.7907473304815
1001.3231754236389
987.8167988832745
1197.858071226477
963.2751704035826
922.9807902763116
907.263090564858
902.6475369920386
914.7959043598067
937.0522512436108
946.9634155814322
956.5183413615263
1383.675502742941
1362.0839016912541
1340.241380464397
1298.3938522977846
1263.4302474170763
1234.9822390819243
1206.694856899292
1190.5309706372755
1189.8645581228882
1147.300151038715
1126.4538921822705
1123.355361223819
1087.4517877074318
1069.285602590454
1067.9761277890018
1034.0786390877859
1016.4541125094229
1014.583948856877
980.810101146256
962.962013949821
962.0951932331825
929.4020220503295
915.2488141235953
924.6878135578967
896.7975295997804
887.1850972207337
890.462739141286
897.5309816468359
915.2068777919319
943.5727671923204
961.0663293337009
978.3349652297683
1513.0565955862307
1480.540769853868
1427.3950123478216
1324.6533966151185
1281.9088953420285
1266.8682936302987
1208.1658834696252
1178.7297000174835
1168.0268520804486
1123.518821666353
1097.3465190022955
1087.8136692830928
1048.9009523832242
1026.5968011014552
1021.1588501478977
984.6629755160524
964.410384256632
959.9505418025727
925.4531181148083
906.941651960224
904.9788330186668
875.6268211299982
864.8893544605475
875.3593436062423
857.7188011130606
862.4287641080626
897.2214088240436
895.7592863708343
924.097493442157
1007.4424286276134
1051.7819830715875
1078.3352141690857
1811.7144437795891
1879.596081084889
1981.8531172307905
1375.5273374798303
1317.8452680646624
1490.8438157985445
1223.0114647741198
1184.1363920798321
1297.4961365897138
1116.800551291467
1085.6199301267777
1195.4067667953318
1026.0675735608797
999.1368645591064
1117.5577064999993
949.346125232985
926.2379241965709
1043.0053267894143
883.653367465778
864.930360279144
982.6353693171816
836.7731666965769
829.3802215864387
965.269394674367
833.6482125827481
848.6268390746044
1071.1366361362318
906.0018934557039
951.3599453047476
1459.778353265123
1373.3153489176482
1315.9401506902384
1538.0956254361656
1500.763102775661
1444.802274913788
1338.9483697909743
1286.9602081873138
1261.5161013657266
1193.2969655414772
1153.1550572286026
1131.038123762373
1080.222518588329
1044.54701385642
1023.0512856607147
973.7273617197734
940.9559932774597
925.5781294774882
881.5941587712897
855.5862052489871
846.4877309687184
810.0202830937544
791.9547770156446
791.7746749587737
768.4856303990407
764.1393017073354
779.7827996068401
773.8370016029363
790.7182015060091
838.9399865082465
853.0143664495824
896.2017253811402
988.7899279078617
1037.9031212507778
1070.598734078786
1549.9588367533252
1513.542877065784
1456.901908571657
1344.188545410128
1287.1229951721396
1256.2753207189205
1181.9510309677803
1138.619521420451
1110.8305387449134
1059.1687172350455
1019.3962736243801
991.2577145322422
937.7030025822139
898.9782440549534
876.8584357035414
828.0381865956562
798.0071803538189
786.4680058568667
749.3771055021812
732.304184405016
733.1633953731373
713.6587058562455
712.076135869889
727.9699745967877
726.9370655172937
746.5213394453455
800.648238130304
822.0659935688127
875.2409798378724
978.8244665831485
1030.0391716812528
1063.904724976707
1825.677274762605
1895.692270275709
2003.7839423243522
1391.318691329824
1320.8620045928815
1468.5684633734543
1190.1550661074573
1139.154935237036
1203.1878458501974
1050.9244533088709
1008.2512512294245
1076.1836863141025
916.7863870285855
872.9654055444819
957.6079541626367
789.7654913699185
755.4544504723924
854.1939115796456
702.8042581810486
686.4522347377709
785.3143786816257
671.3555761252437
671.3919837679093
777.1433067861517
691.3113369911515
716.0313974100574
943.8604469590373
815.8432719869121
890.1897588651078
1403.3871720543302
1326.9879500043737
1280.8204511058213
1552.9908474043511
1518.230018795701
1462.3493532061248
1349.5357987323764
1293.0220301330103
1272.1022608749406
1169.3752224155937
1114.2821353336383
1078.1845522853632
1020.005766030923
972.5319708874339
935.2532852905919
872.0553762826931
821.9868828783727
786.3093501872592
725.4160269729065
685.5107238203651
667.8403596987115
631.5397341757395
616.8423273810558
619.7565836836795
606.0867685372351
609.1018757458163
627.6950088065962
631.197919747883
654.3871538990384
713.5340523891414
751.274867977513
832.0535557882838
993.7626490156924
1071.1911242419835
1115.9706181697143
1513.862740015593
1485.07202727983
1441.2442090926124
1347.9388512324276
1311.3718546910984
1432.7573816307372
1174.855439829077
1103.506089470336
1060.2658147676398
1000.5779879614
948.986672488402
906.5729283287492
841.8972186480108
787.5836566712821
745.1007032335839
681.3831042045772
637.0767249922249
613.2277320478993
577.9458862057279
563.115136820975
564.8212959303528
554.0692288545363
558.3367683443034
576.4357570764749
583.2675064918933
608.5682352153877
665.6513724246726
715.7116691899278
827.5397725749054
1317.9111197130592
1271.3946053951454
1240.8999070706352
1636.887655032921
1667.3209542987147
1715.0714426249478
1363.5580922560034
1299.355760894518
1372.5227868187262
1165.6364903259257
1100.4352456975337
1126.7107628483911
990.9926791947844
937.0531424190399
961.2051324370688
824.5993774727965
768.2607929344298
793.1715881425649
656.8223761408021
609.4002243759844
650.570735134577
541.6196730898812
524.681473174594
589.6283667257965
514.3344593851342
519.0422050320881
601.6237274348035
547.2919853580245
577.618075534209
726.548955905723
690.1664556694858
779.2690453688455
1105.9301278041864
1098.9424791203328
1093.3182230125246
1474.3579531458513
1449.5893130765614
1412.5082159592962
1326.826120629822
1265.9068929365762
1218.238501090501
1136.8366995921813
1074.8499327408751
1028.008276557509
963.0787022786689
906.81263037267
859.4027538472602
792.268534058449
734.053981393578
686.1191913785477
620.9952660594001
570.1469893960476
535.4856140841057
493.8839919475384
473.26723946749166
470.7580603792245
460.3410866003747
465.1728774229883
484.4160754223903
493.83670562267747
522.9062583160061
580.4726742845239
633.8288749223431
709.8601818016518
806.726950668525
846.5483288976819
875.281421806792
1460.396484893601
1436.4563055359893
1401.8885210963685
1319.4308488745526
1256.1058777590276
1203.7498546343802
1122.2474095592322
1059.4288522926336
1009.8908417277563
944.0141787995433
886.6405947393431
837.0292077721086
772.0373726522591
713.6887162979706
664.3891110582902
601.290841333481
548.1334206464368
508.77257609980427
463.84462410548605
438.24058011079484
431.23936460640095
419.74397747752215
423.78397297368093
441.8243969932586
450.39114630261804
475.39192990692084
519.6152622232316
591.8999774741133
671.7803138010416
756.623201896754
786.4399678368039
808.8815482970675
1640.1536971839512
1668.8054028343122
1709.6437699561766
1343.693195973987
1269.3695264895857
1306.9210685780351
1117.985761816744
1052.2733931666078
1060.160095750414
934.4396651539482
876.1325861863862
873.4845349493838
762.5513944501421
705.7956064413182
699.1741860075957
594.2868876549215
541.3525955970763
540.7003476860593
450.0210534564022
420.36954471728416
448.8660967291346
393.1529881246571
396.0473630653021
459.0536442563469
418.8557027110081
429.6235913696466
518.1030866918871
559.6180893863409
661.1351523018425
895.5915168637007
880.3416409915516
871.521987361527
1640.3469081663243
1641.086739552383
1623.992150068037
1359.3973296490653
1266.1637757218427
1199.449830030226
1075.4298095885201
1019.3218879131962
974.5253480978544
907.3137833728783
851.566731592089
805.0522219829021
743.8975364054593
689.266394753017
641.3306745321015
581.1123241323927
527.6213099402299
483.43829030591576
432.9157182095774
397.0767806438532
377.5270064635746
359.1330740341234
361.79768177013017
381.0385219790537
383.86028228746665
397.60838723777636
440.4962267785387
539.7623261933004
656.8219609601655
838.4298915290219
854.6700023088824
859.3970097439906
1615.074656513246
1596.5130414815965
1549.668874016435
1330.1317663372777
1195.4338826417486
1092.339272367924
1037.295428465533
994.2719706164116
956.4320079629409
891.3797314347908
838.4086921278345
794.2366243440222
736.709577373422
684.4964725197592
636.9434331533599
578.7676151317789
525.0240166435145
479.2676847007289
427.69654891980605
384.7936960169535
353.0599795831114
340.5132554163009
346.18234567774545
366.171195518901
364.55925510361214
372.67858875759
379.8255603453065
469.23257225503494
614.8387041132494
782.7628535034061
819.6624765398672
836.4908733033645
1086.4601588046994
1027.1266462469991
1006.6862486209435
982.6213964128726
998.595221087391
888.6253547263995
835.9809080927146
825.1749756749875
740.165772333383
689.7549516453089
668.3920555242835
585.6036638243351
532.2677945157511
509.9766998051101
432.9011259920475
381.75190839594353
376.1206578414091
336.12800194978996
346.3025861250976
396.92970034619896
360.8156899434955
356.02935211672974
356.17864393036956
383.52118752212374
1015.6385017753694
990.7258350903736
978.8343924370265
949.9630655692524
921.5269380831827
863.6911935765863
819.2441485517709
785.5987549718022
735.0176754419153
688.6313853068037
645.1211346709093
587.3066039531279
534.826200696893
490.2303489566799
437.25379285104424
391.9210101678624
357.9290109770432
339.90038477233867
334.8772052882147
346.70673616699474
339.60480248161144
341.2610524362986
343.16016849208285
347.26491096887025
993.8728003970123
980.8827442762633
970.5005915489903
941.6499119460196
903.2130523409462
842.6370231782759
809.0115906955975
786.5684483501093
738.9164633148201
697.4064186014447
660.9840472647529
599.8160303586603
547.9208071537477
506.2280247971204
451.91302581255394
414.71158473563185
391.2957863136191
363.61084900401227
346.31568357026293
339.45273125578404
335.6964472850017
338.498182663861
340.27721953028686
341.57061973504335
983.7307395920901
973.4117671073072
959.8249219251765
923.0721191608928
868.4550537627872
820.8948151334449
807.5921995771206
815.4037061812046
750.1563840335681
712.4988292362204
700.3283055568738
622.421815905479
571.07532157888
543.5330517989689
478.1203781863431
446.3069362750091
436.4697563509252
396.8544492382183
381.9217053864605
353.4021402424423
329.06772921563197
332.243542529661
336.6688547649715
338.62751854094796
818.2889104735804
793.0484846459321
784.7850121740646
772.9134784426699
735.9576326555305
702.6327545985476
672.8172963217039
616.6342818411473
567.0632071834738
528.8410177742869
482.6621263519447
453.38123884487027
435.6074080262572
408.58039536348934
401.9125965968209
384.70380156883544
787.2833395575019
776.2123239220564
770.4388314935615
754.083789505379
727.0137128254768
696.3857577741339
660.9180177388658
613.5898190649662
565.8873781355558
523.8133269412311
486.93197802694897
459.48348536365063
438.2087927233097
418.71502274337377
414.06217891994135
405.71868567575575
779.9178352244028
772.9115076807198
767.7046724639024
751.7107776763572
726.008396063761
696.1539433346036
660.4277841069703
613.7720990859391
565.9931747015921
523.3850371316905
487.5655017270872
460.7516212108844
439.6678091844952
421.6586000200561
416.9160895292424
411.2134542898272
776.0337194799586
770.7130723391764
765.2564863512971
749.631821358029
725.02671397462
695.7525754533086
659.9298520106904
613.8367676629322
566.0221396905981
523.263613246593
488.2097764854131
461.862224594217
441.0867624807937
424.2034044744385
418.9641732510293
414.32363027081215
