250.0219317973249
252.68526402166734
255.96408352805452
259.6967778669726
262.5444399312616
263.47833350801574
264.7231766577363
267.81303589241395
271.72185707663556
274.8480443476374
278.1518822059828
282.38970008530083
286.68865640270997
288.611535739128
288.7085430194478
288.06200901232796
247.6353453198835
251.11458352354384
254.9762460120205
259.613599362095
263.2005536271323
263.4927146485666
264.34720878081674
267.85137674693374
272.41386388982505
274.9932425975858
278.005301992581
282.77327810846987
288.0223080065268
289.51805119557497
288.87563064402167
287.48214149855175
243.10827543319553
248.3138450458889
253.28196442084726
259.4477020742053
264.693202814438
263.43296171159363
263.5155938874693
267.81870057789604
273.93841003687754
275.06533875331
277.4506920505054
283.16431716513773
290.4188592693987
290.6640048785573
288.6390058688398
285.79876839524485
234.53015094939246
242.1328810637953
249.2638059030163
258.7758549536777
269.5717927360024
262.83731167372576
261.0671816290152
267.2616753046791
278.74708822473696
274.61205851681973
275.3957641768969
283.2767074596264
296.82612038628827
291.9536762482036
286.56524230114127
281.640436818759
200.48466948417087
203.08909187577711
207.24619549556687
214.14151636301878
223.64025972999906
232.62292764792244
241.53394459049449
255.35996694364908
285.31146624039104
259.364606817549
254.73693893837878
263.8520599230564
294.19982848208485
271.4130042532026
269.69131014782255
280.7773761298921
314.7825793950444
290.4013487845798
280.6787423541552
275.37259936107546
273.7272174626087
274.90377359924577
275.9737454363531
276.72159651623895
198.04541449951628
200.69461567703152
204.15933322797133
209.37060593985
215.51814445436528
221.77046983253857
228.78089620533805
236.7679619708742
245.06503437856952
241.89155336242214
241.54117499311312
246.60332378072425
255.19549622832483
254.6948883585482
257.4123660567424
264.5241293046199
274.39166401110697
272.09271081094994
269.4412357138088
269.54179364199183
272.9901577963753
275.5777713448495
276.7977514589547
277.6164203932949
194.24717256539589
197.59205464121172
201.290837947089
206.41576744886484
211.54300593035939
213.75476928488376
217.96083506958118
223.44152190669996
228.43167588536346
229.05206156057207
230.37064171741076
234.59471203237376
240.22597806271804
243.00448406005114
246.91437563150077
252.95424966213844
259.424843837628
261.2642267786302
262.8276733592335
267.5130431775659
274.6481057710301
277.3468584286041
278.33814986154465
279.25142922144937
188.89331527337202
192.5698055263921
197.17513149969912
203.92446580458775
211.52703104487435
208.05758249932853
209.13116391232643
214.2599327794443
220.73901317756406
220.03228321959782
221.44105244871275
226.55074612980937
233.92181787057805
235.2877412195066
238.8639559716596
245.66420344371542
254.51568073001644
255.639837184023
259.1016435862619
267.43298140955096
280.8840152692397
281.0277705618227
280.5680063990991
281.20575031446026
182.5041376867491
182.4843779789955
182.44892111255277
182.43661528110997
183.50637569460565
186.14881570822817
190.66433818691726
200.12160604697542
221.32500991756484
201.6060336208386
199.63027956596102
206.0123679325125
222.09729189701554
211.98446964168082
212.267418986408
219.39931965735798
235.9020945199719
228.78995479829186
231.18210975194899
240.0327773977698
259.46964991917366
251.92082931642858
255.0814818899149
267.0263747581245
298.60525649090016
284.1512729314168
280.8575971848515
282.7759037592585
289.1418736314248
295.37009491098917
299.06699482600845
301.2460991773624
182.59198750357757
182.64011062722454
182.54994945792387
182.04674620256242
180.7259024341001
179.41829315872965
180.76783434108899
184.07463558871166
188.60179625450078
185.31195522850203
185.68330669591057
189.9556707380334
196.20824790948373
196.78333992003803
199.45846145902644
205.39040652385782
213.22936224146207
215.8440770147325
220.42435227287154
227.99635651826657
237.37591703017173
241.07708740249026
246.93599872358243
256.61583143156247
269.74078874701377
272.9946561926932
276.4620951069365
283.4357377647221
292.29983538595405
298.64964475051636
301.82445951183746
303.66812978832064
182.61093888169484
182.90873410918977
183.1224592880015
182.90879590085777
181.0830127525914
175.77313240627527
172.95094072436612
172.61212116775653
173.03816277996026
171.2513703203959
171.62895661552253
174.73299315339503
179.19684195360264
181.77934908947728
185.58545287116502
191.4974464759729
198.49180644044728
203.56648042790425
209.45736066142044
217.33953574227962
226.15263076479408
232.5063009001016
240.03357145317185
249.66229702025262
260.23837017353804
267.6124735605734
275.3517923988133
285.45353209572573
297.0279639772
303.2451179679084
305.7977217918421
307.1843617649573
182.09300880405215
182.88837458123604
183.96109203279104
185.53161890144733
185.8866907234081
174.20899354385003
167.22768786607696
164.86139170319964
164.87759499079064
160.04032215382642
158.5651373880263
161.1226081069062
166.5798844716639
167.77056157652126
171.5334053681258
178.71002432692663
188.06413627064907
192.75246544660868
199.4234973739177
209.12931735909956
220.5096929641375
226.9013917110563
235.12806034039872
246.0167225577735
259.19276504427575
266.47008127713303
275.7804920165794
289.298476022139
307.6605425835031
310.9970111887664
311.5212176924482
311.5927004339105
179.99090822384704
181.18560684325942
183.24974965586966
188.59612076935477
203.26367340808494
172.4963366757306
161.27504804075522
158.44114583945236
165.1360097476375
149.85575957422765
145.34979594283482
148.1327309213569
160.79699952941704
154.10929325691828
156.86669309507835
166.38081171614334
184.8033978819369
183.14047861642118
189.80101515952097
202.28781571885403
222.78068919589958
222.97731893893166
230.79064606670573
244.06393586037032
266.65011792768183
266.36098047713466
275.77573934155936
293.7638127628026
332.5616419815586
319.8635999157942
316.13116936423734
314.53751662160397
175.1646856428547
175.67815406169845
176.23958661228644
176.58923098003166
174.69300898397915
160.86292413053576
151.03888679483484
145.4458366252962
141.77921832708344
133.92976748710086
129.1583487579035
128.8738411021383
132.52758000172392
133.88514154556233
138.85081684163436
148.01887204367313
160.21195845034748
168.2149312196281
177.98610750684534
190.87340361563778
205.18957411574866
214.14715934114744
224.1985489356045
236.57716375200465
250.5205889928069
259.64247103449424
271.1005680447902
286.92257032945173
306.2338909786099
310.8289013195747
311.9839336402142
312.4238964322213
169.61821822221998
169.54165392114925
169.10470702619696
167.30403476301166
162.25415160489453
151.01952321920032
141.3751911286918
134.16776456922037
127.78763758703433
119.64398440633084
113.13732039389816
110.07697886175015
110.82680930616789
113.79291681503938
120.31139745115514
130.6082337817134
143.27094471724845
154.57904408290452
167.21747666438293
181.49682228392365
195.46415329850618
206.8577578389583
218.55924593850355
230.89056915216617
243.3919248764714
254.42084745677835
267.05465193456854
282.5528348520475
298.9387812469984
306.48088023411736
309.34170128556264
310.77039229471177
164.60147268713717
164.59362096082944
164.45268588303418
163.67353091883055
160.3320210361645
145.3368909155172
134.01038991386224
126.28589919572389
119.70148018183356
108.5345250245429
98.9618218878529
93.44440278332796
93.61631287706535
95.411768732224
103.49547488663245
116.87145356523075
132.9655438469025
144.6345553449033
158.78320931800616
174.86263717021308
191.0651390380092
202.32264334859332
214.41933028979614
227.82147432115667
242.07575489312325
252.32657319011054
265.4257341137234
283.2718361714386
303.8974099769479
309.1108260390867
310.7019152207912
311.4477732068857
159.8612164275907
160.13204581491414
160.9148296949178
163.77776392381634
173.47074354733684
142.96889675407039
128.5974335795892
121.05248857158851
119.68452072737448
100.39699994631088
87.1720657003326
79.79375760146138
85.28775689637179
80.30060100654937
89.73771251361066
106.92578708111364
131.87217184911174
138.49769438403794
152.17807754740383
170.50883350575484
193.5941723190155
199.68154138838915
211.23485573579381
226.47174346689386
247.77352639720758
252.38151301169106
265.43265224051254
287.0001395146968
323.8031640253796
315.1901054649746
312.88663988699733
312.12066028700326
154.73446454092635
154.41306150673466
153.9087998117036
152.70344765623014
148.95420008498039
133.86449858580124
121.76448517716085
112.31796284400124
103.90174526758386
90.53421758479436
77.6158575855387
66.78772941669723
62.81700083449949
67.0506959166388
79.81968283483012
96.68224663601596
115.3312033148566
129.63998017104956
145.70327578324026
163.323288804625
180.83537265583425
193.4560876547817
207.03121410744075
221.61752036441425
236.93637747206444
248.47252851675182
262.9710076765302
281.1891589881526
301.3015995703745
306.47917366542833
308.1248161948861
308.94822070574367
150.71238295285752
150.0332153459407
148.9002017451999
146.25874976944147
140.37834370276698
128.42011789372438
116.8790426182355
106.60778807232386
96.43361864472556
84.29375741818956
72.43720785065426
62.467227335971685
58.62054624123112
64.24849153529864
76.61584655217344
92.54052058729454
109.17923177878468
124.46728316168135
141.29332339224752
158.37913528163614
174.6480236703543
189.12178484199796
203.54542020490155
218.27411422150422
233.11900065851657
246.8567279069742
261.6780143162611
278.25188387634574
294.2383956835694
301.4345029856306
304.2806244498747
305.83063372596325
148.39582411837728
147.9452544496159
147.26384578171604
145.7115152428337
141.69315693542725
127.202410198578
114.51837319147498
104.27645827372852
95.20609327832865
82.73049894807154
72.17483797324228
65.93075001059914
65.97641433062886
69.1528449027316
78.78254203385991
93.50347939159279
110.31037413450329
124.17247719784258
139.57227602992995
156.64837554910224
173.93850397332434
187.51477479961355
202.0384089162978
217.74993615099694
234.28374658663157
247.4189900200934
262.3184492380543
279.5696505939646
297.38791177604173
302.3022037114349
304.0064977273031
304.93679389969776
146.97571435797207
146.9450311979745
147.23331890828325
148.97977396550152
156.0282375794849
128.5109161680124
113.51893063671041
104.6000044272061
102.19427664769427
85.18218154767763
76.03067172821399
73.50165255892996
79.94279132344559
77.70646110232789
84.46482300104914
98.27139132861086
118.35596185803051
126.6345301363448
139.99877488279338
157.4216158136081
178.90884987485722
187.7631994059337
201.48474198884924
218.70628014950427
241.44564667802294
249.01629003392807
263.3323468029069
282.89857195999036
312.3230758454066
306.6010161584396
305.1723733218835
304.7781285557901
144.98947208274936
144.55148495801694
143.86073349295572
142.14985191435508
137.8584106047015
122.22485968763982
110.0987454656565
101.80698385559968
95.79125364834289
86.82269344074591
81.0440695873481
79.48317793299256
81.83419144031042
84.06467201497534
90.59680880840928
101.8810508740578
115.71721796384897
127.28876435661373
140.85569653437648
156.4250713031712
172.6383299638589
185.59851417109635
200.12413437592113
216.2946069715912
233.410348570696
245.95466072375405
260.27892768927404
277.24526934937927
295.4026794554024
299.90942268644676
301.2585236272604
301.94390114075105
142.86440179261962
141.89344127446114
140.08198641155317
135.6970458340884
127.89210514746243
116.02078135042623
107.62171353681049
102.35518789171735
97.94653430684029
91.9584198192216
88.21652019074504
87.59125049279315
89.27976663297972
92.05452333418589
97.99672923895986
107.46268718689784
119.0370552726667
130.49822684638642
143.47543408412673
157.8258018065551
172.3514584586315
185.70489398172109
200.15787610399883
215.94447896038602
231.67414169442384
243.42149952252944
255.88919870884314
271.31947982739484
286.6894252874367
294.3927251765959
297.3851958636115
298.90511243855343
140.89679875583897
139.15420582226042
135.6994533662601
128.88004233052894
119.83682843955711
112.2829308936876
108.75505338736048
107.38327582934488
106.76206103187927
100.63521260793502
97.50089495099645
97.68783661034311
100.29835750543762
102.04930238080762
106.76807893991094
115.18850795537
126.33869717012234
136.37724371863206
148.3109291305031
162.24676268104446
176.8933182403037
188.64007980102107
202.48381448701528
218.7211449518175
235.78796127934757
244.0473861014554
252.5441773016347
265.0664543376786
279.6102970712451
289.28365142105315
294.0086358849763
296.3720689311702
114.66126576147855
112.40165997574012
112.41478114573617
115.49988348920978
124.30488902189468
111.54914560770695
107.6656468730597
109.13671548916082
116.04059807855766
113.40190554618259
116.46263688435312
124.57431386973575
138.28820597722918
144.23733182544524
154.9303158205586
169.0458393526541
187.03169415082206
193.96501895997181
206.3053973658735
223.58649268230837
246.9670148485926
246.5856526491121
250.0497864507294
257.1794848914452
113.56140974429317
113.28268907930968
114.08811384861961
116.4942672204698
119.81160152119257
116.35005765829641
115.71322840915704
117.82472193687586
121.59495872668562
122.8503832544118
125.96427263778531
132.7847132140754
142.76832758091282
151.59104963855475
162.43914314944138
174.75869074778413
187.55031243475835
196.57814930422816
207.5793576608224
221.44903105239754
236.22557292524192
241.3646317482694
245.01399839053107
249.65940040092642
113.74361010922144
114.06011513978913
115.16386343231123
117.73907392608317
121.04266526091716
122.1438071632271
124.73725564179924
128.43138537048108
132.62794839643342
134.63098300844214
137.8531158562005
144.43527980552474
154.09681776742423
163.00163994916895
172.81400479229285
183.64466905771664
194.32620798156364
201.38905631635762
209.10451665162154
220.14553159556198
231.3832495210274
237.50308227651158
241.37213323364384
244.73025954771677
114.2006721269868
114.89411892002921
116.74300394962026
120.79081746696704
126.43546970540326
130.86293375877077
135.19490624844235
140.86344621514922
147.70526906036886
148.94953832873873
152.82627240342546
161.31916432432465
172.98228831494626
178.52025283084055
185.7107063700349
195.04367692164325
205.1282708801211
208.41550957406042
212.6386560592962
219.97356825228113
228.90558521986182
234.99166157527878
238.88794707504817
241.82722773219655
135.2209658931455
139.99209281737635
144.99026357259913
153.0898928512314
166.29227688352898
163.2697326924611
167.46132514337333
178.5176679240899
195.35607132334732
194.00831108075704
197.92452912182543
206.14157466665716
217.49246422931165
215.1554759883154
215.72522578066685
219.2235501412696
142.33286900762963
146.0247558406622
150.20936570325375
156.65601425876005
164.81864569553113
167.90937924535496
174.0946695313686
183.77662039453207
194.93669091023082
198.40222746588142
202.7852185780087
208.51196574400413
214.54726055508095
214.93514787544635
215.54219084231397
217.3568923604705
146.19269208200666
148.97007698376459
152.67005560832976
158.2453397321482
164.9265989394572
169.93787135027083
176.90844461210813
185.83400644248238
195.06495659753446
199.95433827076064
204.46159837410744
209.12611366143094
213.29627621365944
214.4170259247546
215.119829753443
216.13128441434
148.37837834702623
150.76831953845772
154.27480361977737
159.33827590551974
165.4196113570795
171.25736449807374
178.54756248924062
187.00183808703642
195.35880412453912
200.76168269733722
205.25724651446865
209.3360988348541
212.619687425772
213.97031109118169
214.7504091925922
215.47609501603134
247.03815336678662
248.64212683548064
250.38721542633863
255.6816394270481
260.6989966078896
260.0274180317968
260.8893605804163
265.8876444173158
272.47701762097194
273.11961525576686
274.8771021035877
279.8717857729553
286.5940587548863
287.32265735619967
287.80682344052457
287.87487023615176
245.87185887623502
247.9392054401928
249.57377615098764
255.45871160081757
261.3770477586577
259.8964090146013
260.5186357130004
265.83379709298123
273.3916569630274
273.04338606552153
274.5132886215779
279.816872627498
287.51688745199186
287.4315496343428
288.0170456168344
287.92737618261157
243.71105074762417
246.90186119257467
248.58174706224162
255.14528636560874
262.35233660275736
259.6760176007572
260.02844278563555
265.6760982995486
274.68603905104413
272.8678090462587
274.0367253331213
279.68358075347663
288.7680318826853
287.401627427871
288.42414112885785
287.8455180934403
234.8391471180282
242.05124798072424
245.09831784461232
257.2233991894986
283.50290614844806
261.487404519562
258.3674035763186
268.84011474341054
301.45876425018434
275.8441514429328
272.49218997566584
282.06731342852964
312.5468670652056
292.2604054236319
291.6936210634788
286.52616001575007
196.30041587735158
197.6037842062205
199.9017964428576
207.43311828050386
220.27423037701996
232.12614791350188
238.54839376073167
266.1784378222368
451.6179507841
268.9095082104192
253.9626728001979
280.2368585072557
507.5845580782799
286.7147885010422
268.19759994075633
290.10853660051765
489.29560788908464
305.5626910460619
292.24902398714596
277.9726830518275
272.22392206445426
272.4020120056012
273.168927205947
273.83520190596124
195.05948051774467
196.37077254184058
197.8388236461286
202.9868475071724
209.87430561657123
216.944455573146
224.22694019370368
233.7588769017443
251.44399839134297
239.03229090645243
237.63562841562836
245.06356796337002
265.7566200065425
253.11371021902232
253.63707411142713
261.77747961786974
281.5435922808196
269.88177298660753
265.90316543135646
264.6956623296741
270.2260190869437
272.46693039453316
273.63097929316524
274.5598195128025
192.86228989486085
194.9871671108422
196.4018966897709
201.64904918837735
207.77202176990127
208.74773302077946
212.9904548329379
218.7771403305319
224.94762869643733
224.5994674280437
225.80834262576818
230.43273910772206
237.1895484716431
238.84458223305708
242.44520582505572
248.55914908922605
256.1108071399744
256.7746828967004
257.8571541886869
262.83912816211915
271.55911602418195
273.1349459471481
274.8482143118688
276.31663892346324
186.93395953769883
190.7149609672972
192.82358524584947
201.51297709057667
219.9239932182037
204.77784865299907
204.44128125985375
210.56931992609557
223.26719101688303
216.3619097906338
216.97438165330178
222.9329725560384
235.71805381594402
231.63100308876295
234.3724401806627
242.00389649822122
257.38153713427175
252.06165329237652
254.4252835020133
264.4572680506383
291.16652533732474
279.60141327882513
280.8761524476258
281.52914071067073
178.5133721140129
178.4401227456758
178.38157390817796
178.52442459096216
179.8324821219958
183.67129766421795
187.41846931309172
208.55592709956247
351.29091404152877
206.2326551527846
195.99216827900764
208.37483060301986
297.90430300963965
213.70273643927123
208.5040987517887
220.62444286177296
302.29242948676983
229.99868704702897
227.3944778285215
241.8019586253668
336.5738475735409
254.59463927430474
251.49687871063347
272.5957616883752
438.71480698387626
295.82576224633294
287.7855453419096
284.1082628336787
289.42896541402865
294.86588860898695
296.56232147555926
297.7485308264138
178.6248013478583
178.54898062690458
178.4379827280602
178.22372543941498
176.8948615201467
174.26474441653366
176.2041272661469
180.94770665681196
193.19857920484856
181.77304413687696
181.1729440324452
186.3222204515059
197.94987444939423
193.16939084573326
195.10543488561325
201.74342247069242
214.32069345714154
212.11504050946886
215.94931626244727
224.26337577916038
239.05531668763317
237.2878498279014
242.1832306866608
253.02252261455527
274.994738681578
269.97049334144543
272.2357717605704
279.9060815323791
291.02770852583035
296.67877854054524
298.1991481951295
299.36634330151486
178.8149540189602
178.72222359934332
178.5730455486121
178.69237904308875
177.81776487443994
171.21822882198455
168.27542886406485
168.15011784448063
169.49009911599228
166.7818056917196
167.07190856565273
170.388562537431
175.62747171919113
177.53578335765525
181.2518246646522
187.33425700646237
194.99361177730646
199.2906620454447
204.96077681728084
212.9220528638433
222.37559121431343
227.9115326592457
235.18682057100594
244.94548230210157
256.4957246435378
262.82105921442087
270.2947734680465
280.6967951771887
293.70491339789527
298.5448567922332
300.4673090497785
302.1282160012077
179.5188762909148
179.7025868952367
179.8477040223217
183.6949531046277
194.30261637591926
171.29694673315694
162.92100134799384
161.43541054698656
166.78321374757425
156.5171295051369
154.33796109014924
157.64049131129116
167.91323006872804
164.38889940542757
167.4961696242427
175.4623221920346
189.49063953480535
189.35734927222504
195.2081705812722
205.513091032107
221.30078788808936
223.07453947321716
230.5520499031288
242.15201772492134
260.75260705276344
262.51796613866253
270.9734723634941
286.10314821835925
317.2069333498537
309.1482999777205
311.02639320869827
312.1492696353514
178.92573860153325
179.67911841617837
180.69427285521814
199.26343824413496
333.71887097660925
177.53266746829334
158.06573763531063
160.54336284264224
230.5823507504765
151.28928203588305
142.0744455582847
149.64924270001848
222.82223524932323
155.79680398464214
153.84477660896263
168.29205066276117
245.7747993280412
184.72016051351815
186.4792851520667
203.40469394229558
279.68056424184607
223.74929594705702
226.98509886325056
244.9083781857388
329.0635048874764
267.998675180729
272.10326974857384
299.24496270917734
470.5934071729258
333.32198312262415
328.7479228101722
325.6073897109256
172.63868703163604
172.61190763879435
172.491690757114
174.86816735673892
182.06630623330378
158.18551608334522
147.00203801827416
142.16296141088114
143.27624881501868
130.75755907726423
125.44697445294925
125.95670122295917
134.3840229377433
131.15509509390537
135.51527927511947
145.46169528946902
162.417410168419
165.42241255082044
174.24734359059013
187.66488357880428
206.1922652475506
210.64935688824247
219.92524579076564
232.82459586904963
251.4040311835197
255.65265922503013
266.33094216605923
283.5837841776752
314.0399868609241
308.5790988784556
310.5983923627334
311.90723728134265
166.22738019378602
165.89782774430114
165.4341139173723
164.2915124149622
160.9671517273037
147.3753994556479
137.2366887698414
130.2537921581028
124.58463934187196
116.01515630318559
109.58627210387264
106.76626650963931
108.09164146249518
110.66268592423843
117.15761753746773
127.6256459856286
140.96629985140734
151.36227194959315
163.63506071520894
177.8360915286455
192.27620592798957
202.92214513352494
214.33373979036386
226.5796565920468
239.48454120322918
249.62835528420214
261.95358274792255
278.07007544152043
297.00620356973855
302.2695104206299
304.57504773741107
306.4505670601298
161.92313633413863
161.7854669291238
161.55401233678785
163.4517847539339
170.66081426185843
143.31200968536533
130.20708444411167
123.10880838510045
120.28812665261195
105.65561106270096
95.81145790288717
90.97332009852781
95.42354656529467
92.889125568542
100.6780254812389
114.87925243773064
135.71352849377942
142.42076997948968
155.52257404403957
172.00099844224872
191.83607706182605
199.13816995930125
210.4488280544288
224.15988878775983
241.90617902088778
248.20296136794647
260.6423756140031
280.8274322994281
314.44067336018236
308.2917314615854
310.4618853167603
311.81909117530125
158.66854795764593
159.2600547844326
160.11792984357803
178.0689894975558
307.7805889155615
149.79380537759576
125.73361318706725
121.95917151100849
165.46181747025702
101.2540698164355
84.73377378572867
81.85360161904114
135.6603239808464
82.55215391680865
87.472723004672
109.79595929073015
188.42377441185474
141.10883600019076
149.6028195205001
171.54751446722165
237.18840697542421
200.21177760729321
207.82339239589962
226.28866664099186
289.5216117071797
252.55050379533878
261.9930084380157
294.55165436542944
454.16154168770703
330.615467077893
326.20785819829507
323.2285853519415
151.4030580845063
151.27009357815257
151.08038812900995
152.40232606889884
158.63475108666623
131.94663711527272
118.24339791863818
109.41518399667778
104.78429010489793
88.08617058732584
74.96904979979438
64.80657338607678
65.13354126872726
64.85184234450921
77.26640316034036
94.90871740419284
118.03107726843375
127.6485500416179
142.77815408298105
160.75339077248591
181.6627027063395
190.51729462483803
203.32195279710703
218.19365124221642
236.90378969904398
244.45555493187288
258.3226503072763
278.6494032144178
310.49858168223074
305.28034039288013
307.22524120267644
308.4540408384186
146.34344810725275
145.96292412440067
145.51042592406966
143.3344288698794
138.6803268156682
125.21157452939948
113.43102490462225
103.35671844767553
93.88662226711715
81.57858500098374
69.903934467687
60.14905846473359
56.52206968262161
61.90362624684374
74.18078087989797
90.13518473891374
107.2026437072868
121.73200402253033
138.3563268205059
155.39213983872796
171.9723788454918
185.7507684330121
199.8972139437565
214.489010667932
229.56206582306157
242.57570272294166
257.0698961860277
273.86322580858314
291.5094651515181
297.0355228590312
298.9444766376514
300.57649685376674
144.75381298777822
144.5058788466632
144.18236465433293
144.23379718031558
146.90307662838748
125.18394027314751
111.43813133197528
101.84328264303966
96.38929801326995
80.81715241185017
69.94603609664146
64.30658771810005
67.40542311808852
67.5139013929377
76.60456832590762
91.69364729928736
111.42320294335272
122.1448902069086
136.8766994943255
154.28852496042236
174.24931283543256
184.77123975541252
198.65990187912013
214.6669053866996
234.32594113371957
243.88760373465723
258.1623625934183
276.6159540088782
301.6426667262377
299.69671629214594
301.3450539520934
302.4870021929377
144.84881212655264
145.08176172736535
145.47758810873808
156.99216403297908
238.58345745792414
133.05186246222496
111.55021420830904
106.38323031195107
142.07202850734848
86.82673676569699
74.44140540156312
74.99891541656909
113.97081475542888
79.12314931448364
82.88063410189457
99.4857858768581
150.62134088164328
127.68954832693315
137.84552780401788
158.0250832663182
208.44761633301547
188.0523373509108
198.71403663825782
219.06625355321614
274.97067403593724
249.50815164123512
260.5053148745316
286.8482354343919
382.7402409855334
313.92131309802147
311.6098208118435
310.0706845007085
142.29780794245042
141.90257440446396
141.36025374814477
141.95676786273899
146.22927234984644
121.16797908300502
107.59254490192323
100.11725536094899
98.0140411396132
85.34904088324515
79.15832287913554
78.1321218325303
83.4570861086265
82.73979336800366
88.78870080919921
100.42146417834668
116.94158079233466
125.59238714534615
138.5604608107166
154.43248407356234
173.23947357530363
183.1908065805705
197.12227366400512
213.6715028831193
234.3626436660717
242.9758766756727
256.80498192284244
275.41328954004615
302.4743784974056
298.68061472102
300.69213694820735
302.0092643096832
141.6266104131641
141.3653061714657
141.04558167143793
140.31391557853797
136.4203255155258
114.4643861163767
105.08043087245385
100.33008897324376
96.85625382247743
90.14304561610113
86.42839666210399
86.02239353107609
88.13204721364312
90.4969320127032
96.30127795787067
105.7463202508299
117.5371323433338
128.51315057275954
141.29037034353712
155.587734040353
170.34194555085153
183.03854291964694
197.1854441220041
213.0377952750263
229.59347547779996
239.89437324993273
251.6139399010658
272.3351824541792
296.04593718195423
298.0340899580638
299.08904503900266
299.9483243140514
140.81070651554336
140.22377738810738
139.05305980972435
133.89733851320742
122.55488380185962
109.4422950409449
106.76399071196647
106.71548393052745
111.08521560335794
99.95307552228837
96.06229620564015
96.72701466015323
101.75392250249828
101.03156175523594
105.2842092266886
113.920397231934
126.92104267777975
134.8641778149705
146.3564763852979
160.59790174448952
177.58404004757622
186.6200729808133
199.93971587727293
217.21018607065147
239.5069219501927
242.26340192830105
248.45367323321125
265.7164649798573
288.4416792563373
295.69528057226285
297.46383797437545
298.5223786968018
114.39215078424076
111.24333194520624
111.61696168756515
121.12157481294633
169.7042005733434
115.97658407413869
107.12469299985895
111.04675321796604
139.63060540974084
114.91213762471523
115.44427913060026
125.44999736665393
157.09624509261977
144.85621435844232
153.43828097610654
169.97240613323984
207.22049201958458
194.9754501102151
204.9303171142411
227.63986550479976
279.7394588445525
251.18955939875664
251.11470598968873
258.0980099764176
112.81143048177047
112.36593740188543
112.77936733709653
116.70683350030696
126.03221701244159
116.23478483204268
114.68530369531858
117.22048536480229
123.59294943144538
122.04567862662203
124.50437578711242
131.5329605549115
143.6004018816492
150.0437431888333
160.6059133054667
173.30177828816505
188.7863123329116
195.02468008582983
205.4941053088252
220.83935580052218
241.3949808399488
240.87226187489952
243.32755900100415
247.08320241644705
113.00444781033858
113.12911695353897
113.90946753170397
117.98997992666435
124.71200273272657
121.6882243188608
123.83832791245356
127.60489261046064
132.50393254374987
133.49099193382014
136.11505189928369
142.6124970405701
152.9336030991597
161.0728574932993
170.88467359430012
181.88237112765697
193.44786971001434
199.4469003631926
205.80411749575268
220.45991293741847
237.59394924305798
240.1700104839212
241.78881942851854
243.75240817629637
113.40008551123712
113.84289386637731
115.25534247104659
120.9483874064542
129.53370276551252
132.37643894977984
134.6760068458066
141.15655367343186
152.13591571119937
148.79386190287403
151.43949763785253
160.74556541594845
177.0183882785956
177.6350620374009
183.77735941637252
194.17595122864202
208.20704004388097
207.73536766637102
210.78604463194264
221.28531221766443
235.53067032681975
239.1171613660904
240.83314694372166
242.3028911091196
139.7512836029727
142.839072689643
145.19891224416466
157.68906728858215
189.10831645726512
167.2582950468202
167.40911031755005
182.40814068866365
209.9899584806492
197.26108410447605
196.81802027300074
208.61765411707734
224.36545260686202
217.63731364126008
217.1521362915718
221.30341949231493
146.0201722432138
147.91812876667984
149.53873881664853
156.90023243999644
169.17671750863042
167.4334861410171
172.23125465232354
182.72317564221154
197.89019095749086
196.97894824693626
200.27256739475612
207.22410314153979
216.49869330415396
214.13634325387184
214.912235633135
216.65316255853674
147.6358482322893
149.1123383131599
150.88825836705308
158.01973071237796
168.33497444276074
168.6381682334373
173.83354979215073
184.22761980418105
197.34244244729558
198.3782918767249
201.60973028516622
208.07895039512056
215.67215662514758
214.47566137870132
214.759289283219
215.69002263043222
148.64029297459825
149.98696089936334
152.04541440027438
158.80978641360701
167.79281817958457
169.52779482939283
175.15323841735201
185.29992095303876
197.03099417814644
199.34460309721848
202.71177234452693
208.65303954250058
215.03765512546855
214.5938056936489
214.72582390151908
215.28901051625317
