14496.468367132806
14465.74403640859
14315.220935252359
13777.314326242342
13158.20562527874
12272.726059771749
11275.788151928868
10008.650717225943
8803.07114257857
7578.032065177473
6577.9787902957905
5791.910472287567
5206.020462990849
4549.770649804955
3981.0118761135263
3524.5334227123835
14527.276557794348
14558.343142510244
14544.689901197004
13895.62326169215
13320.112727042555
12361.22035957241
11411.400456989899
10061.630933128552
8870.841786434266
7548.890893565103
6562.367892646582
5696.130179324663
5152.041025308333
4369.210427645744
3702.949158325279
3115.395357969499
14506.191430280633
14601.1981699792
14961.552823280748
13996.211389476317
13592.663980689655
12421.101663224437
11657.29014205629
10083.881698663401
9046.775091946178
7472.707640006959
6613.032063143162
5520.529419729424
5153.4951344697365
4077.0405306811995
3211.9880076518903
2390.301616653216
14403.493170373478
14224.95362795625
14151.995567455435
13856.598118669908
12957.612728136239
12227.457092824963
10972.639072615906
9837.835974542322
8284.962019268556
7108.370545795803
5724.264947937357
4954.441078258505
3967.4566969440334
3367.003254980999
2150.391341479049
1523.8632781451345
16912.830862044702
16669.940661085293
16218.663891262027
15397.824828935805
14639.180937058283
14160.25639342214
14035.452831690885
13283.143879565068
12642.46157624357
11588.563672833814
10580.198001807288
9126.698386276097
7845.209350291231
6303.848129547329
5111.847825762957
3824.4768782922583
2907.1366742511827
1614.8696725154919
988.1198643451011
2162.2466582889583
4177.739005702457
5811.30404165234
6745.690959142935
7295.813135778106
17162.01701570554
16976.56367275404
16680.7607871495
15828.353554576332
15016.768876944185
14185.976524621781
13649.328365742223
13086.010562815107
12137.108373900362
11248.691561151449
9989.39667464063
8762.106618186392
7251.167138057255
5907.064140593239
4396.367565398213
3150.1984052150706
1624.8797164147452
7.592769835292547
1753.8233673857048
3611.869617403252
5443.060197068997
6654.704794989666
7347.2010236596125
7842.231512260176
17478.659143792178
17310.574412832757
17322.588765725908
16244.371305541888
15537.343697961851
14451.477876756484
13738.291304249215
12797.1645341493
11942.031109399806
10816.131490931684
9709.588175006451
8337.824882819901
7032.256706336446
5541.714893206953
4179.912535398348
2654.262643552454
1520.8110063895224
1574.2814902207838
3328.589452912555
4831.6689081203085
6585.2077822252895
7486.910690963545
8059.088757720556
8623.81782958909
17871.40719025753
17430.299372531343
17112.420536690064
16558.91130636
15534.113278998995
14679.969439535533
13654.324287251537
12781.30346257874
11702.804341051506
10672.555664288879
9419.25222091513
8201.10478164939
6798.479180549183
5467.633981609901
4025.365138969982
2848.9939585941047
2038.536200572947
2944.937983551327
4188.987159585385
5840.341752384161
7191.923557023191
8508.12920746789
8995.848634742028
9747.32119988695
21065.70477109129
20862.567243924812
20433.201670673312
19542.746178342153
18573.855844366586
17849.154421681047
17476.153346779607
16585.190717534246
15776.639987996727
14713.748242230891
13794.905285097297
12717.76629987083
11714.878775087878
10524.687092297187
9373.792896711688
8049.679834773262
6783.2188629984375
5419.1638235133705
4219.525364033014
3123.6521031465945
3205.7814468573947
4011.2927309173
5357.903597183654
6696.313902476507
8121.284844261584
9094.17285341816
9935.892048953407
11073.46466982823
12532.552536433881
13614.130889902444
14157.573179959234
14439.90231520185
21288.480213817944
21187.016568353625
20947.282159836508
20107.42494832475
19236.337512544236
18288.19320491525
17584.99251748368
16886.848745981428
15887.085129486717
14972.842188061402
13884.975627318689
12889.416016322848
11727.250585442502
10615.650999084583
9341.17503604957
8122.538703485781
6799.01107627581
5602.185957872337
4473.01001373619
3928.2380254905393
4245.585297924827
5246.388633333339
6372.476696427928
7700.100118336123
8856.274416284967
10099.51576761523
11082.219049383855
12256.21757234387
13484.042592553264
14234.980045183118
14565.044411922016
14750.749128697187
21507.215864960795
21523.978216781652
21619.8703254759
20586.012811774443
19882.437937072926
18796.58652243646
18018.98978903772
17058.463148021954
16200.469468383064
15162.830218437968
14187.286791228884
13052.935620310596
11969.850670290916
10735.772070527404
9548.472921693894
8245.464130855446
7055.736209030941
5898.136510261831
5082.605567473528
4852.239961581433
5441.641892859696
6342.159089166167
7496.65926678756
8593.261268027201
9818.972861128806
10879.154438940424
12129.14570081118
13119.802399756092
14353.562476147514
14822.379857664399
15010.845820145581
15128.869021391154
21570.642994129317
21515.09887873036
21395.48950032102
20935.494542548655
19977.433937419988
19170.73232464081
18200.852855409466
17379.51207228899
16411.610920140625
15511.901895819772
14444.578162219426
13411.043423179046
12226.33035063646
11084.563714109685
9815.817691495147
8631.956547914553
7439.965140650182
6497.140024680672
5888.34632016788
5985.085570491072
6561.7328076739595
7496.548420209749
8468.60619723415
9569.298251601344
10561.838318060174
11678.092242319895
12660.370698674897
13793.503069879034
14629.534790731037
15505.960969456217
15508.070683016485
15548.633990124745
21727.78874574389
21709.39924399324
21721.920621361434
20954.276616952404
20250.82294025999
19293.647741896395
18492.172106552887
17574.871702286422
16751.85762650003
15790.598514630034
14852.229606449995
13750.615961936299
12675.549113049687
11470.288365189637
10321.809655547775
9112.45263200389
8092.21899227491
7258.667866312899
6937.119184104209
7101.241604585359
7746.112053814851
8533.866734857804
9496.980422542612
10390.049887595938
11385.734532280903
12282.48213339209
13317.26123202367
14199.194644514966
15179.155474275954
15670.02306382608
15824.305671704109
15911.036446134101
21871.169912222744
21806.424245845068
21678.908738789203
21237.931149208074
20343.1640753876
19558.308271005775
18652.41225769469
17884.793832747866
17009.55378119574
16186.891405401317
15209.123596873738
14235.924255999322
13124.66893704475
12051.673628330333
10879.264436065208
9829.387639192837
8852.09785995091
8256.21522131221
8016.573439408963
8320.112408058243
8847.680995649504
9629.603948651282
10408.154183548908
11284.603167630032
12083.19874496429
12992.580138186891
13819.305839828006
14807.303322824851
15557.550410269261
16319.835000441162
16350.168272109333
16396.691158554462
22126.486245581516
22103.757581348702
22103.957452901876
21371.982568289182
20656.2829568792
19708.794621016143
18942.613714262076
18115.434244991193
17376.431831022677
16523.42503742435
15679.444679803315
14686.367886832984
13720.237394609296
12649.244260055917
11645.276607184906
10619.830385069768
9852.171659905516
9312.706661971593
9252.927911225901
9472.095772426432
10018.992155665472
10632.775837963294
11386.293551534649
12081.57304870704
12871.371222329657
13600.383230267946
14492.972662354452
15315.685063524897
16239.237177828167
16704.736557784097
16845.645461156535
16920.82944103877
22362.911038934923
22308.83048162618
22191.985895264836
21752.94844478465
20851.45194287535
20047.251025046146
19177.07134122399
18472.890261675755
17692.77739387171
16964.239655406884
16105.067123603383
15253.27684097359
14292.667230563151
13393.317235997229
12428.709157634961
11618.084388702235
10904.947908204836
10547.79048395622
10439.420225329082
10708.438578956551
11100.167082116968
11693.920708689764
12275.81021029638
12955.401562423769
13592.378399890544
14356.635505224995
15110.770212513808
16066.744484839872
16802.761214328642
17518.276275324166
17529.35524356777
17555.28705678258
22640.690917438304
22628.957040553178
22633.202008102875
21950.753556940796
21242.74271383533
20311.168028851956
19559.533761017436
18787.85179553547
18113.83851701896
17358.653619018587
16625.758728030167
15777.937248507746
14978.26627075552
14117.23075826958
13361.572482660013
12613.767551874731
12099.08849236718
11725.979011564867
11699.420274933884
11835.564671683906
12221.244414729905
12654.928339215041
13217.839623091688
13755.440469348823
14409.177685400855
15048.748968757223
15883.396936285615
16679.82593299319
17550.22202041683
17978.709298199246
18085.519616182588
18131.456426195688
22826.37650389912
22789.926472044164
22697.36809879247
22303.463401737168
21483.941804578073
20721.6082158146
19886.69795937473
19212.085563026616
18492.111722879992
17843.220647802158
17105.149768502564
16400.34111611325
15628.967514465785
14949.856294422756
14254.407627699517
13710.632674950128
13215.790725857998
12963.059547892246
12842.580161860265
12994.082901614393
13234.139741839515
13651.001042359532
14075.45872616897
14615.896976616783
15154.006391596327
15842.03816246842
16548.47296935497
17419.196828339507
18076.605488096935
18684.427124159134
18676.74043625967
18677.99614244207
22992.33424997229
22991.37040517431
23000.16924330338
22438.032578842114
21832.268988056538
21016.710554683326
20313.710272930814
19577.47849503759
18949.761558630038
18275.769707944557
17656.993947062827
16971.07006470405
16357.459824092364
15720.161750478705
15204.6041284323
14697.603987215467
14348.081925593307
14062.545901823909
14000.99501662943
14038.763504719924
14273.14917100342
14554.38151910499
14971.219934092383
15395.56371145709
15954.476631724945
16526.630245014643
17269.085595039007
17941.62659776659
18651.873239050947
18991.78548643191
19057.31346777875
19074.860701968795
23066.675241446017
23049.162824179763
22991.864501484273
22687.41717479659
22016.646375350483
21379.23712977611
20637.064193249862
20012.436810739775
19351.72748815819
18780.779675401904
18163.87330636661
17613.934830087786
17030.82122703953
16545.465246374086
16058.91937522963
15691.828645545242
15343.719235745186
15155.37071862148
15033.653016068494
15097.33083992361
15218.704394954952
15489.607679502102
15785.336957539621
16211.29896334391
16653.899485914128
17242.239298048637
17818.10977960406
18507.977919544188
19007.560050877557
19472.62386392945
19435.207622035818
19411.545385015408
23129.482072833816
23148.881385566514
23196.290754797115
22752.524007305874
22276.122715373353
21607.463188568257
21022.235528458397
20373.814621042147
19823.118832808632
19241.346075611207
18741.062351507837
18209.890743505144
17761.805113135353
17302.610122281258
16939.615296372387
16581.194081000733
16337.306958195079
16126.61605866369
16062.022392387316
16051.373606768206
16180.039063740325
16342.475492450754
16631.27692767954
16943.68995719859
17387.5901717051
17829.426537413477
18393.53298228447
18886.52796802935
19412.17204773118
19634.286427214567
19641.340267498734
19624.37196237952
23091.830570033366
23079.68968881037
23046.375035989695
22881.811892460417
22328.975094734218
21876.05574035089
21305.219993798506
20806.16189913244
20245.42459572826
19773.84132248158
19280.72443557596
18868.638313344396
18439.589527213513
18090.20614341805
17737.09746812007
17472.299069663604
17223.72505619287
17086.121573566412
16984.047703327265
17005.22984412486
17058.95811078309
17225.572809600362
17408.472442301012
17721.847138935907
18038.007249807026
18454.62207643567
18787.60283574292
19279.18649588964
19570.953407958314
19935.323557375785
19841.63457238276
19788.030867305562
23029.265960998164
22994.017066159944
22918.732995435144
22708.61128110978
22310.7625889114
21942.505040876895
21643.51584851718
21180.554860317152
20755.79599098118
20277.326613111618
19891.257969687707
19487.276706141514
19153.6829306498
18807.248311653984
18530.505814423184
18262.303007759438
18083.574426654297
17934.31182277959
17884.56282788868
17869.064966934486
17950.2754235868
18045.801618394675
18243.981263748705
18453.01221826822
18764.109533736617
18980.934031812383
19150.6159413693
19424.808163336766
19631.640820996745
19834.891315599973
19842.691243450052
19826.432859242752
22979.788469695595
22930.535883931476
22832.851184860814
22626.477772289258
22334.138328278867
22076.201592256082
21897.93774923271
21645.98627032713
21228.205864934393
20872.008128398636
20480.17503648438
20166.92424557432
19828.19767732909
19550.12976164702
19260.884388626906
19048.59079178456
18859.347038021573
18769.699459787305
18708.76478819159
18740.859479991774
18780.055981123925
18905.59450334945
19028.699904000023
19259.517795492033
19438.295612978938
19656.917003311028
19657.648856040225
19747.630584848543
19787.292294406965
19852.38091720314
19853.518218224533
19843.19032959057
22364.97451955255
22258.686733328024
22249.249783840707
22006.711031530176
21751.99893781888
21408.306640796665
21137.76042316188
20824.56136849018
20563.74228294228
20268.876451028536
20031.365480744924
19800.327686979832
19664.89534510851
19564.516215480962
19563.11761221925
19568.34944226098
19647.409390783814
19706.39092242482
19838.49527538264
19949.86140063914
20114.99815984058
20146.4054368201
20092.050531645487
20090.619338591478
22381.818308742455
22343.058652033076
22350.987817819583
22334.55331712839
22108.538850706045
21962.952177580075
21747.363782051696
21550.127256421903
21288.149493438723
21065.460479449426
20805.062252568558
20624.52127490219
20467.988624969283
20422.25090263887
20400.708203984497
20451.598793806967
20474.07616235796
20538.328766790673
20510.35401606596
20593.97662501672
20567.772275024014
20607.649273746563
20452.480961927155
20381.257954755765
22399.39407062871
22392.951006870546
22416.43275043592
22442.501927734967
22404.08453522015
22390.256489487398
22388.485188915012
22230.3690670769
22078.57221055352
21866.2089635268
21695.25125708787
21502.172041787868
21401.100102945496
21311.18341633388
21317.66723311326
21304.215175210065
21340.52798617376
21293.678496766126
21157.56173470608
21044.070537072086
20876.476837707232
20760.63687041599
20622.278404508572
20542.43638268966
22433.412795882643
22461.22994388041
22539.6359864617
22672.37501596256
22805.357652907365
22870.542078656836
22923.472894823
22910.724976699865
22788.181201706066
22702.085550706484
22565.4326705761
22478.611792921914
22339.721304876573
22273.129472221426
22175.836502393624
22161.81263155231
22109.292603902315
22079.076990108268
21889.90795862957
21677.5265337701
21310.041571152167
21002.76173467097
20785.195521768717
20668.91265666184
23197.169795710182
23282.596428552504
23400.028539234165
23404.29284158316
23401.313074829995
23351.37480987686
23340.45151224696
23263.618648758747
23183.72228550052
23039.845369733088
22925.03733634163
22813.976436037516
22744.791744379876
22620.099583702693
22448.206174970248
22278.320755665078
23427.184851331072
23496.639481618105
23595.95945032495
23705.375506661225
23719.823355483102
23778.36715786106
23772.567040049482
23780.244953159134
23662.34178701948
23547.072639021673
23353.66636620615
23238.82945938337
23088.14956583276
22968.671810147884
22797.731716723967
22661.69184308508
23527.63809581436
23582.011508262476
23662.87421052505
23758.24730751401
23813.773560945287
23882.055292554578
23913.39327874017
23918.44448782423
23825.166497559614
23690.966267703305
23503.87190441419
23354.65176565033
23198.048371197227
23061.98916237403
22924.67602148855
22825.185079224808
23581.03768971836
23630.176331492934
23705.249590696178
23795.057495341684
23868.348043100184
23945.26198533302
23993.64633327336
24001.038909117575
23919.000050311974
23779.245151733885
23594.723666046048
23428.603855269652
23266.756388741844
23124.70126071934
22998.501020851294
22911.96135641055
18107.46295981445
18307.490175590814
18147.94527986801
15356.211497778993
15595.612319083468
13695.72873474469
14225.660033056545
11803.90705286143
11763.745572198122
9037.777278744603
8739.5088696587
6897.396012252433
7582.131745625419
5549.941142826185
5106.462367919911
4794.519268293247
17962.576610261403
18384.912800423463
18622.015525332383
15069.063037128053
15873.868175712734
13410.765418701018
14622.468548740651
11508.572702383433
12158.239582727705
8763.229775473099
8967.822965802758
6589.274328241896
7869.001066112213
5221.449238310217
4923.7066228526
4568.404239732274
17523.91149697488
18244.882704412088
19283.23358061593
14580.236796532035
16330.354530369896
12942.150745815608
15277.269517064873
10979.063912202058
12792.198772012933
8282.895571156161
9354.90986269842
6100.99935005623
8346.015022294268
4750.558275550068
4731.695549495238
4224.836497562962
15496.893185393925
15133.300937499911
14639.014223463517
15829.093124881152
13311.230436283826
13964.322406309726
11633.234836414898
12339.885474705825
9036.416869269437
9463.741089237303
6215.95138988412
6798.367715024575
4547.502572856172
6131.876691792846
4729.977810347197
3220.773797375784
19610.581740646994
19497.836648221502
18968.220342055847
16649.591553653332
15836.099619575964
15363.967853183789
15836.356264818116
13505.176504933383
13841.839141946164
11808.61896125808
12284.475084436053
9618.038420541172
9661.071457759068
6777.945072211915
6427.150382492416
4168.612763000174
4377.072906172371
1914.6639341010493
1645.0103231539724
2560.0672819490796
5950.992033836611
7391.958203403074
7881.797511918815
8177.848271949054
19725.55796651224
19810.119242089044
19699.81129290608
16807.5925264011
16328.998559812973
14341.936676679952
13708.497993274506
14037.529243313365
12192.140846768098
12113.292508013095
10212.09049842078
10003.267604142171
7547.122903764544
7137.194299056609
4629.059146046142
4146.309531806856
1745.593198485578
1695.0156534558012
2667.3285634640315
4329.0311059740725
7715.820014287403
7852.22920151928
8173.430821447282
8477.620927465274
19597.906588756585
19950.580233972432
20606.81061837284
16564.42464941559
17162.244021658003
14491.009945758764
14553.129465729393
12777.181037236689
12551.738257043158
10799.166886449173
10309.608299752297
8382.746096116498
7695.3217924331075
5661.550491919295
4911.068786170726
2790.964512634721
2379.0777766303454
1626.095870371417
4633.437474603931
5146.904806862635
8825.719040146505
7930.72630711676
8499.146581605339
9014.354814902916
18511.68437160411
17898.882338397525
17353.528117919268
17914.216272404734
15603.130428995897
15468.576396845487
13584.810928811825
13278.821198538313
11620.489757831456
11117.78655974253
9371.646629914832
8669.858861929082
6822.3610369787575
6007.981575748744
4147.411746948914
3524.821469070208
2135.342886907224
3722.030010303335
4345.8146636252
7000.035179730616
7534.783133398216
10613.797022018713
10338.871952036177
10670.30170382874
23570.04414169271
23369.728673118032
22870.70490817812
20591.366284389445
19485.817120921816
18641.623929530157
18853.587551236848
16601.936160241527
16503.98002142158
14615.25225589464
14224.540491983651
12591.535794919128
12075.762702282524
10431.279816391549
9739.0990377141
8015.492742360952
7213.41629859785
5472.813034137323
4756.213674631927
3278.163547180602
3821.823288069942
4116.364146596115
6115.039298233622
6846.454725720757
9232.244544485004
9298.22174306883
10226.99433892142
11737.181395091091
14216.439695656227
14907.491959901625
15078.120699244146
15191.431740344162
23842.628926598874
23843.722049713255
23654.139996247246
20878.80971859968
20290.16679954212
18289.944764269134
17466.63317692877
17524.698106327553
15747.558905169755
15381.87988327231
13713.256899434851
13191.666684373255
11591.325839654479
10932.761666319384
9264.378525873452
8488.735555317277
6804.094815005956
6046.416992746517
4573.853127277572
4466.512575020873
4357.173718545638
5796.326416947353
6452.091872891613
8412.625686524629
8961.318257070061
11187.109180732261
12091.722696843677
13109.93577107201
15405.337939667266
15145.654806586072
15239.432863624656
15346.356419327642
23858.93824575786
24149.258697094465
24569.56751236516
20696.140216433017
21091.410518052828
18650.72452096542
18529.533777140114
16857.629838710276
16497.601623287464
14949.804463366263
14434.903285491497
12872.221322748514
12242.557974440228
10624.55619285835
9909.36336201849
8223.063175984567
7480.103425548795
5956.875416063625
5566.1847985441955
4945.881288039565
5919.141720570962
6380.04916868155
7966.281755959786
8596.122789984547
10381.773015407623
10919.061898068956
13117.598335152932
13268.144548058106
16229.113073187224
15060.370998625682
15379.616876362765
15598.96608002862
22150.489619447686
21891.201666138593
21477.709028700636
22070.835996400252
19864.59363157517
19650.217509398015
17957.339607919774
17599.130234395543
16146.103332538965
15670.980513678003
14213.466524192741
13604.611791741794
12059.822429735212
11353.470318209796
9745.878357267164
9007.61274746692
7450.799678834701
6934.482545773843
5952.1904968046965
6430.44491770961
6583.428775466658
7877.977761855654
8427.06793138647
9931.042472064435
10488.62805817812
12154.827614793958
12641.002052700684
14652.230276596558
14785.438098757766
17436.43851732861
17107.372912716924
16908.585997385617
22788.115195294915
22925.83125591292
23175.566325589156
20856.677574521094
20770.597434506995
19032.822687858887
18671.30407340753
17265.358924384465
16830.67598264585
15505.391978346328
14969.583933295347
13527.09313559333
12864.748494656422
11331.402827705273
10614.964958637534
9068.042905140153
8455.042766011158
7279.057562102466
7333.292419720175
7111.723722263959
8084.276508578795
8476.633756184934
9759.30978219838
10270.931401130889
11656.76675785273
12152.30492380142
13765.760424484017
14148.798353049919
16102.967110882792
15738.87669316343
16085.092750264228
16303.511187904824
22149.454858239722
21927.77742318826
21583.17478283409
21957.196520085636
20113.347786214734
19789.014777169195
18317.6715813204
17915.880626340713
16673.17292494892
16206.35596214756
14929.524668861031
14334.869366543046
12920.672939768061
12246.073510935223
10770.238263198356
10129.599505248521
8815.001459712095
8597.261679522338
8002.490338087731
8632.82417910634
8778.451396335036
9861.216926075424
10268.51625628133
11453.51342141389
11900.778162610242
13225.416436530555
13666.753783443086
15338.545296130429
15543.468415283027
17639.485961180802
17447.981455393896
17343.397297727242
23214.279809510004
23394.98049648008
23716.36812875483
21334.970768476243
21271.186916615352
19443.349500614626
18959.10704437946
17737.51581422106
17315.92798371556
16179.732663503477
15695.379665864306
14418.701339945992
13816.917979721704
12469.975537031938
11881.65699098813
10535.086123625397
10170.500431690694
9270.708949514586
9534.337826104364
9394.090321293268
10232.66847188501
10491.236133056509
11489.540653155607
11865.50429005934
12961.282421372109
13370.129185474882
14923.170812987762
15278.112417809763
17255.985948564656
16807.072741184984
17138.64627125787
17337.008674333396
22747.66114617851
22537.8150795613
22186.847775823062
22657.03009636035
20689.042403691637
20325.87937908475
18781.92540733277
18377.712013114506
17299.28809910586
16871.79306522095
15778.131978950603
15259.961331681681
14037.692171239474
13495.574920888916
12274.086250208335
11848.005362747595
10814.823086206608
10811.124462840833
10335.548306627412
10887.152346062658
10944.430220115959
11803.188198454242
12045.169044679687
12972.658966661835
13318.938910069006
14428.123289163488
14941.523622374305
16704.454369481206
16851.33645633007
19063.825776329315
18795.96043702019
18641.512827109844
23605.013524357684
23754.076698377536
24013.25557199065
21865.61025907183
21716.51794922662
19997.459097195042
19465.825621964956
18360.10441551051
17957.568869466515
16966.502679290345
16551.984721259214
15459.681756506088
14978.30783774527
13875.01566447621
13482.259960695703
12450.990277558461
12282.693445548168
11589.04399330211
11819.178791252987
11651.76185050544
12281.276069670062
12419.62574586925
13188.209234478494
13456.32161044609
14365.169193747402
14734.634281328039
16144.044097689508
16559.710291668795
18321.041998142
17971.948762050924
18290.458715723184
18482.042478716176
23018.636791032743
22847.09287336725
22558.02318524317
22912.005930348114
21225.07226712982
20832.321335829398
19439.725393530574
19025.454389189348
18052.301558443833
17663.93142600297
16728.508567936038
16311.568971989622
15312.177986457418
14933.627898015142
14015.620748246925
13786.609376840212
13022.298111057413
13057.121715933245
12623.952240664943
13008.164933491416
12976.010826651096
13613.812254824563
13759.549417401779
14512.218128773502
14800.690044928584
15774.947309578845
16276.225835715888
17776.545974254706
17959.541998128425
19717.60856171683
19516.01980750861
19406.748562258115
23410.86626683132
23469.189803210153
23580.214710343094
22115.593462761506
21869.427570875956
20583.624256141695
20130.06341538577
19108.949946762645
18720.082372030985
17836.886921410005
17471.715642394414
16585.651375777277
16229.6025891362
15388.920400371626
15133.196581075996
14416.3110512619
14319.330743102062
13801.476344554325
13952.881531941297
13749.624012400922
14185.844736926287
14226.934985218817
14828.986673267904
15022.179810641454
15801.522608011275
16136.832274680572
17219.712838551277
17609.271675988777
18863.40355658345
18711.416554398907
18951.62418444034
19104.225478044762
22987.54976635289
22854.473518612038
22636.18322675696
22826.896083564123
21592.419676309622
21233.72679208201
20151.92841846067
19759.45710987496
18872.131447554715
18524.10203081953
17723.551289252104
17401.02075673725
16635.801439685438
16377.008978825812
15703.653368320522
15557.989535356155
15018.544343928474
15042.328521754078
14706.666658611062
14962.32935943646
14865.380153097167
15320.995752913861
15392.888395248086
16006.879414133586
16231.563068857118
17064.346843761894
17403.436966709523
18476.993669660762
18666.118486267467
19867.497686305596
19767.505565127747
19715.316329303238
23416.253102638562
23506.825582220925
23656.952378638758
22383.868878138266
22219.568264178874
21131.851882871182
20772.462501570004
19867.734246769465
19521.709612669834
18753.536314155634
18454.142768250502
17756.49337290884
17505.462891601946
16885.172744781932
16712.120445836175
16192.400956507474
16135.512481101503
15752.497406804376
15853.306545764235
15663.38302661588
15951.232258537872
15927.657185759785
16376.131832394069
16497.92052193281
17134.208627922784
17373.040932367883
18217.874669750287
18470.463794426814
19474.851290951858
19271.426335039734
19458.423662147787
19568.20971048945
22880.043820601553
22782.083393287798
22634.25138363319
23100.879675129734
21867.99067380111
21717.496116620707
20794.552175814562
20497.298846724912
19726.705081065546
19435.729696150534
18782.06416414647
18541.59471742409
17969.38929338579
17783.811425289976
17292.58205767935
17186.110825669235
16799.12998438622
16814.43135739495
16556.242346515322
16720.448934670756
16614.33017106033
16927.044211020675
16938.362216891845
17415.7452532658
17552.68937449897
18186.355488225177
18281.85403904297
19199.17167046626
19153.664502562067
20412.60125658266
20282.136915233415
20192.48183462976
22788.80096619244
22745.145371509978
22711.011484043098
22858.092160407316
22032.69030411617
21725.767686432722
21395.964824480387
20662.276921883666
20413.09900886926
19747.89982067531
19507.589679319277
18967.858967405497
18772.34832110114
18307.28017399525
18156.9159589102
17777.055354770193
17722.24962798023
17458.20840936417
17528.955588436806
17388.58412164724
17591.173670169435
17550.557921498545
17896.9487860615
17950.592643394546
18449.336715398087
18445.234197859467
18620.951615512666
19187.213073072024
19327.74139553523
20164.732599482464
20213.21357909806
20208.627824241445
22764.984866387433
22743.621644175746
22731.711183323005
22689.98312170872
22079.15827133304
21658.425452018462
21364.492665278645
21342.820996257953
20699.374980601937
20487.43765581959
19926.740815558467
19742.795611836536
19283.89114871244
19126.2086851426
18727.939450532864
18629.5652365307
18336.348121511317
18356.3236933105
18188.23516274525
18330.168880935358
18250.71185999755
18500.967201039057
18500.11834709081
18897.30357414017
18918.08262912203
19377.492193914888
19345.16600559059
19561.283961826317
19589.739081015465
20048.130725917035
20137.177148647406
20169.60276237622
22128.860564090424
21989.12283559308
22035.43623422203
21488.950674079264
21382.569730720414
20845.841357381614
20683.463924858053
20245.660643883835
20093.38314132549
19698.156652287344
19559.085506726708
19235.72368350671
19197.280891556504
19003.074843683004
19098.834825511112
19004.43653109905
19183.67987539649
19137.447158474082
19403.997939772293
19394.7015824868
19731.730794093994
19569.33257835454
19663.357442116
19833.507180668443
21944.715630831663
21844.554431630637
21765.618523136454
22019.143771157214
21517.949820705373
21508.681590395627
21142.30953779404
21046.05791456191
20685.255637074046
20554.651715185417
20199.966323387252
20107.044003656152
19865.114353294957
19903.212545726197
19803.29115831608
19936.91748415645
19870.567411721106
20024.708843915912
19871.565878091507
20114.10218719344
19940.771768076644
20291.577867870583
20177.285302259817
20148.541229313912
21900.23401580425
21861.577617981144
21856.25055281564
22019.632600709865
21837.205844397806
21908.452341513173
21860.54554747847
21608.76336859296
21534.195469619277
21248.611719364082
21170.516745254175
20899.474294028692
20870.75617138066
20703.158755229313
20758.987752824916
20673.757342438534
20776.477482687078
20636.412958505596
20502.135554813653
20404.557230602102
20172.427198499296
20291.846133100928
20241.807929482122
20217.01554791624
21912.229423749934
21917.40998534584
21990.449573732385
22258.59741727785
22370.559521672556
22362.914183946312
22272.941013401178
22352.57534292035
22158.00819931886
22133.735528665922
21968.95164494953
21936.80056235544
21737.715527951153
21713.637248646555
21525.09245584636
21558.28162420033
21448.59513483817
21468.929134653532
21393.291106059853
21234.958996464055
20706.685792979086
20439.695313312783
20321.98737142239
20273.331164230225
22797.06638690471
22779.603656792955
22813.12672330435
22765.908741759435
22795.281229297187
22707.175369940134
22745.10780858964
22643.47732090695
22566.563123080257
22402.97710451756
22261.135371047672
22133.77983498027
22069.69444232694
21899.558923902143
21892.66424803517
21874.973566561424
22896.02244613582
22879.744667746752
22875.659829200224
23050.294645765152
23025.761933367325
23097.180697944725
23084.760730881113
23078.028743940577
22952.226691765656
22810.616918382846
22604.878335023357
22475.984127723816
22331.361357558322
22167.05403119466
22130.246017472884
22113.55458194764
22909.22996366217
22907.70640973649
22930.8488672839
23081.300640851976
23112.70363901711
23174.92957922713
23197.301496570773
23181.06124772386
23070.92915671339
22910.83819151799
22707.69743859277
22557.353315223016
22409.10173026486
22227.414934698372
22174.02750476781
22151.663950381306
22922.043353605175
22931.57666858869
22970.25792688344
23108.463653176295
23166.74270850351
23238.974382088767
23274.567137805097
23264.207889975514
23155.337385231807
22991.196625095334
22781.485286035586
22622.61043351456
22459.80676545885
22277.55359131028
22208.635930407792
22178.962660305002
