40.65822698384579
41.10870652728938
41.603964438983205
41.952485935485754
41.62782738468783
40.236803121559156
38.508492317526
37.15848455701838
36.766984661130955
37.7156699315751
39.3772849069138
41.494412168937465
43.51088294469485
44.540077592829455
44.79330117796476
44.71268475458933
40.25422759862808
40.87866531365054
41.55522715883504
42.19957223114885
42.10825599064992
40.424178427061754
38.40272876253853
36.88336831626482
36.44880241105618
37.45846436403839
39.28059807710504
41.70430190118671
44.09472862411736
44.979243911889284
44.96523458208566
44.64122176796732
39.445234266974225
40.39596977602268
41.36629246372448
42.512715584179844
42.97417174335931
40.6673704217672
38.18091204597531
36.44677183420662
35.96812615900016
37.04537775885865
39.074136726337144
41.97399552923789
45.11949200362841
45.548550281229254
45.04846243191412
44.24907621731831
37.85685493690027
39.18773305950477
40.66435954374353
42.895614910730885
45.28988788533745
40.9407956147258
37.558831435030456
35.58704410111482
35.086011421030534
36.20233009259885
38.484356692877896
42.30627998745024
47.73407471220839
46.28244820366592
44.59616743022528
43.008155613810146
35.06014324778183
35.17019776434634
35.316420208382794
35.53357857821885
36.08103466590575
37.14600899687153
38.88184301304773
42.47303717287894
51.74296929238913
40.498419704477065
36.11708079292232
34.205265450243466
33.804414066996486
34.83485583719539
37.115900131989804
41.967685874724886
54.66916131398845
46.0433307736489
42.689493257998336
41.04832782216696
40.872741453251926
41.675398226947195
42.26660299281019
42.60996975549459
35.04630260948724
35.11387120806545
35.26407790517653
35.360303525694945
35.14378543164712
34.82046933500161
35.39830798766895
36.60490234090152
37.96678766721119
35.274346559563035
33.3280313095374
32.436983687619104
32.37287327893339
33.067109314211415
34.444631916317746
36.88260705302001
40.297668173167345
39.52041039471654
38.749227318327954
39.14393978242409
40.865769794708775
42.097437765788946
42.66769743813056
43.065799084615534
35.04105159379162
35.11138630549941
35.2934794671105
35.56254314303182
35.308486907399654
33.6211578847773
32.671022547499845
32.521646493435526
32.442685697521874
31.563349965052712
30.96657412299744
30.962575496322827
31.32331718619926
31.58009291110438
32.12630987701864
33.268779459008606
34.72184915256249
35.44819841500699
36.44686927310706
38.69108358651967
41.704172855376534
42.92047320232576
43.400845402099286
43.74375468097477
34.972309698019764
35.000803174174436
35.3646601399786
36.18097146983686
36.94063062424905
33.27529555610041
30.859103252179647
29.791538655553424
29.330076097321
28.979790451468112
29.098039517806495
29.917129013912188
31.26268499984714
30.548252821133563
30.318540746193854
30.80376935172111
31.79347708854581
33.09204846382574
35.28784892390621
38.96668747706817
44.31522923589451
44.52428232192785
44.31796053157803
44.50190082885673
39.14368308950938
38.81386085408652
38.15341678175
36.84109254566471
35.28275539244396
34.51981495662792
34.8673024083162
36.69832972543403
42.380595990595154
32.96660201254537
29.373796347824147
27.63952178466017
27.0099794115518
26.798776923801196
27.25696984040216
28.953615142157833
33.579531156866025
29.63913194471197
28.60584267834286
28.846203904313107
29.8194455930716
31.530165108148015
34.255005251319666
39.322892653784784
51.2735099416138
45.79522358991399
44.440949839827475
44.9718421222875
47.72559855486161
50.18085635019792
51.5385333409183
52.28728027782428
39.50920308526581
39.31476909491925
38.910356707821364
37.89443527871736
36.13530657372783
34.03046228236353
32.98039785981485
32.80484838786814
32.71578855219598
29.493316266780223
27.251389083212104
25.812311851889298
24.989266325701227
24.620667516560886
24.786120000935362
25.627157495474624
26.908889813075497
26.398712496766645
26.34280119017123
27.054052369839173
28.405861757488843
30.148786428705844
32.60530199076675
36.156705007979724
40.67201605664899
41.56950407352226
42.63624844119182
45.52098275811337
49.049357364443566
51.42829556382136
52.50835708242671
53.09496060338947
39.918578027487214
39.8705228345885
39.70258655477569
39.097080055646316
37.54932741377067
34.42596313410407
31.887535059255885
30.226338134906175
28.906517170199212
26.99699102892
25.322968101795787
24.205406760229987
23.327298517926526
22.51376542908252
22.15853234957749
22.35560917084348
22.868188030609044
23.30078565799659
24.079528086946134
25.59803205017453
27.522422363632224
29.212367456143884
31.371633327936703
33.99678139001705
36.91488061805326
39.28729148887417
42.35494274080117
46.41151325559534
50.90428350640488
53.05703937302518
53.84701605884933
54.22758257624128
40.22326257228256
40.41294401641428
40.6560936066911
40.94814701127813
40.54905977687855
35.36206683072024
31.577016725635428
28.931055686908824
26.974721741037687
25.327970269953042
23.92981303003056
23.0237437100165
22.6751996935706
20.73050692798134
19.568461198754715
19.255409081468027
19.572825532796607
20.51222523447888
22.196358426155417
24.726734302148586
27.72784108367143
28.89161909790314
30.557536379122933
32.78310001794423
35.47059928181097
38.568199627400546
42.52365021349351
47.93930058068043
54.84620144963738
55.750801586068725
55.71339690777386
55.56280189759243
40.02707311565003
40.38175357685467
41.06423539197789
42.93388191660665
48.125941059974
36.438770453332836
31.320084564982867
28.298671914585217
26.019493707837288
24.16492963280031
22.775637671574362
22.365230254868354
24.41132808275666
19.10238893869145
16.953116303541943
16.254987699301775
16.591154460853712
18.036603106976678
20.538283753990545
24.232521445958817
30.38941917515758
28.94280861240439
30.01171941082238
32.189861297295955
34.90203327788678
38.198697557801665
42.62817115892888
49.6645360803652
64.0126066969432
58.72162706258434
57.005341785409534
56.19703527212588
39.0673411460735
39.15761684644176
39.27502695698469
39.365270189051195
38.78949685841939
33.94040703994412
30.317766348594823
27.73154866387792
25.539296380972424
23.42060908401797
21.541224074662022
20.002605431403403
18.746145219697407
15.768860783978432
13.843417113526503
13.325435395146444
14.006061523237276
15.948663119328657
18.688857587205362
22.04503915947261
25.63904716965843
27.275853035117876
29.339238287111712
31.870304544083353
34.730994310027604
37.84901133821339
41.72311743506118
46.955390224984214
53.509407544741535
54.59221611939109
54.721634045981226
54.7178370484158
37.92509183016148
37.74560349546341
37.432198523600924
36.68709620199191
35.12369998398141
32.237972688710485
29.659068648112218
27.636104726116773
25.671642931318033
23.237167272147325
20.70809820635348
18.366324113338507
15.995821927431162
13.26794268490885
11.212619390348966
11.032260042657732
12.516599549072557
14.622740728994634
17.279769861202915
20.391431262579193
23.520749127284596
26.274030816145892
29.126098916750603
32.14883810211635
35.23530739551761
38.00979983700147
41.15453845677572
45.08537046490617
49.33674517314049
51.5389651257982
52.500735693220975
53.06365647001721
37.20674086242806
36.86940107674441
36.34413942398942
35.32683619876318
33.70137636995538
31.594369932728497
29.679001761726607
28.26983771885432
26.96734687388204
23.81455486673038
20.67632251722121
17.650509232892855
14.808771864683004
12.086295399420738
10.24334710682393
10.21830948086938
12.733233011004682
14.374396090589018
16.598276467527658
19.6174498793724
22.885066590198267
26.181725628418587
29.528002573130006
33.089585968566304
36.91159724173583
38.95736660707754
41.3428008716787
44.594249834891905
47.95824546290559
50.28613008016481
51.54494644002892
52.37466920004712
37.41682188820848
37.04968246978444
36.48770970803689
35.43440688732487
33.84687021327741
31.94562612225832
30.285675624370395
29.505733722065248
30.68658628717677
24.978048942594217
21.188255568037615
17.918438478850746
14.934550777837218
12.368783268981026
11.042099615694486
11.822206636792153
16.949236952139316
15.701624815298317
17.159218521901582
19.935410328187235
23.228062372389196
26.661815460125908
30.26306613924544
34.523505470888225
41.13908082598512
40.698373679449304
42.46874562573075
45.58396532202316
48.76794045779264
51.08493245549503
52.377575112739564
53.245507265280445
38.75573648559744
38.47473576962901
38.01642859002367
37.05819401372482
35.44349940891463
33.2116687279555
31.110777242529288
29.401938386840715
27.942207054638224
24.801796591123413
21.725997748922985
18.894320769418282
16.343521830513442
14.06364668382059
12.838624613462681
13.196550528730032
15.100093536233
16.186604960548195
18.172059912860142
21.028400667106208
24.17130828301653
27.491168464175477
30.895760765730614
34.56752368481484
38.56592608626166
40.9902933338121
44.1659434405527
47.928814634212785
51.576459597897035
53.90623485265952
55.060024085841114
55.78567279963352
40.591443886066486
40.48534428526237
40.264426816418066
39.64443795868152
38.20034693962175
35.2251937168452
32.365493217046875
29.982172023142653
27.78336100607816
25.294941193950518
22.86071275126031
20.725226222503093
18.777670695106135
16.758501387352386
15.402208447184686
15.229106865490603
16.14050278060449
17.65593485825033
19.917160865769024
22.88215590523681
26.006640245619227
28.79763250350166
31.858761970990017
35.132456733580064
38.68653936415842
42.27051481982915
46.42656375256186
51.20344471212707
55.76235126486092
57.82107854890562
58.608536179267126
59.02528818541234
42.6583281371597
42.83242564937011
43.05181933856191
43.30956333413906
42.9909112364078
38.223796475603386
34.25556966097858
31.249230523323554
28.788098463878253
26.561642043197235
24.637341009635396
23.290267945119737
22.321807725633974
20.136729019076245
18.62832481474863
18.084586524304797
18.587406112442807
20.08204749631407
22.49111413273179
25.471242427961233
28.886816913186905
30.92235023205253
33.36037440959269
36.46323839910797
40.01412912525749
44.100536372604324
49.14639107605146
55.35632252067123
61.936282965523844
62.684709508284854
62.640462100550465
62.498620289813225
44.466860173390316
44.95435225691529
45.78209258162562
47.78555041864406
52.571090907805406
41.82391536495199
36.28143774287341
32.841057078661
30.337972466226407
28.354780090627013
26.883417784509312
26.354435626892784
27.858145005907065
23.803899323974782
22.0077316556589
21.38551355616861
21.865828776998
23.197642197795222
25.402596995162277
28.653353031084098
33.870754882109125
33.588646481269926
35.271945972473176
38.29089164075539
41.94458303107716
46.282245257795054
51.96719211715078
59.99923668972017
72.31728739089212
67.98085439072291
66.32065677442081
65.42492265846958
45.41517653913665
45.78963606988354
46.27527109097577
46.92150878144823
46.85710956089533
41.46382560860778
37.33243855957378
34.52129589511115
32.479295216542326
30.64173572902464
29.13239146614553
28.13920507931543
27.676337996586618
26.00621245956723
25.008623689119165
24.810162440927954
25.320182850240446
26.426638902925266
28.127139825113176
30.558181255075194
33.473660176069906
35.096137450243084
37.417949741805266
40.674790815483
44.36270878426103
48.38396574761235
53.31257235220527
59.69191551252763
66.57845397581461
66.99091517902438
66.63504988531572
66.23481664765731
45.72221406318916
45.90500988402446
46.05218000065435
45.86850670734248
44.541813986033844
41.02139163528734
38.574536928279194
37.08468029971573
35.71573587051645
33.619691390476795
31.846556730350276
30.525588221154322
29.47620701401161
28.56362290486921
28.15080244925852
28.32725872815384
28.95464598116881
29.754339231015482
31.032503497055462
32.81534956237588
35.05317399217602
37.37293331558359
40.175236454469115
44.03710124424272
48.14386463031125
51.07645224023664
54.4509441624177
59.42461877496883
64.37937304187224
65.95748796744533
66.23961633659826
66.21845011078238
45.75838172785042
45.788656194002805
45.64503132665498
44.94609575489467
43.50598914799086
41.66558783315676
40.93849406533291
40.87644496588705
40.87015136428478
37.656746885360555
35.18785206320277
33.53941797676832
32.44390549445504
31.70781570106247
31.46027408236847
31.992718675857095
33.0383776976432
33.363397712947844
34.25865676935909
35.879870566683365
37.99605462959909
40.58333848925536
44.02400411012604
48.86118749920561
54.59824080612518
55.706278851365305
56.99730584138074
59.87423938455053
63.472014056184776
65.2801136031236
65.86485952529205
66.04178715255301
43.55658202298168
43.276860146476686
43.71318178848638
45.497048149249984
49.82858319395327
42.427020352647155
38.797092730919424
36.94304255775682
35.93187151876763
35.187626758738254
34.901544329120014
35.815805129898855
38.62105499986063
37.24945109957467
37.85067932828982
39.51111498043508
41.710694088451476
44.30353977259683
48.21825516493991
54.65269809451045
64.50550700102363
61.15944855204327
60.28354900739587
60.87354172481257
44.19654488240027
44.333377888878616
44.85883303703454
46.00497814328941
47.11208615672195
43.96876028727355
41.82005369978502
40.81013456637998
40.062801015932486
39.12960997690061
38.431225833734
38.47745892324503
39.610437377474774
40.13507930537941
41.74798342128355
43.80103187913019
46.19680863353848
48.449170883960434
51.184791916749
55.87929160043825
61.18104642678012
61.078026358296825
60.903267458642176
61.18754728924701
44.653979187881156
44.89167374672135
45.42648201887948
46.39581043298739
46.97142808673028
45.750075227141686
45.4435359061999
45.46922221599776
45.34064402392172
43.919967728371006
42.53382051711533
41.8098926056984
42.1869938160009
43.85345065424773
46.2845819635702
49.12363266430877
51.97549471822366
53.4256203561977
54.66589613519776
57.251385058036746
60.43071201554801
60.93271590158886
60.9359287795775
61.10352473923306
44.99173217524851
45.334030287425094
46.12731971895885
47.33801378758619
48.41815332976576
49.01165884291127
49.75562481269746
50.99410805705735
52.30620145354499
49.66912272054124
47.31487176740532
45.99435465971316
46.205985870734175
48.12737592219064
51.3334849547412
55.26247932162047
59.37842494107333
59.33449280656934
59.40122048521888
60.14993556538733
61.14248363467907
61.31815730924371
61.131437944862476
61.103753475408986
51.324167575744575
52.35845120567086
53.71708710646034
56.357996579376504
60.96259442803269
55.40029915746596
51.91814749171392
50.09851253616399
50.1618307233415
52.310985189140965
55.897148662446405
60.93953685767507
67.09443334926755
64.4760738983348
63.347647205017886
63.12101701037473
53.40828861735641
54.243735785119995
55.3223277854506
57.016890197886944
58.73951141763231
56.378012234028596
54.169956896555846
52.794465276376336
52.94123974894056
54.97107234007516
58.02964517970174
61.67041810856335
65.0970860225502
64.69967875227847
64.28627274750345
64.16791864375244
54.399287998959906
55.01998113584983
55.87981605760937
57.053911704838036
57.88610527646823
56.617763757530206
55.158305084715806
54.20847982148017
54.462709429524224
56.308067205406786
58.91429075321186
61.75788539486864
64.18668648367597
64.47840883363392
64.39285045874718
64.35637292575012
54.91210738028087
55.425834219254405
56.15015290722787
57.0055348165101
57.47160881010142
56.731236467714766
55.75189339668675
55.12692338946201
55.47216812685994
57.16280401726782
59.428895341944184
61.77350765144289
63.67313870402002
64.2361590122722
64.34100450603835
64.36447207440662
40.82571456023904
41.11343396198268
41.429801846374204
42.36851125327204
42.76347790639975
40.618870693960936
38.25553924317862
36.51596752584096
36.071625170303086
37.236364615875765
39.26525921513475
42.08436938256005
45.187554725436144
45.85812399684683
46.16175577036949
46.29301436735037
40.616426057981315
40.98590400116685
41.285307921907
42.401363643257476
43.09673007144086
40.63275397660468
38.142952358873394
36.37354436444772
35.926614803271484
37.093082012907274
39.15739129255702
42.11670650025987
45.585366123090076
45.961857765431446
46.290435498332755
46.390280552379096
40.23014187911485
40.795492102236125
41.09624838594469
42.410717896384064
43.54731478222482
40.613603968023696
37.991243389967316
36.21179768863583
35.7654809675953
36.92034825974169
39.0187716526609
42.128543024994606
46.10942562841556
46.021371546564296
46.51326550928688
46.50055324585755
38.655250029242815
39.92504902433898
40.577096345449235
43.821812478288315
51.8879250361663
41.79485166535517
37.5254093149586
35.38861173929447
34.909472778129434
36.11320704065589
38.541030186643994
43.33692317212839
55.187431354540195
48.12848624993177
48.06239818423065
46.51879488908531
34.91623121327898
34.970350052794394
35.05391747307501
35.41228935946968
36.205400346141936
37.81893447668869
39.21927433680145
47.965560144915734
114.37718846470148
45.39882830329316
36.46139478490001
34.03387119418806
33.631684775000444
34.771462415276524
37.46466816224113
46.93917564513387
120.58372976640241
53.439408296397424
48.74869418069985
43.89452787547693
42.41320024300502
42.91804996659825
43.336373777589166
43.63353187228513
34.90266025850092
34.92988457682555
34.99010910533926
35.23548755799239
35.11272415684658
34.38100615488891
35.15372587760922
36.98822214730971
41.788795871247785
35.65542312115052
33.14981559408175
32.200657405275955
32.19561060103573
32.93680500714268
34.44212041300541
37.49099607202982
44.691043749646504
40.52005118687084
39.283390533386644
39.401399953281455
41.970469708103344
43.072662973845745
43.57419289845231
43.970435795902326
34.88058325704603
34.913833874320666
34.93575469265593
35.327244165238014
35.463764500436696
33.28252869216404
32.3027082494195
32.22950009613484
32.39223801104599
31.333708893941616
30.70587093492037
30.775519996899934
31.34289638657835
31.481932903352103
32.05448670030038
33.29489053013582
35.0251678581087
35.57301752520137
36.50944603244984
38.93033680143011
42.58881244351941
43.39621098138171
44.10944145028131
44.71468482373406
34.931782749768054
34.9536043481605
35.11787751701165
36.74428920724424
41.48151087604712
33.51499864490969
30.525965887731402
29.441354117514024
29.020686565136046
28.705988950908026
28.893710890729476
30.067762492926132
33.41257247721499
30.790262690159263
30.291239120351054
30.78967622798597
31.826975140570998
33.14592963231617
35.421163122866226
39.856721921008564
50.24560392331343
46.073832464624104
46.551379662176586
46.7379021787189
39.08126193187826
38.91459229273418
38.610620584779404
37.36399379141003
35.327927515301525
34.516531617605445
34.99905803776214
41.19286883531315
90.86256247421966
36.067786300677355
29.213848006933926
27.295134795288448
26.686875404536597
26.537370331599398
27.198914358721908
30.908054993684598
59.36781429594871
31.708859985730058
28.73613666586736
28.855415868331807
29.8511689880744
31.591205956177344
34.60408947355093
43.44524623980768
104.86797765179882
52.29951433961821
49.206459345045374
47.59502503325458
50.032187147445626
52.149146748393925
52.77348277401495
53.195479175147476
39.30936964116818
39.20357182286269
39.04603016043071
38.32576769891567
36.558486781015525
33.51286076344864
32.60122207299027
33.0000336509577
35.77108391414953
29.557349181566558
26.90620861210584
25.452190051952343
24.684750980593126
24.366760505237636
24.626423983829138
25.80820886241735
28.882614693103076
26.676645014960926
26.370603143003834
27.08487509508682
28.467374044838913
30.209559070724417
32.71410549134335
36.789911538522404
44.714945054887636
42.48321118911707
43.100395513554574
46.32146354093516
50.755383420440666
52.80279510325482
53.34446360534087
53.76190760946105
39.56991770771738
39.449296894811944
39.29141100042266
38.85293958832628
37.696177467564006
34.074593761402944
31.42968147965242
29.827495343254828
28.697314840939004
26.619755061728387
24.942657534455492
23.877195755056167
23.161661825059497
22.30256646746178
22.00092829937407
22.293592979512756
23.000194234286464
23.336676948827105
24.119007715377354
25.690477938050414
27.750201191571588
29.323816963761697
31.45587237574811
34.12034345232699
37.25929818084047
39.42621043601429
42.47530105571925
46.700847072524205
51.814450987828224
53.446848924479035
54.14734501772158
54.74615921348856
40.34359212912091
40.368544999243156
40.37337966592874
41.54385714942677
44.96746895857079
35.56420258009439
31.16014402399957
28.456201585606653
26.550684504651315
24.91205888571713
23.56664846965907
22.975283418376527
24.372391396649675
20.816998285585196
19.465084602889206
19.194658390908348
19.581735334224536
20.556872794702837
22.304469686436924
25.12905197570114
29.79412470898802
29.294213346235946
30.670803590505727
32.86694223600598
35.5608118676317
38.64816225283319
42.685922509227794
48.87859312715562
60.77642671677637
57.30030356873503
57.9680548825993
58.34343721877656
40.687208304317856
40.95941552943116
41.32898921650267
48.11372763186846
96.10125964298379
39.57478833364219
31.102110234330315
27.831158913701373
25.55285461141265
23.74876623297333
22.53286549864707
24.019911231274484
47.971553835393145
20.926097347542278
17.027181710659367
16.26862268953374
16.65558402126101
18.150914283751163
20.81749052260072
26.342966406177936
53.29020448710759
31.006798030775276
30.228736276668926
32.28067281473064
34.97744517240115
38.2842370009973
43.05070257751964
54.08342279402684
116.78199094239474
66.12723334184024
64.31783903556308
63.04458853071195
39.02410273842717
39.0184409599352
38.984452359564045
39.859281961525014
42.6969846377691
34.08775853837452
29.897004541035585
27.253128588188023
25.07911681089665
22.980020029970326
21.17358637472533
19.947624167884506
20.457997387433526
15.888320203099497
13.848097061323411
13.417717597374107
14.170244664898366
16.12738092515586
18.883393415655963
22.504009016750693
27.705827632831504
27.695483154103165
29.466430873502944
31.959308791454898
34.81243195223379
37.906683608053655
41.848124386396144
47.80118984826709
58.81569110336347
55.95509830611701
56.611537396628165
56.98440776881261
37.273234148544645
37.148820617915085
36.98894376017764
36.392766265667795
35.18064759656618
31.833702949327055
29.17482455439038
27.171678820385683
25.325655169595926
22.815824881571352
20.29383783981734
18.036570077987125
15.84875437348397
13.136200559677574
11.247061350023076
11.23624462318736
12.921880753510086
14.888731883875378
17.482253880380018
20.586065016180473
23.81895204714878
26.43180473630724
29.245794378847027
32.2649769231584
35.44691552971819
38.06420501440639
41.15932156136384
45.25899607640574
50.07918660469244
51.77886254992183
52.38902445321822
52.888134715950294
36.184116856014015
36.02167287597486
35.83784000164959
34.865026381034696
33.27038797743055
31.099350851558594
29.229616146467688
28.050160416645557
28.13756547028959
23.618045892520545
20.28450619022616
17.263044112474148
14.525139878950014
11.956651771725943
10.330479102176099
10.816343377925147
15.222802280275518
14.987257324740424
16.836222603880085
19.781055899355582
23.027570901738937
26.31815779001412
29.670561849380896
33.4405776252231
38.7445143331873
39.309446980394725
41.37485666779552
44.606012230889704
48.010562058249704
50.22913323828351
50.692618664089814
51.12339959130951
36.337374954112455
36.16644060710258
35.97527131990867
34.95570300836725
33.37700825952306
31.4591881095277
29.9456357585329
30.779324960372048
48.99831449203057
26.140050802293008
20.9201169342903
17.54194638437331
14.664661574077577
12.259501448427079
11.272928431383985
14.227906986678027
40.6753320387283
18.11995911475458
17.500540576333805
20.09563421617924
23.36021186361052
26.798331533122024
30.501614065038122
36.2400107416411
60.128014286960784
42.75070615836609
42.644711993349254
45.583822618766085
48.740252386828026
50.97356213809747
51.40839908710214
51.81634235513902
37.905122966914405
37.74421375009428
37.547724808068274
36.632620251563644
35.054866476587264
32.74676875493852
30.657624893465698
29.191199745858977
29.130420620990964
24.621823524254452
21.378036165572187
18.590074515488723
16.11143475254276
13.949568599934112
12.904937705334099
13.708923868126199
17.45575388493416
16.74639212475292
18.368883533887942
21.16845479722963
24.30138999148062
27.61256148812947
31.023322129404065
34.903351653804606
40.37334146624075
41.24468318341535
44.17408324284575
47.952931308351744
51.64911246876413
53.86087566425711
54.36295321778051
54.80362307598653
40.09493780241808
39.98189008009692
39.83669475502071
39.323861706309614
38.17787660951443
34.86108525597766
31.916964228711898
29.569744584452764
27.48254692330325
24.936214592882656
22.563197592465308
20.48352926727008
18.71427251898411
16.681835353786923
15.406095821174482
15.338486391886697
16.409747509156453
17.81341281559245
20.053766218158838
23.032272153221612
26.247602201754393
28.921805869468823
31.946429166360325
35.21069019970244
38.83497631199276
42.29194776870629
46.422875703288966
51.29696143465918
56.30420105592515
57.90775170480338
58.47560414832266
58.947679066296516
42.75906850403336
42.7815064630714
42.78568317685552
43.763206786856806
46.5188924765855
38.44357518717216
33.91403000975747
30.866096205876897
28.4266980060029
26.241193469435476
24.375318906759617
23.322398280950015
23.715012621223686
20.302905566342222
18.641823568609315
18.103719699134572
18.635701274174355
20.147822874789245
22.615352179767015
25.826364971485557
30.49933930537732
31.25813289559278
33.449155198773106
36.502794039781406
40.032710254144476
44.087361896426415
49.20390307864288
56.167606179793836
66.35071569398481
63.75379240024611
64.27351826242563
64.55693037144863
45.39992054604834
45.712962574571335
46.11939522152925
52.44129611924267
87.82070240732804
45.059688709920906
36.20914457943711
32.48640604952741
30.001984930616867
28.081287967773807
26.75519829518207
27.69489828909225
43.8397688973073
25.2543863866555
22.121791422507
21.396199372696437
21.893271307961598
23.249907849801886
25.59200105642795
30.238414007846533
49.29022891030705
35.17559509945524
35.408227300478586
38.320479873220904
41.94461245336739
46.28903234572531
52.41064433729575
64.2348164944008
105.16133702974209
73.61892692325361
72.26237926767342
71.27186501406051
46.032668149306744
46.12915868948381
46.195353853331035
47.83519643062828
51.60768166388923
41.92819895659313
37.048410141836236
34.212659428635085
32.199046911839424
30.380892790978564
28.941472434432374
28.181255574492546
29.086566750564657
26.199291778280895
25.02786388405776
24.82179180921637
25.359849451356233
26.471774655489682
28.19681609701944
30.855613872752237
35.04982539334145
35.39598258859976
37.45735479674321
40.67042710289995
44.36475559148654
48.35698478924907
53.38069270177195
60.772604533580996
72.0000429857317
68.51768662147155
69.1287396855272
69.4394907263638
46.30688036268545
46.42084651332172
46.6141567138636
47.884326743514194
48.6437990851615
41.09538342087535
38.25594011850391
36.85620684264973
35.730631589809434
33.41508264942252
31.645718320106063
30.38438670505378
29.444085854507204
28.533166160557755
28.146700933782526
28.348784135458885
29.068374602721278
29.80004435957462
31.05434155834953
32.85625463827508
35.19450965216326
37.421267058620955
40.174323384175814
44.09083406180284
48.541851648411324
51.06650108831106
53.92883258720407
60.90729456783245
69.79771855778709
68.83684897002607
68.95627572819129
69.10152721842675
46.464945358613484
46.58057492383885
46.74998456402959
47.14310886436799
45.6807110682052
41.486240426839544
40.78457135684312
41.30776019654211
43.80542672309186
37.96759221910942
35.04869147166497
33.39514048914086
32.343859865991504
31.65939495856218
31.4545244902635
32.15684113299946
34.149132622999275
33.54015950943338
34.260564264903024
35.86285976641983
37.98408645653582
40.56999433570091
44.08583494411591
49.62160649680262
58.526249520913666
56.68699073140621
57.808396752208765
62.03166835162052
68.63174552418886
68.85270304058426
68.91170542130524
68.99326185139991
44.6771962580512
43.72090213341984
44.07273910433834
49.06668131030208
71.15091350385842
45.327977542869654
38.89899461741385
36.8254531044239
35.8420605185965
35.13887360820734
34.930299925516934
36.958191659043756
49.116413450897234
38.399226390481395
37.87925974008035
39.46176715416203
41.65726028730666
44.26791329134427
48.60643967966483
58.54881174550112
82.34382926277382
65.60366960656859
64.36750027787467
65.05173021368395
44.75839422528494
44.64867214807628
44.883551666883434
46.77460144156354
50.93815694297803
44.46276303424624
41.74324048032107
40.70688810529719
40.013708845944244
39.07346786929792
38.35031654163697
38.61238763682215
40.85973832818486
40.228795803083216
41.67486074297819
43.70953421020519
46.141194538386515
48.36546482267352
51.140408560080104
56.83164551163503
65.57031220806768
62.43694217332
62.932651997037674
63.57136775053124
44.972293541996656
45.065942778239425
45.45328576716694
47.3390621452593
49.75585696907883
45.868674532215856
45.37068848204345
45.49209562910432
45.69668138444078
43.9721991569292
42.43973976419596
41.69049820924081
42.19062154751228
43.751984479371046
46.19355567694367
49.09423233895935
52.32409899698157
53.414580678472085
54.067772007807676
57.99213203077774
64.3762625971257
62.92043346117906
62.93924425464985
63.185796668916836
45.2114523118218
45.4435113154198
46.13453107434034
48.40410823526596
50.42963025648214
49.60603176192786
49.88062047442458
51.716023008629016
55.50218752767816
50.41561180477119
47.4399852788334
45.91707535872904
46.09585041972349
48.06492812402796
51.33155425587457
55.88185276792788
62.392127762057285
60.110098995845114
60.46765373818877
62.14295631023127
65.16214330321719
63.593448851167516
63.176618144270655
63.17820531361716
53.303749545620015
53.57781529151544
54.31192090474218
59.532691766105415
72.49830695343553
58.65845419285145
52.55841823041069
50.082474682935036
50.04571318113688
52.29002563618804
56.27455179256204
63.73158286427157
72.01856580699022
67.14779496669706
66.3218966264788
66.69596440893672
54.78609214191866
55.08360680739533
55.50689324523893
57.86278407553422
61.978449844620336
57.224178939658245
54.30476978621773
52.65402330826757
52.73320694473166
54.82057109569924
57.97195659871231
62.27058298162761
67.48198746732595
65.38922226525114
65.63391018784624
66.00520836903695
55.156800307808076
55.45739231062797
55.9813950138332
58.252744433147264
61.31274561506697
57.67957335943254
54.87767056267986
53.177742683508235
53.24308970357291
55.36317056930116
58.506091490627234
62.653841294240365
66.96558708322675
65.69109807173379
65.6643038770066
65.84125277256139
55.415033706246106
55.74052853217569
56.374669334366196
58.47239392976257
60.813011022120214
57.948264217313444
55.342290728470616
53.66029078955144
53.717943374964456
55.839219717293695
58.95154861361833
62.870954261345894
66.55596911603897
65.83238275747802
65.71998524894985
65.79395682914662
