475.01538445976985
479.7589954412749
484.70190055651375
486.95491224659037
481.5429837205253
479.2495053470936
480.88290425522416
479.31386272212757
481.4321684075357
486.45057528121407
486.12446282880165
487.9057067448923
491.84867852950714
488.381883238625
482.74078689536066
477.6565190066123
470.7879133060516
477.5149855228923
484.92051506009614
490.18527072293887
481.1027111953678
478.5599733132522
482.9823315172854
478.9642000696615
481.4595835103788
489.3187514507456
486.0773240135059
487.68859269175397
494.75680150338667
488.21993215428506
480.198303036744
473.18677302682323
462.2668226861314
472.3056576207401
484.07385826040434
497.5198188487285
479.2634543113013
476.38727233384304
488.4258013432229
477.290409937066
480.43270034922136
496.0437860194443
484.91682648641256
486.137753736274
501.4043826196561
486.843158467775
474.6095108128113
464.3068122277654
446.67283702574514
457.8750803756825
476.6066432649417
522.8004473945707
470.6494074831127
467.3685443275204
509.03237177086277
469.0455561615535
473.5548520713401
519.4346681443656
477.98612409149695
478.04337123249957
524.5768222781753
478.64185115387716
459.6702322956323
447.7635501761699
404.17152855248474
407.1786807521649
412.8308879036248
422.03549908907246
430.8913316956493
432.5276781329284
439.24621831313465
447.31747794866055
435.50620203348035
432.584415875915
439.32660670331524
434.02245843765604
441.1448966271751
459.08945006327707
446.68736803590656
443.842100661609
451.3199373610362
441.27248971066973
433.46220441993813
430.66257820320567
420.13296557743905
410.3712896357401
405.0768874954364
402.778546640596
401.8700353756511
404.2265269070915
409.6610273360012
420.3777886410822
431.40513358280066
416.1696646217305
416.0325772695381
420.15184068411526
410.06645166334584
406.67894128697384
410.8691975135266
407.3485291007746
417.2808451556074
450.9318542349647
423.19151324887076
417.3362721382458
422.89073926879996
416.5003441469573
415.6247879894759
429.3117406159576
417.4841849145506
407.1066651438898
402.49001498017464
401.17038552583097
399.4726347286425
399.9659727281405
404.41468422214285
418.1988913866465
452.28502521074574
406.49159425292856
400.47893076233754
417.1678665642957
390.83812801962637
386.589997663261
402.69305495966836
384.4950489614086
388.39749459572437
413.81891028962673
393.72334356474283
393.52262226142193
416.6863173089945
398.7407248828223
404.04238217851344
447.8587429745831
414.79683473840703
402.1380559138365
398.8821782164469
399.89221859135057
399.4650309201117
394.0825303787905
392.8729871897498
394.3868321895576
396.4587124820693
381.1843841777561
374.184524008354
372.5571608692118
362.7193796658351
358.25526751862577
359.2749554205573
354.2441003800092
355.2487455981698
361.6928787290857
359.2090275255077
361.38305549172344
369.5696959788521
370.10691528384774
376.8698618353302
392.2971911219739
391.2118261425636
391.13458950109367
394.34558536830747
403.55511196689446
489.250150455098
479.3082076675755
462.8366936556693
436.27860631257727
409.9611139937552
393.81533239506837
386.68558029677814
383.3259191135156
380.08960448316935
364.36656111866426
354.8047386879428
350.8578727566115
340.096871423697
334.70461736394907
334.51847716662184
329.00396642466995
328.56663937307894
333.2404168651065
331.9574104842451
335.7205434944201
345.27454239536877
348.49915207720403
358.31735880167605
375.1661434076368
380.2129112087379
386.18499929005907
397.0976396195892
419.8560915825768
454.13110170188116
486.52173702469736
506.1399671097657
517.8764956605482
500.045913784587
491.16680906558685
477.0943135459059
451.4909488905161
423.9567707601395
400.93323914123147
386.3402322662036
380.45034256894075
387.6350014155977
353.9106349109542
341.3600265288137
345.19963115031373
321.4920433253039
314.5238845284505
322.67252027810974
306.6053038271533
305.4050881752556
319.25254747882724
309.21271179989645
314.726289172484
337.2049921099619
333.114259106034
346.74689785775695
382.0900495175951
378.17869568193163
387.91308430173035
408.05964490332786
438.2861040253206
472.6905803502249
503.3245805316167
519.9126150255516
530.5058167836031
517.1237946847765
508.35178965893886
494.51596164705984
466.18617355389665
437.3744618874747
411.5925959502252
388.447471853524
371.8143658103731
358.6680811218352
337.66472125782656
321.7026632521446
311.47619220017987
296.01973124164147
286.5995855361637
283.0550579810313
275.65088038387694
274.0127952072529
278.2948102519773
279.3171393252926
286.9942889180444
301.4692457553434
312.30975294946495
329.6300599208426
353.81458291559085
370.738159856418
392.33262875766746
421.75603945875673
454.676490434027
490.31091324611447
523.4133449800847
539.8280510699323
550.5489377277129
542.934494433297
537.871221594844
527.0637742359017
485.85342350163086
453.12958166394355
426.5892468795748
394.0415856036462
370.4537412751569
351.8895173123496
327.62000734649655
308.10290609269623
293.17104180989264
274.34397536630007
261.2208731711824
254.72173562575603
245.69851646314626
243.64570119260526
248.8117828705289
252.1469985904545
263.28476040722444
281.91235286855556
297.756875943972
319.82480715783174
347.71253784188843
370.2502589812526
399.6695287728516
438.75911524186506
473.28169354438654
513.9580575944997
559.7756695225734
573.4698014702111
581.014142343188
571.2539621102951
576.4275891726056
592.9318075522959
508.9181630339425
470.3102077083013
454.8108215374478
401.5778866509513
373.0274813778652
360.79124008720277
322.8673223355252
299.52943122984186
289.6281197068247
257.0217724600741
239.5012117249196
238.38891961359838
217.78218672766286
215.15647468655104
231.18096928348052
228.81910046314758
244.61909522039446
277.32216865488533
289.27195806803576
315.30621927483344
356.56274369849854
373.4859813418092
408.2081786768633
468.4319235562917
493.9745460913217
542.5373398354897
628.1829160252468
618.0680361444211
616.8615914246963
579.0538507405444
572.9190966559726
559.7115718723603
512.0394479985474
471.40477579107676
438.13164824656667
398.87104138638745
368.195014928413
343.43511921659115
313.433856792231
286.7617896970947
263.4793084656189
235.72569955355414
213.3273431700782
198.1944503733688
183.40530999656346
180.24065247434152
189.73798194032065
201.27331181747957
222.5285901905192
251.21553896281102
276.39899073215275
305.76813765074365
339.3406700668258
368.8711252587111
406.21363827671024
454.2976419799401
499.4057418659131
552.763163353068
609.8188944787474
628.2246085671487
638.2792958408037
597.9582596348785
591.2492635890619
576.9976068171608
526.3941794478436
481.1806367195056
442.7479285291755
400.452038455972
367.7048157911323
340.27801989597384
308.63917601630413
279.28544039432234
252.1311045601368
220.50212816511336
193.00159539382835
172.3292210541562
153.18364544405702
149.13606432619736
162.17496364294806
179.58101719505854
206.0302507863644
238.82832991020538
267.8678635238118
300.1361240358762
335.8631912506641
368.24134381935727
408.14052700461156
460.58154475870765
513.8450126780358
576.9520721785804
642.0506922931006
663.1696590373352
674.3259164905313
627.1405139269295
629.1513111661625
639.6962465019702
552.8923112584916
501.0115783206016
470.67596302226326
408.80901677519654
372.11801506721946
349.92141791840646
307.7952232666641
276.3773846984152
254.4461225172241
211.70058051638426
180.25496579574272
162.68908664508623
129.9482193622557
125.18411379010433
150.430792389036
164.16053316551634
194.9249598129389
239.11669247167268
263.8521803490528
298.6652857081862
344.8846310100823
372.2156993853274
416.35529563438166
488.90670429638755
538.9619696109634
616.1515406539256
718.9148916277265
718.9954718361087
721.8298968168901
640.2491307109607
632.9175837318755
617.2604497231991
561.869009872464
510.95612144319716
467.56468660178354
413.249847940284
372.37133682022954
339.7795725859539
303.34614701620643
269.8736873608023
237.9448961919405
200.88159942061847
167.19367044637087
137.48733362267834
109.14625330120059
103.79578574090975
123.10802440292655
148.57550252840647
182.5709404825939
222.24210851537902
256.9785789995658
294.5738326265895
335.02910276268386
372.4254526808532
419.97404782759975
483.26577363795906
553.6331670076563
638.6607460338785
726.6050046308726
746.4628020811974
754.4263173789885
656.800395997
649.2509841174106
633.6870533268634
580.5966408201565
530.4858162434189
496.3596218890057
424.91826220186755
377.49084880116266
341.12167714786364
303.22484153450307
268.03779860578715
235.11493131265766
197.26584964655365
162.93171729306223
132.39170374719401
103.74251112614594
97.10346574053418
117.90850475118967
145.8560728526509
180.28006639853697
220.054048652854
255.75010376645417
295.1957521909135
337.15048702805933
378.36493554835033
429.9797208944551
497.70120075220166
574.232408753956
668.3998678232339
782.3196126411211
782.3726229247684
782.9796859560719
674.8340411996058
674.1775294346154
677.1232366372525
601.2763926973371
544.3942134614879
504.7914172564581
433.2355915376656
384.64524511168054
353.009685604772
306.75261728925994
270.96867388291236
243.94144972544032
200.9152225023233
168.1797184888437
146.9481436382585
114.38366561954052
107.88036462096926
133.95995904716415
153.18044371624399
186.15508461486982
230.79011527839782
260.39953186996064
300.0643965037791
350.56040031787506
388.040547759202
444.32472095267946
525.727994882403
591.0746538439022
679.112323051011
780.8653612030129
784.8520879669582
787.4219461709521
676.0715249275789
669.6826902419359
655.7280260206182
603.507929133867
547.57823997821
493.5357754706345
434.61308971580996
386.2366378237012
347.19156930459036
307.3980084235536
271.634930044649
239.59768694441638
204.84810315192883
175.29771346305324
151.27217374439067
129.84253240571167
124.68634134542822
140.5469690127715
162.89602852351484
192.8735851707827
228.86938845734005
262.81482321031234
302.0839632411336
346.25426251567984
391.87711456657115
449.28394177688824
520.6285996344889
594.1652158725823
672.6166438659477
743.1505502801302
763.8245467550712
773.8682050289185
679.5180600040657
674.2094080859453
662.3081486086481
612.2622791240925
555.7816921520501
500.20623024853165
439.0868441848371
389.9784856802328
350.4258967829308
310.7540937503231
276.0553055479873
246.17099623652447
214.88107525230706
188.8617924854313
168.80188070926363
151.872613936872
148.04577597630785
160.34443533209145
178.7291009191089
204.66734205475174
237.12358666581898
269.02792122180676
306.93547712398964
350.80202858046374
396.57933577500074
455.1009231682035
528.3321318569905
600.5149829224088
674.3575719889727
736.1200270691741
753.9876430176449
763.4453038129537
686.1218951979139
688.4909718265085
695.9565466518535
624.6242648689101
566.1651101587092
519.1726475493816
443.4881350848953
394.3198532535715
362.9937725739716
317.49074395267945
284.7160660354096
262.8108819073946
229.75093100391996
207.2536575861357
195.34493268032563
176.93483699971821
174.241651726614
188.84436263709176
198.9399460922369
221.09423374033608
254.65753911945902
278.82934691550633
314.41355089028184
363.75416643974347
400.97026253834963
459.09294402434836
545.0079515417385
607.8909327565354
680.2105611187228
748.9901783187307
752.4240188189738
756.3606415041936
677.7209898475048
673.5996617380157
662.4877905513173
608.98593263442
548.0820533674628
487.1162035937697
429.31103900337655
388.9203298653324
356.1748156492201
320.5486075488512
291.14319507289207
267.38258045656534
242.85953765038207
223.26743038367565
209.63388597905967
197.91277137294267
195.90001489759788
204.5115956481025
216.44723659710363
235.54107797495502
260.49119082949755
285.86188793763796
317.824421348927
357.5493982399026
395.23917458930896
442.8106366408687
510.689442071114
586.2006212942387
660.3145884173732
717.4740068819641
733.2465086993767
741.4167112998741
667.9385545771338
658.7082120994764
637.8386610205479
584.1661049990798
515.0690764781228
455.6389236402191
414.6353208546101
385.6467130161254
360.7368616386319
327.94329049656864
301.77469217543535
281.1860759164449
259.314982084037
241.92053720958427
229.94722760706625
219.71609047011606
217.9351315895306
225.54747997539826
236.1056784524349
252.8593341777404
274.9665516327988
296.84201594030327
325.4413974658365
361.7173859156448
390.92627382208093
425.49569411585304
474.4354132712161
546.9643817674731
630.889246523736
691.6844192665076
716.3854632947583
728.628028277759
466.7798857111983
427.82278597051527
403.41652178765185
386.64507060942685
378.02089345077013
339.6984264227399
315.93338122475416
304.0597910469862
278.72701887252595
262.915487854572
256.60245150235875
242.82499481720473
241.28052232382655
252.78775829020776
257.92377079087015
273.09128722556494
298.2019740450877
311.26892201611156
337.11664604581057
377.9316745363945
390.42473200119963
411.49515738839466
441.3078467198673
488.8574318649034
430.7536480526211
408.4338844113458
392.76228479424975
378.4375815415721
365.027934032501
341.89779788770284
325.216062011054
312.960749169677
295.7465654458914
282.15727989341406
272.94961386636203
263.5148727739961
262.1122772985136
269.6771295663127
277.76274667175375
290.6812138171806
307.8328491451321
320.92253163381383
339.21020376630804
364.5842876106317
381.0148296605044
398.53336825769173
417.7838133977465
445.1661334113826
411.38176702934703
397.86674924386256
385.7450374608228
373.0485649982219
359.991845882676
345.27693053147885
336.87099340262034
331.3382529061896
316.0054606636089
304.7945283236418
298.8417613932396
288.3169722277702
286.93940279515886
295.8203555731957
300.79842738260635
311.34156132786507
326.3835354448505
332.3999747044269
342.1818708847847
358.9560806204912
374.56283336131906
390.0943508775112
404.96545544615987
421.52323888058015
401.4844585155855
391.41685793070957
380.7442297919671
369.0061854876719
358.35815042242814
351.0219589381414
350.3082617873261
357.62755238017235
336.88985817196715
328.29171544883025
334.1678572998622
315.6774696268093
314.5030701352041
331.0826173470972
324.57160040826545
332.315347294327
351.4770158080753
345.41552032132336
347.18578129163825
356.3012755766211
369.49879973842224
383.89888017105346
397.1102708023133
409.47033791929516
354.8490203365581
351.27661402266665
350.55724966612473
350.8288791342225
341.1731264860122
334.88964931341445
333.33003355484294
325.07857456057764
324.049870088721
330.7032879510807
331.4182955920859
336.98232626248534
345.8728297896107
345.70992097885755
347.03429485842054
351.5575030981114
352.10620671867963
350.27043048216655
349.2332489198121
347.6183216672778
342.0034476628996
337.0393390724073
333.6641349988186
329.01118564934495
328.06308489184164
331.3217680200292
333.76662168006936
338.11502767997314
343.2034493893703
344.60596322158915
345.78234109058457
348.1301536623707
350.63271365455154
349.43448441601294
348.2757962518078
346.2619195963543
342.01805768346264
337.70130574666223
334.08006432801307
330.6445502325912
329.7456897825083
331.89851666638725
334.54424405896765
338.3120055967285
342.07536698227455
343.849736501554
344.9594068250951
346.321489458098
349.76835764416853
348.79974671728576
347.5600384842366
345.4608863554036
341.8963516561777
337.98520381697426
334.45328808891173
331.5785188063867
330.7156053677984
332.36476295892675
334.93314122000584
338.3061923072625
341.416236004236
343.269237445794
344.3892413959147
345.3979244312221
485.3690216369548
486.15612792000957
489.99832981183977
508.84877130052973
480.68986733267525
479.3836351744992
505.64845772510205
484.65547214797033
487.41019436334824
512.0953994268573
487.71616644257017
487.91415901402246
512.9239387794631
493.53122403460634
489.47238643651247
488.59446280744896
484.8432969973351
484.51654949209023
486.9761111052725
514.7545621713745
477.9067541373924
476.51880448399726
512.4331046667385
481.90845387151927
484.8465179361844
519.0186021045703
485.2154715934877
485.2776612636082
518.394491201486
490.4460158985543
487.75426766483776
487.97704580758307
485.3422191208156
482.8118381739633
482.0556284214848
523.5872649881804
473.793035366935
472.2952146820372
523.0252905480507
477.43517123534895
480.6198281069781
529.6849515663456
481.4310890567889
481.35496576482336
526.6143050096168
485.5261979601832
485.9125788798458
488.3037692200865
493.80886100921015
484.9499621101963
499.84633968344434
813.324548723086
483.00564381494036
481.36424487705045
832.7235995726976
492.9436039852423
497.3786243768238
833.169041555714
492.43621532751365
490.45892997249274
798.9384995439121
501.33984377059244
486.93089505347825
495.16027842275906
407.5943821565717
414.4103144509546
430.01988790302664
479.60671343678655
516.0448413787673
440.9009676137477
434.14368675618357
455.96548811496154
427.3090380812283
425.03948235930204
452.75562074625253
429.30898431562053
439.94965562249354
493.45859439230185
442.69564419370784
436.84935815364906
460.24044165604647
437.0677724451108
443.0118927286826
512.5072139824405
474.21000290501837
426.2183514810137
411.20121793712383
404.9167012485298
400.90887848101875
405.6300252961771
415.75191413928883
470.8145680260982
601.6625419815875
428.7340058881105
409.6165951621749
423.51777251821795
400.86456069171
397.5813125171713
415.4182288761693
400.52567996578705
425.6806748664
637.0214129922853
428.01928785921194
410.1202095911227
427.0431725766561
410.8983202794251
428.36218166157636
589.0544343128246
464.6359557170233
412.3407474882872
402.83055355247194
398.7903345115653
392.962002230256
395.3549888335837
399.2681659199391
438.4999584526139
704.9327595211043
415.4922749266222
403.42831706807965
537.9739339781631
390.0365518604521
385.17156683138114
502.3681460130005
382.98198392581077
388.52406790677736
523.0462277268902
394.65802636147606
393.6538880476427
534.376839830883
402.09965867274275
412.8977522849133
684.2569285159568
433.656242794871
396.5516652859793
393.1488253884949
391.5853273208137
385.4128044135218
382.4025740754853
382.2737373227786
387.0931094494115
403.1509810371422
372.6490396408699
364.79003141643494
371.12924488247484
352.77542626254217
348.28274193644666
356.1826280577267
344.4863425447038
345.8181000905068
359.75072150929554
350.063960215292
352.21832816837843
368.776557777454
361.27375462154885
368.6816648419124
398.70156589226997
383.756697198739
380.2464897451881
380.9359983191976
387.11096787511497
479.6587095408965
472.07219069828926
461.7807823318291
430.15640469661616
395.7877282010171
377.82768289961444
374.20936371266214
373.60472451401233
381.6639960218981
354.5340077801479
344.75823384069685
348.0171623586622
330.11610006807695
324.77903611625294
330.69644496251453
319.342615149808
319.09163923267397
329.8782262224658
322.6731025488305
326.46044459484466
343.0763152556037
339.0555043425584
348.92740846908737
376.8912337306528
370.4753500310649
373.25730757687023
379.0427951968119
404.39220358359887
448.0382135027937
485.24633081474224
496.65808477228603
504.8011628118021
489.8077678475572
481.5097674014199
472.1504641740708
444.08198506715826
413.7666325556871
386.4539975533142
373.60689759759606
379.5855081207563
501.7621994045042
351.8187926947499
338.37179803299153
423.54998840421814
318.2010086673405
311.13311366080455
391.30827476227876
303.2813678635627
302.20453970340833
387.5470958245716
306.376291200116
312.1083769906038
414.62463046102
330.6957304352002
345.15119653594803
491.8715313509204
377.15479996063436
374.57535619015397
392.2140890163113
427.5363067813335
464.6737192490342
496.9807830759264
506.9634632752772
515.548469543228
509.0194670440568
495.1338862237422
480.8059072450473
450.35341114551323
422.2209237497816
397.9764067476654
374.5321400988649
359.9439931787093
355.31933451593954
326.9536391769878
311.52309344586354
308.25462732733604
286.85604656638463
277.87867108428776
281.00762965663324
267.6068461679516
266.0823903764862
276.4284874222486
271.1708835725593
278.5383567442865
298.9204365991204
302.76191669763807
319.36101257207036
350.6396367975487
358.6055365151483
377.69078562843794
406.8714477466556
437.7530014817345
472.1626185367283
506.65364906155366
521.2605660657522
535.0719483025399
590.7470979688323
570.8876157357588
538.7365408205491
472.01033256670434
438.995619232957
422.8607890729434
380.9504493794618
358.02904343361956
346.8797170281353
316.7141709110649
297.94383507290473
289.5535902647417
265.6562232806863
253.1897823726788
253.3182576223099
238.55837040711924
236.64752060494618
247.57069395479
244.70156909708913
255.30407251183252
278.94558255122894
288.16430168502933
309.23983722902744
342.51506576280786
357.28289424473695
385.6508933609551
433.2102611699245
456.8686439341871
497.27735530147265
565.1794705285412
594.6881433310743
613.0678613692027
773.1852207194804
811.448953096089
869.6405735592092
510.5702604932812
467.5543656905699
561.0224290292584
396.1598175569705
366.90368890560876
428.52343024028244
317.79684522898975
295.38099794468275
356.5657280727964
254.79105316428306
238.26680920060215
310.3265077181791
217.93298245451666
215.32945684253414
301.13371710351726
228.12397373807528
243.05814629615006
342.6878936388245
285.43154109876536
310.2506941954413
420.54132951538844
366.54541738357455
401.484786997317
563.0978833543282
487.7270936603143
540.0251237585792
857.8282844871577
809.8089215297628
778.7884247271236
626.6140416979681
603.101844306172
568.006272161019
496.472038622447
455.8254697225819
432.7156689169672
384.7948376887296
354.9707737157197
337.0435701152081
302.3955874232077
276.8883722641787
260.4167900006047
228.1967141587965
206.9916759149913
199.11024502493456
178.80668578042605
175.94062563536093
191.06054868524745
195.64985659521864
215.73173888546827
248.66422565533395
266.92226914163797
294.8405712753151
332.56176226953954
354.7550590799622
390.6976501556724
446.34185758078445
480.3938307522048
532.9156047969778
610.7745486156424
644.6992868127581
667.9126907696207
648.335992663569
625.3661694395305
589.67880725808
511.45120861227764
465.6375998180434
438.19616047234086
385.5650969526524
353.8927336332829
332.5521401262746
297.36364161065563
269.4228412323712
248.70121898103932
213.3248048956698
187.35617438178585
174.10180629919768
149.81812387845568
146.13434560900353
164.82715027301808
174.7483222727134
199.602380636754
236.1178565533752
258.41989884833936
288.9200635392193
327.6011311012862
353.37761301915333
391.38148767776727
452.74134259514096
494.02389960646093
556.8514619999652
646.2575388758227
682.6133183073673
707.3889272355791
826.5361079929618
865.3676662851487
926.5347459214674
556.4888513350621
499.6397078694804
576.9954625077128
400.23299232262167
363.0010162884412
397.2433996991801
300.9911024835336
271.5463323903724
309.71001411506506
210.02553463642096
180.58305660936398
232.0578305563304
133.69136962255936
129.40530356401717
221.62816355508667
165.40720468713866
194.06990629255938
294.421534606441
259.4000614903401
291.6354062056524
388.62000296609307
361.7327209176265
405.2351789966136
579.2475926520989
531.3179327463798
613.0501767658885
946.785909833146
907.4535276930377
885.3994498802215
687.8681771364309
664.381334742612
626.9994668835777
544.148755736836
495.0433610866363
472.2206229233253
397.8477950600842
357.5759636081973
331.1236140133502
291.76128546296417
260.03961725054376
234.70838372959344
194.24699623123766
162.3615650877661
140.37404139310695
107.24365062085958
102.25926304539453
126.74282562584489
144.48514051420236
176.61837608386222
219.34335385709463
247.32006471473767
282.7704784775283
325.5250802209288
356.01181691390093
400.68102812252494
471.6820407460693
529.6452297986294
617.7955799577572
750.3091235995776
804.7536467551452
836.6675844272231
683.9784010725457
664.0250924359146
633.5781315656648
560.8680305021752
523.4593182517197
588.4512779187919
414.5285365034572
362.3089770199296
331.4270133568412
291.33883186307145
257.9972653556021
230.94132522482687
190.51856688324784
157.97219292757177
134.07807823201443
101.76925075215465
95.61750598539395
120.48050089673869
141.61318520323275
174.13030997355773
216.16340692977568
245.80598660604585
283.013383529426
326.43002143134527
360.89040565592194
409.12498521602197
482.2830083474425
549.2531456405648
659.3223070802153
984.2646171904908
963.1398742549403
949.4712349974137
770.4853028479206
786.1222519920103
812.1262036466094
588.7221681876824
531.3959864595582
566.0456044982271
421.8955468176938
373.08915730502565
387.39101851611497
298.6885696474837
264.8556562255581
283.2676553827947
198.31264965367382
167.29359358500406
192.87166505269508
116.40652749756343
110.45685601319202
181.30907094974023
152.97501642412857
183.98746607707818
268.7484622906622
254.31867436783247
291.5069254530322
380.59496701851475
374.32517546439504
428.5697412343357
564.2654163020602
569.3023029886128
660.5526929687161
885.8889781170257
886.5011252839219
887.0056541072549
686.8602840198613
669.2598558763162
642.6156599427322
575.1109979966863
521.1796405908987
478.6059958497268
415.1342775842203
369.3318137921638
337.3153564473286
295.33163015699387
261.4463206639863
235.126455295731
198.03068871823464
169.98723042108006
151.43629851736048
126.85659924961605
122.06463202238649
141.3956291412748
158.18650321497643
186.60909952787847
224.76605519241073
252.69339760831707
289.622507645185
335.1569193803101
372.87993725347604
426.45306562041554
499.8867530355083
560.738282896235
636.1467712589432
720.5035763596143
752.2581365713984
774.6414565724316
686.1858849523584
670.0133475893701
645.9399277509503
582.3914948209027
527.9319719525312
483.3650641605143
418.906915239477
373.02285398853195
340.6795685053536
298.86917075091145
265.9403659831484
241.22357366118734
207.9696584025688
183.22495173422206
167.6144473162513
148.2732072968643
144.72451981990946
159.71654978753455
173.63830439636644
198.31487969322347
232.47121048064042
259.00792515778636
294.65528121306454
339.89564134075187
377.57108874535925
431.6228603266212
505.9190152565664
565.6617367787381
635.8927114321104
706.5529187429298
729.6015060592689
746.29383866465
793.1717297200172
809.3812596034085
832.9181814531513
609.442439425945
550.4610940539164
563.0341303505925
430.96626690455065
383.35623244320936
393.1804089319251
310.4085184009518
278.6309921401846
290.7230537960525
226.24754716247432
204.62729188296504
223.90424899512564
176.0604894059927
173.70397460528528
217.84655835631176
196.85290306203788
218.03814417576996
280.6662761816378
272.7535854516852
306.88205481783154
388.0761061663672
387.92919721893986
442.9740404240969
566.7452849096876
583.4088056429451
653.580972789362
801.1508897258461
792.3486808422202
787.7569765070778
793.0367736932061
793.2390806670012
783.1121051324686
622.8736750768262
554.7228285520272
500.7081526142298
412.160469493656
374.3840877359309
349.48474210767324
309.68251971746275
281.5931138510263
262.86894882119793
235.8721391088455
217.12133173892784
207.2891742952195
193.29523763460247
191.53742978891935
202.6563663177353
210.91832859148397
229.0469490217195
256.2651038149576
276.4594506485906
306.77344921969956
349.9043657545663
379.16660906977296
422.6602756992232
512.6299523104652
584.2919472560146
661.3979094899472
770.0640394556357
778.8860348273172
781.5421993958279
778.5427266739758
767.7890329305983
740.7409594758865
609.0168416339903
515.3834604429587
438.00527852931435
398.20388930395416
373.54290646609996
358.2580794200705
318.6089192190302
292.8913134949879
277.07415430914716
252.31523459293484
235.5246475251984
226.89372690969972
214.50912652613482
212.93471380879515
222.91628452627222
230.22225196405435
246.31257657551143
271.14351175694026
288.1191084557389
316.0749817723733
358.6712079338164
377.6514552486205
406.7943429201849
450.00228341366267
539.9979357837527
644.3910790511486
741.5047210047062
760.9712809028935
769.8102736305572
445.6504396209381
402.9757104208594
390.2677669266374
384.49375015990836
412.61658709617257
339.09403976597525
312.22591824271075
325.84397269003784
275.32433651316285
259.2522652255399
274.62698096805957
239.84286358171346
238.4721669406581
270.4703563192534
254.6456022533914
270.04473404928814
317.6308838294372
307.6316448042388
336.5600958715596
402.7410894988242
387.0724441805716
396.7164782648849
411.27186793933953
461.2418126815283
401.99486859643014
386.1473608308742
380.3067531295634
369.68420695273767
365.71411329941407
334.26605377596013
317.34254241871025
310.02579525995907
288.5097021661611
274.97175644171165
269.34607112800336
256.8481097199461
255.5579481937346
266.33661778347005
270.97151071538553
283.88369966951865
305.14130005459344
313.3039150425141
331.74639287286664
364.7268617767576
371.6862492273833
385.0099026890976
391.8009945027024
410.49932215579264
389.7016726651526
382.2365435816766
377.8161803756337
368.68924604433977
360.9144070631209
338.11189135869716
330.14462019643025
332.3156921059114
309.4812876988089
298.04035727396945
299.75039418803493
282.07119333125604
280.7888304076386
296.79399097285705
294.35687803098756
305.2384117722871
327.472606956824
325.9905669900265
335.1107988389922
359.8616140540969
370.2062942784973
381.8594746558242
387.1360324606243
395.9709779212252
384.94725787109735
380.0309436783657
375.8641121607477
368.60236950042946
361.0870446599213
350.4062914675659
351.27462573544614
379.011788043961
337.88802016808097
328.1577411635473
353.57801036592446
318.0659407142425
316.8901926698231
346.94476542158185
324.41041738464946
333.37358710081685
364.2526423510118
346.10461695508513
346.1495285827361
358.9672490931877
369.32468712687046
379.16390669656914
384.4171229024988
390.2963167491644
351.45903942351924
345.53908891566823
344.06921391873124
350.8965598510866
334.2039049531315
327.481432518911
333.6271334671556
318.41567871732093
317.49243899686206
330.9381726010926
324.211405197828
330.35937412608575
345.73050293882545
339.57475063783136
341.1573883855994
348.01292522393317
344.5159973676732
341.9428992172545
340.6420488111588
339.9531538994029
332.93507833402623
327.72175152578836
325.62365529185905
319.73290168372597
318.87558574690837
323.4559001342475
324.6892846412981
329.42122211693214
335.94890182356323
336.48697153638994
337.7175321915304
340.46273814018025
342.9112751911689
341.3720577866567
340.4416746798953
339.22944097316207
333.18053391758224
328.24003577277693
325.53386129162567
320.53928298626715
319.68925785477495
323.4071526916068
325.2330369167602
329.70768876401553
335.3011731490121
336.33217777848466
337.1879539456512
338.78451046197097
342.12656123586277
341.04496591694584
340.206876370261
338.67945552517403
333.3282355605079
328.6194202720371
325.54408556022656
321.1691626291663
320.3245049603183
323.4545385635507
325.63694197465264
329.893238036354
334.8119195252041
336.14619077184204
336.8921281630283
337.9822920209186
