294.4132280027245
296.68493218804565
299.4354392449595
302.46240980671837
304.48277926137115
304.5477652905927
304.6171455450468
306.18335887452236
308.4924493123703
309.98956432143285
311.96260322690125
314.9524207220587
318.0160395676551
319.1376980185759
318.7612514954784
317.81635864004426
292.3730421365087
295.36273739737885
298.65827031966376
302.51374661894306
305.21427296507204
304.64670184676027
304.32890725895703
306.24818751161723
309.1327182139815
310.0731847308846
311.73478325328415
315.179675180832
319.0926571337127
319.78847817462315
318.70209095742933
316.9746158321928
288.4688646753625
292.9686930562477
297.26472763314285
302.53377712875727
306.7647268184138
304.6959966495983
303.6248434822484
306.25320912220496
310.55892468803563
310.07928782546225
311.0958537025695
315.3609424380617
321.1124087328032
320.5933185674474
318.1386241819847
314.8359513675674
281.11488808073034
287.6072082210064
293.8329038376553
302.2026073041015
311.5951420422599
304.2893260071096
301.4205033725536
305.77972410483363
315.08733794765993
309.57959137120656
308.9761553340217
315.1204400315783
326.75625613265714
321.3296184229476
315.5467889848885
309.732086591512
252.74930734583089
255.0923860095239
258.65086627728755
264.28237449752834
272.0290960634535
279.34450354490946
287.02327079459013
299.3823065593703
326.76381046295967
301.22911600239644
295.57918524818683
302.62765819546524
329.668264554133
306.4866666709262
303.3701336475301
312.31049731461275
343.18851928158506
319.2348468788364
308.82942481470815
301.96861898847453
298.2659201646472
297.631243486612
297.5519014771501
297.3643667925824
250.58531010321704
252.98663416618828
256.0756949925917
260.44018630569354
265.2911167960634
270.0530898639972
275.60279961872664
282.2907199006208
289.14985214607833
284.97157752252605
283.2732290232381
286.4093663758441
292.8169863320148
290.608990097984
291.5067007094165
296.43306741471474
304.45319579559185
301.0351148193949
296.8148051068227
294.89521340490694
296.3221368808743
297.42744362451543
297.5030791725754
297.4097951946748
247.2872881973722
250.25456266282478
253.61573677346027
258.1406537213913
262.22463484633226
263.36181381945653
266.17401453844343
270.23818910192364
273.8847713140139
273.1282917529469
272.91388272285053
275.146198419373
278.6465351899334
279.44273879175904
281.2280101324771
284.938933433817
289.64062828633655
289.67284470592216
289.1748958035416
291.79950788303046
296.9686809276301
298.12445368019075
297.8655510880285
297.671132429394
242.34421997033633
245.8843344264741
250.03664792458665
256.21617987145436
262.923489792013
258.73011218703203
258.69114824860145
262.2363811813417
267.10002017692466
264.99327727512184
264.7102870489842
267.62544930106225
272.64867279298556
271.9601690768397
273.1603320965228
277.4290454481182
284.07114880908574
283.23934013371615
284.32798723062945
290.50046589134223
301.57833090678395
300.0423480279055
298.3905781830817
297.84757812410214
236.15782704092112
236.23260286524564
236.2233840277598
236.3463205416303
237.5065978594758
239.94124731763142
244.34221546881093
253.0635579556797
272.8301717511497
253.52366011252494
250.64404559610242
255.34587563134613
269.00583764122746
257.8799332775181
256.3450125483379
260.97195550409447
274.42443651849584
265.5065602978978
265.28341667432454
271.3077206314735
287.7405962716441
278.23190484210613
279.06644792662587
288.59412647576147
316.44277034555347
301.31099960599215
296.9752195323295
296.9606766022939
301.37229230575616
305.86736350174937
308.50706449698805
310.14762756068023
236.07257077308276
236.26164821561505
236.31302108999049
235.8792064120129
234.85632789655676
233.82089649137777
235.1218034415595
238.4280151403774
242.5504483474714
239.0468258844099
238.4477869914686
241.2269144558594
245.43246875418225
244.1015525655062
244.60407249820355
247.88157752310846
252.8712836824794
252.7618306236409
254.33777471223317
258.9325638584258
265.4190946730836
266.31175823927543
269.72647535724104
276.6389190315892
287.34865649534834
288.99594213694735
290.6530419500571
295.96881063000023
303.10053520027543
308.0737457783317
310.5414251606087
312.05963057244287
235.8151796715045
236.2593686679404
236.66882720450874
236.69889287685655
235.05200996147303
230.3210237318241
227.9573949604539
227.81121213803212
228.42446799363995
226.59455022576998
226.35743871436267
228.09895515652667
230.5507108082216
230.86257366640038
231.90726736056976
234.86213039580736
238.6762186887164
240.47693615158187
242.97703386290672
247.5135285636744
252.91272729003822
256.41673004623107
260.96099243380394
268.09745459102425
276.423374613126
281.84176821949194
288.0428753318715
296.5863706506088
306.55770612294424
311.6702954562027
313.8553715658735
314.99883935342206
235.0358687390216
235.91783279472406
237.06664940608908
238.89019211412216
239.58219549586096
228.64333998986788
222.4779404542193
220.77684832087837
221.23995351602008
216.87283861394607
215.12214333363735
216.6611144771665
220.08010440394725
218.78741202418652
219.1964407559393
222.82632984479858
228.29574279391335
229.26366129422507
232.03186960460783
237.72427585719421
245.5063522444168
248.7493973437265
254.08243668810883
262.50591264172726
273.212890285127
279.0212832362496
286.9323805291301
298.82421847402344
315.5864788311386
318.4115392372134
318.7017564751111
318.6105913308917
232.5778738433713
233.80762050156736
235.93334643470402
241.3344502811456
255.63486314234768
226.93093613726293
216.5226551042062
214.6444086520212
221.77723470795127
208.0718519095387
203.9773580427121
205.93937923089862
216.24495908261176
207.12328137110512
206.12178887504106
211.25129278420016
224.46372833153586
218.63255755860996
220.94989400160685
228.9461308511791
244.95762478666634
242.43223215166677
247.3884929151033
258.07807028244724
278.3724567536819
277.01616140311023
285.03886560396
301.7056306741433
338.3399421061893
325.9899926915164
322.223365054876
320.52138017523333
227.55569453820448
228.12556355674047
228.78194764332537
229.3429283937645
227.8533412420906
215.22483939750208
206.5181622918195
201.85018782895162
199.71820315786184
193.57730890318192
189.93076543234787
189.47382571020802
191.38492687180246
189.42273113690732
189.67769102965318
193.4776794341984
199.88490911987688
202.30227672252468
207.09677890700658
214.99214413392147
225.1817533685658
230.96753082854627
238.46235174792793
248.53175154337208
260.5876525436901
268.39420784911835
278.88418786218574
293.78211950053026
312.00074813205634
316.0689675963497
316.9923333765677
317.2735472564828
221.3971308016176
221.41849217403592
221.16871644514552
219.74096164688348
215.33221626780437
205.13885385676824
196.3974185153203
190.68067327143098
185.96299615545755
180.27100520873157
175.92713396393916
173.75670547502688
173.2534123248457
171.9817421520982
172.2529576353852
175.61148652142953
181.28565181309045
186.363044851703
192.92882467052638
202.11202282432242
212.24516930255456
220.6684962370182
229.79520467409645
240.20378586994093
251.20029661143028
261.1524757902261
272.9682898474199
287.69254732793513
303.23328545180243
310.2094671506019
312.8490810732948
314.1395282215531
215.5123569296093
215.60307308646648
215.60530889509954
215.09237843263026
212.23120418668785
198.4035200496134
188.4520947235568
181.95922625465516
177.240950215907
169.13290486389766
163.03538959844792
159.95968141816107
159.40464517770096
156.14074826229933
155.3894221576173
159.52946743482303
167.16913290327406
172.28553996039713
179.97404781214243
191.214535815221
203.8733656712439
212.4462461001756
222.44365487957637
234.13518635782728
247.16527648264102
256.69197852748414
269.0500337679925
286.1115135692404
306.05866731735273
311.0402099881929
312.53107969571914
313.2115408180738
209.34314275427153
209.66898064598064
210.52583161593623
213.47856858028192
223.06935240454445
194.3161849510988
181.28599351617294
175.02529622767005
175.23508060338096
159.31773139523685
150.53793165563164
147.09056972954966
151.3302722320645
141.02351966875347
139.07235871843747
144.31907138430745
159.6388953396934
159.89208417118584
167.99312731971392
181.63802355726392
201.47910462524828
205.71014160518817
215.69056045444
229.60394050891065
249.78684721934624
254.10850695846727
266.57967444308764
287.4933308092404
322.99910954441947
314.73194941407036
312.51248625037545
311.7770672583234
202.32395771064273
201.99700732893805
201.51467231106886
200.4420894483423
197.04490014164293
182.8400165212773
171.68532711174512
163.66034400152452
156.90227399321438
145.8606244219983
136.43507662657115
129.86629363119832
126.4861182912385
121.4744128586852
120.36616162591993
124.87153178761555
134.74070324985036
143.30908769783792
154.43311879111187
168.70466393925008
183.99988327520856
195.45158542334042
207.78882034344178
221.6407694127076
236.3393320750116
247.3991898364691
261.48275943388796
279.3302251676386
299.022509514098
304.1420455104093
305.81772659861065
306.6839996792873
196.33690797557864
195.59304134473845
194.402220985434
191.74100954951834
185.9363953333398
174.28065900476315
163.18641221721057
153.62030682635827
144.53821822032884
133.64621607258613
123.06132015189573
114.4909733783282
108.3393137185532
103.59585484358696
102.94382506504542
107.9417452089524
117.81933454528561
128.91509546872462
141.98056796058938
157.2060788245311
172.5615785699845
186.271598645183
200.2826611366
214.60623017455185
229.19807188094495
242.84663695121833
257.65156257473524
274.23397673888024
290.2358859748746
297.4860995461396
300.4098223081862
302.0387324217231
192.12672154766975
191.48450760790175
190.55917203918827
188.63993779667365
184.2045708025695
169.54376800411873
156.62625067107444
146.10983326689743
136.57054125588695
123.26110347597027
111.13959262568842
101.66286873901196
95.30023056987511
89.08519042682468
88.9269694237549
95.430005314554
107.51416808013958
118.03853401080976
132.09011113463518
148.48502233695567
165.4331331481453
179.16858942327573
193.9615476668901
210.06624001935876
226.95537107755777
240.56026268402715
255.8989469883737
273.50461214758514
291.5264550525161
296.7067201443369
298.606968154073
299.69940407346627
188.92269365622184
188.56233766995368
188.38050363061208
189.28252703070342
195.02426549405968
167.1694233256159
151.0546786071053
140.4528702846482
135.37301440569678
114.82516628426983
100.17898068281369
90.08836099154861
87.47423396393634
76.87057079599288
77.06894410019753
85.5695402234478
102.94437081558586
110.30303541245945
123.75490704562182
141.65087728366814
163.821616055959
173.82691285690436
188.68315536298368
206.90984887022927
230.40980747364594
239.11613655642998
254.3759380429964
274.76178543457206
304.3182358705753
299.4039851128394
298.34761882595035
298.1977509009386
185.4269420639977
184.56188057901377
183.2959243466884
180.49595690628402
174.63262144206738
157.03327407395818
142.02466547744294
130.2175740208618
119.13500068390921
103.21925859199237
88.28436068027213
76.4385590679787
67.8948300879062
62.275790711561385
64.8775366672325
73.90564716162582
87.77383414397669
100.76690377518659
115.96221236874383
133.29063489769067
151.19755000541136
165.99977170507617
182.57356539473457
200.48770318585034
219.10729723758854
233.12338683513693
248.9507030774414
267.1665815429402
286.15185634673975
291.52180752082035
293.36417315499904
294.3885107496211
182.24798930551228
180.77829582037663
178.12652297106203
171.97601601916855
161.04341347607016
144.94361884416915
131.43930140585783
120.11583552077144
107.90043584963229
92.09604478252221
76.76272233015274
64.39960897319992
55.03360531378574
49.77469749312502
54.2435670777266
64.82509479168182
79.0939548693442
93.88854552707814
110.37756594871318
127.61200827487093
144.83413275756632
160.83681554311218
177.7898573433386
195.8070922818436
213.4700260853052
227.0786257943296
241.62141595103074
259.104602212758
276.21328163571934
284.9652077492559
288.5462686228034
290.4922227068944
179.4363404172844
176.92804649830674
171.93044044634334
161.49870771584054
146.1874987216207
131.85267683590774
121.5091552462602
112.27045316125188
101.49367360093815
83.18264141793051
67.58012112244076
56.123922449269415
48.058712614591215
42.29193401218991
46.26170876440319
59.75154344053825
76.17042727268603
91.2321054519701
108.24135166403639
126.05037483746425
143.98494531799463
158.9011410976961
175.5216612203837
194.4393280028262
213.8975813917529
224.21091484489676
234.60088854596842
249.65877667053547
267.06114311054813
278.7821562354642
284.4098776380666
287.28208175809726
129.5823850958385
119.77800603357585
112.7050435352636
106.34007567002187
102.78247836768743
76.2224584937018
59.00371382299995
48.65246568164434
45.72513451165369
37.792239842667826
42.616982255760085
59.03007127028559
80.63251077760408
92.76823499466761
109.35629878976059
127.8852191250524
149.59767547937895
159.85845533471928
175.31822768883555
195.49197220292118
221.495666080624
223.33139735229244
228.5598831729193
237.73157576366023
115.98345247622721
109.15945577099828
102.63134957799268
93.81957424088003
82.2960186180792
62.72897359556602
47.44494244480187
37.96740476146055
33.09864698949801
33.56828139419641
43.28091664754013
61.045351613591215
80.52814454566163
96.65528126081588
113.1213029143425
129.66379008676068
146.23732907370808
158.7793434922349
173.20999700192192
190.20544954625242
208.0492901984345
215.32728656821473
220.56277726163415
226.78414550308983
106.89223329116834
101.24697092091613
93.7754469390342
81.77322929949219
65.90220264244489
51.346378061437015
43.22392207291058
39.69439536263695
40.714064330965606
42.37250977997903
49.31592994552618
67.09271746698049
88.27139745306606
105.65194501237995
121.57839184714271
136.47374391935844
150.40520021342823
160.37692572521962
171.20735342428134
186.01138205223228
200.64663492990562
209.61996446547084
215.04637593622658
219.6128967834481
100.50489265644784
94.22518033812175
83.88557989917312
67.7102259247446
55.6482158583932
48.59458102878106
47.7726775141648
51.06137380738197
56.90316287749563
58.80566317732497
65.15394181562637
79.08369849401166
101.53938353578378
117.47506996937447
132.0250283766722
145.99551811414622
159.39304502126845
165.09547782759267
171.67055026007856
182.11972641639355
195.46838891299316
205.03718413986675
211.1370210105711
215.32816100615983
52.19084924523278
52.794553185016035
56.289495235357975
63.442342606309865
76.92894942533846
74.66018471049598
80.7799730678315
95.70635050238309
119.26237726951007
128.82662105462867
141.28173171699876
154.9533159030271
169.9336215297129
169.96478359590301
172.34723282624714
177.937526577462
55.039454766868396
57.62487880148114
61.152848707099054
67.36516107773726
75.88618272918963
79.9283305307835
87.77909621272366
100.88859386219163
116.86953093266987
129.63784307481293
143.38579173450927
155.25837004925108
165.1315025068361
168.02512416424014
170.32932727607047
173.61955345536583
57.98327840611297
60.238788158526454
63.555313762960246
69.1759746232064
76.238421932804
82.22505230201558
90.77095984023255
102.93149776925165
116.34084748811155
129.12521421629813
143.18488170829784
154.42372572045554
162.71899794580415
166.36314112045443
168.73124685987796
170.9972922183411
59.83107063730206
61.89357846372284
65.19378700896733
70.39399785826781
76.91602587022648
83.6979359036133
92.5310783910501
104.10573839197609
116.3121841546024
128.52121370842013
142.47533949358808
153.43468768086112
161.08504473149975
165.04653780841107
167.51739456728018
169.4023621376577
291.95776123896474
293.33010277071315
294.82286218888953
299.3254299609294
303.3802181731557
301.909775828389
301.6057262076848
304.8730817112603
309.6172313159038
308.67199656265524
309.13785080219577
312.81213339927467
318.1306424878945
318.15768025866095
318.4067197335025
318.28017106544945
290.9586859752846
292.7280080838896
294.1280358692821
299.1670975653799
304.05104937094586
301.8014644805495
301.26157526757066
304.82511660559436
310.48482210260244
308.5991737497757
308.77715203385435
312.7173273392413
318.9315870062464
318.1623805188067
318.52378533817983
318.1925062037212
289.1068200659123
291.83829598691494
293.2743116647275
298.9283829610014
305.0052285796638
301.6062529978842
300.7994180261438
304.67958608802246
311.711905542612
308.4380948257778
308.31224088724906
312.5428228601753
320.0362120808549
318.0236739983673
318.7898859241209
317.859913241791
281.4807721851122
287.68284095872485
290.3390374930983
301.18656229285205
325.1834048301925
303.4669525290366
299.33378479850325
307.714952741072
336.967024513915
311.1757760326738
306.6804198920494
314.45789194162165
342.0827162736997
322.1479334309698
321.3213839599783
315.5260172668653
249.44202018126686
250.6039020103103
252.58871692296964
258.84118715785274
269.3071456258501
279.03047478071267
284.6453062360161
310.0424729670679
484.1638747539843
310.68927755360494
295.3084228057545
318.53651109595563
531.5012016177251
321.3610307606998
302.40398738884977
321.60166114283084
508.3198827467583
334.0832880892994
320.85185432501754
305.0437598523972
296.7258552449475
295.0510104631109
295.1393410218482
295.3371617173418
248.32892373866028
249.5276985934265
250.82594819429357
255.2471517329987
260.7153048173419
265.92662938098186
271.7578539043498
279.91205502434167
295.61962683622744
282.72819418498614
280.04672822877
285.4015944649783
303.234078270999
289.54860999120046
288.3901212024357
294.32735957276077
311.7023118234401
299.4890560394684
294.0853317909685
290.4622846199871
293.7250793220929
294.53590430209823
295.1739690222668
295.5357238198196
246.36887591407728
248.2968010875984
249.56666104376845
254.19781272421454
259.21008033013527
259.14999775385695
261.96315092930934
266.3075319525687
271.04745599698396
269.36483262036535
269.0444184837995
271.65866412372685
276.2282957872744
275.97248012985773
277.47936975912245
281.2734799450283
286.9980906879192
285.93801420866214
284.9830123033558
287.86495447164066
294.55364475142403
294.71722007851076
295.78886145068645
296.45151266037345
241.0853347044538
244.59667025319317
246.488882535638
254.4887557104759
271.36915421809005
256.13849183352147
254.74508417046778
259.2243824244289
269.9377569266858
261.96527646770545
260.92425384041434
264.6470037843305
274.7878537415795
268.96858975492137
269.3950291787638
274.45764255170087
287.2643354116991
280.37953048097756
280.4576181947881
288.23003028049635
311.8874644462003
299.3277583181886
299.9804394027295
299.36082289741415
233.033877190473
233.02180114500194
233.01546237163745
233.17530532301146
234.66729687946287
238.20177944072404
241.8617184000479
261.58871331525387
395.95801428655847
258.3904120909505
247.69108718775274
258.03702931869645
340.9533580165962
259.9354572155812
253.22241143508347
262.56103765470885
337.51658503593154
267.1103976862771
262.1865549853993
273.46274611079747
361.06759146184305
281.3047084023756
276.22528327151207
294.45049416907165
449.41374852496546
313.0162146379504
304.5569412754323
298.7894516464492
301.5753252205812
305.1406520200094
306.3690819988907
307.2998636774196
233.0484442383811
233.02729381925838
232.99120373776515
232.9367974840771
231.8074808016497
229.5933409533628
231.4089605025425
236.02620474295023
247.4437252630087
236.2132305567101
234.66651730797003
238.25188711407435
247.5207464813045
241.12374136579868
240.92089408191958
244.8737568457537
254.3495297379145
249.70963883391823
250.59785942319317
255.89104881949314
267.52713039093356
263.27303534152384
265.7854526621878
273.8100322394962
292.91897137037563
286.763086880983
287.17267770387974
292.7024205283659
301.86040188300626
306.29348097223755
307.5753951792754
308.60226029837884
233.10937052905575
233.07951241610496
233.008205657189
233.34981716776733
232.61623879410325
226.64566963558858
224.1465583412798
224.18693105458655
225.62861440353234
222.8925323233939
222.53082212965393
224.44715448324635
227.63796098061277
227.28805658646004
228.24356033530236
231.36639927876902
235.81815542529802
236.91536232452023
239.21260420445694
243.83262970746034
249.85651745164455
252.61768967345495
256.9375718532733
264.1953456970355
273.4701788844899
277.90322298350003
283.7994395825434
292.6225856011301
303.97826502606324
307.8175869806707
309.5477343102961
311.0439470617196
233.45680752565514
233.66161952598796
233.8310362864466
237.80446871898124
248.2118817678478
226.54021014735676
219.0342432806943
218.12857999599612
223.61380042357243
214.07543424925157
211.6062009014547
213.82980161060124
221.76086797568783
216.0341404309472
215.81209783902779
220.19258159913466
230.09929155462825
226.5408186312745
228.53925957845405
234.81208642216671
246.80571653243308
245.69480997234072
250.31958232837647
259.4265354024797
275.3193429119854
275.879436063983
282.9789250212464
296.4221045976083
325.3046751737557
317.2872728458472
319.0095198187771
320.0175950287972
232.4164185674014
233.17113535191916
234.17810314344163
252.1006662812213
379.4637309428994
232.37445116991879
214.12643350933453
217.25007991457363
284.1979481785992
209.96356065368823
201.34803285476906
207.7903256783407
275.2701969820235
209.1240327286631
203.70462231932538
213.5014592076252
282.63248498017396
220.63206896332255
218.33949654954498
230.54496405540053
299.47209385504624
243.75085568382582
244.35950785417057
259.50190430709586
338.2085993423529
279.22502948772797
282.19004926513304
307.6081124170964
469.59985832197253
339.4035304457248
335.016332392203
331.99020474416693
225.96454191274708
225.96748917256693
225.88180083318457
228.363307518592
235.52421377301772
213.36402740877614
203.3258241057492
199.36450940853683
201.72884821365184
191.09929184062958
186.85203398326345
187.08389156924386
193.49662943676037
187.1856924854563
186.90700481000653
191.48375087035944
202.4646023806706
200.1972550489221
204.10666177680176
212.50918595175014
226.73285311691632
228.24466071018568
235.00155038504664
245.5863418103018
262.0666587571401
265.227847726912
275.01770569912617
291.2697970823358
320.1154924237068
314.5809327526097
316.4906407594256
317.7174093464681
219.01884667375967
218.7389687303816
218.33113385801954
217.52081512011767
214.77556961925026
202.32846267157683
193.11470486276116
187.57983799108794
183.50878089489947
177.3243691429437
172.94663014095286
170.96425122348523
171.1570683804188
169.35705998521925
169.64296132848312
173.23098701049793
179.64707838971964
183.897414054196
190.0934047494731
199.2355095272088
209.8152228022754
217.54418465081685
226.40321750549364
236.73214064659274
248.1429508802597
257.22984187764644
268.7737963984823
284.07678823035843
302.0652396301861
306.83732767327695
309.0406266953573
310.8307846749472
213.73818117263798
213.63568088387746
213.44622770497963
215.48578466701315
222.7077331516672
197.12773752925548
185.44481446005585
179.5460521226371
178.3797248649449
166.87876045995424
160.41969044826618
158.02707310793846
161.42966569349318
154.4488632508854
153.20103037046007
158.13185943536516
170.38905240244623
170.7844989388289
177.5159629092122
189.1234492041141
205.25627434195408
210.06185749902318
219.3083803451471
231.29510407309814
247.6637873112543
253.3859976919421
265.1251825324722
284.4252338303782
316.8085957594803
310.86408788474665
312.95492838209617
314.262236322635
208.8675195107373
209.47270818930264
210.3374267857879
227.6568435280583
350.7738779436796
201.4690949850915
179.18935940554044
176.47925632120806
219.2867999195988
160.6344042256855
148.71298024859362
149.2354456786251
199.32079634065227
143.57276288802862
137.8366744856388
147.6867617736214
214.20938493395406
163.05620905280233
166.36851357855016
183.31422815085614
243.76427168288464
206.88482016405942
213.1358794436211
230.10188501709465
290.3057140571584
254.93608707027457
263.984087594625
295.4364164412486
447.32942773845343
330.04986871199037
325.83369540962246
322.98038282039226
199.56296599386735
199.46374548336385
199.3261526778478
200.6746533471551
206.82826454207074
181.54513174715854
168.8940600787806
161.513233960489
158.301958111923
143.9575268681553
134.2203272531393
128.3410026864729
128.91077552077275
120.22015046509345
118.55105539840378
123.78775254901203
138.000785535548
142.10522889498367
152.3924113426172
166.9546059077157
185.48871565639834
193.3385838888867
204.91575649228267
219.04052298465504
236.98795918121417
244.28232671577732
257.63032070941614
277.5049268955089
308.4664308140359
303.5609980219771
305.43567544811384
306.62739200211576
192.4668644200728
192.09903943136032
191.67124585590713
189.4540757277465
184.8339992069086
171.7195129083017
160.43925044874396
151.07032068084143
142.64870228359325
131.4250542235008
120.89351477041419
112.57398824537844
107.06287500554328
101.90532228742116
101.18005144781517
106.30391094367965
116.64920380652427
127.05916768090694
139.90028695379564
155.0621306257927
170.62604810285825
183.73205215705184
197.47822314641255
211.6584927522194
226.4629049315057
239.3971549096011
253.84521779712617
270.6265028314987
288.2441330079215
293.8427359565429
295.7218979555874
297.3342951677777
188.81060161111117
188.51088802469673
188.1343696835321
187.78124754751084
189.82635038636272
168.16578295128556
154.20900173338848
144.28476662566428
138.15189833349763
121.73223171931411
109.28338760619984
100.41898272772268
97.14811199023141
88.07624850971683
87.51606421450663
94.46517054320644
109.42243839214882
116.86828355578109
130.24068757707064
146.94756171096046
166.48233628885893
177.1691909994218
191.4199105254496
207.7989321589215
227.72596266998698
237.84096122354097
252.5649924150991
271.350678575336
296.3739667888462
294.8457490307445
296.51106718411944
297.67800953753925
186.92919899579806
187.01258892127254
187.24039532827084
197.56013932077184
274.1176774384805
172.1683343533916
149.67596481057265
142.60595786556846
173.8795142937931
116.71844723998525
98.9878019967903
91.92064792153798
120.71839537648727
78.89428533010208
76.29266539373256
87.53984467064564
134.89148628400622
112.13913673347318
122.43060844048841
143.00479549272836
193.1407998461438
174.8565997473471
186.715221869039
208.0043648648199
263.49792414060846
240.2819406796075
252.3679112697627
279.3869191100374
372.1754406248087
307.1255335921642
305.0133265850831
303.63148560122113
182.87532035207803
182.26717505904045
181.4856111020812
180.97940882952904
183.42142265789838
156.73942437199332
140.07153580743997
128.93410921080502
121.61314616733745
102.1654164175404
86.8118857339098
75.53082938408066
69.91322243290985
61.58752012810405
63.789634261284775
73.19285354314842
89.69774468715556
99.90709790868748
114.51083419636899
132.12547781739875
152.54951688549812
164.45611785130748
180.42309693170935
198.70093523482217
220.8002299677506
230.96970613143694
246.4030191915
266.2306186805817
293.7868083685825
291.0548581284355
293.2318610593116
294.7012702253028
181.73374242896995
181.28735581900492
180.68793118649802
178.51839701306886
171.71977307044702
144.48162472416973
129.2030250478336
118.47023875101185
107.20916414162171
90.68578766310361
75.32409691001168
63.23163930653821
54.34664356365288
48.77404910233113
53.248036980281526
63.86727880252766
78.32455106375902
92.7335555190209
109.08054443893198
126.27655187749426
143.66882494954882
159.01761880568685
175.69288375354893
193.77598792527436
212.24072986407538
224.33923084457595
238.4242503552673
261.9556821279221
286.9710797811119
289.99381869914333
291.2723786547904
292.2779337254154
180.43670358281847
179.49173552721143
177.61740426113
169.1051634651177
149.76060784812134
127.16082566617452
119.550799069923
111.90410998967783
106.16214769598852
82.85837542532212
66.5530658989467
55.63896808909602
50.112602594751976
41.959813851786755
45.54289855312071
59.42254746507339
77.71160406791341
90.47902743256076
107.22015245415498
125.3506092107473
145.59712101680648
157.7618636544097
173.86607600945038
193.81812282825672
218.47905149540284
223.2033674167213
230.729410963963
251.32492713684164
277.6867647661065
286.90717151441385
289.12013302455057
290.44502558736355
125.54296920478124
114.92853413410818
111.91731236961927
112.26759259027814
147.25240377480083
81.1138752702599
58.940058768025516
51.15116609512782
69.57876032490043
40.12481364289923
42.57597460211944
60.8514792751145
100.1062302078394
94.29728927927788
108.75016336659786
129.75130286109962
170.43611735811595
161.79676252084928
174.8826397873565
200.50020313118605
254.2364617296475
228.68148499614395
229.46607152844578
238.37612850543422
109.77602809563163
104.83812091381314
101.79806284882082
95.03258144310203
89.73654078048543
63.77366603733665
47.11225761677221
38.33345541489011
36.127074149695105
33.6770865180171
42.64863372489028
60.545598359781565
82.11250805217435
95.81387994442503
112.10676229398605
129.13474497495636
148.4291759092145
158.15052933914737
172.183997380465
190.6957529934239
214.23113865228135
215.77013307505223
218.96599660885335
223.69925418002003
104.76629077169231
101.94470750796181
99.10501878626052
90.71265205909538
76.74824205906829
51.71440411500639
43.2457859998648
40.100830605854746
41.72643927536262
42.18501664548251
48.076257268941845
65.69078821747475
87.65020844291963
104.30466125542364
120.26142979965948
135.39696055083937
150.32059240023636
159.18586898325984
168.76201040288925
188.33909553049668
209.3814394549175
214.31019097154496
216.6352177442463
219.21370541430855
101.77043231948747
98.80258792819943
93.37471379884552
76.81441252784198
59.49071968733061
48.87947854455997
48.27095731355248
52.44808595846114
62.385683311455345
59.39200458133202
64.25814388298319
78.87369063230608
105.88859989963073
117.05764970263871
130.509845726088
145.60839192003243
163.13049494866758
165.02983591755492
169.69471746978763
184.27508732272926
204.5155661748479
211.99341542381458
214.93619472695786
217.051449394508
55.282473581941346
55.644713550279555
57.48691545271376
69.06833024289902
100.41064652069245
79.35953615018846
81.20819647254744
100.00649576017331
133.89962565338854
132.48290983347704
140.5228603764382
157.82679414011162
177.30752959997474
172.9638176641459
173.33123191122175
179.5817698050472
58.66503761879697
59.95644819161572
61.37540598688182
68.41549757420101
80.98887095407763
79.97761565329125
86.28688001618136
100.1608405150789
120.1613991585018
128.6279333508287
141.21763349674595
154.2968505237843
167.52791828094482
167.6570821477767
169.15212386966255
172.09831832714332
59.878496005769506
61.04557291195785
62.64266587764429
69.59389533119345
80.18702594348301
81.2721162963253
87.94119394259467
101.6465897161224
119.41854672976163
129.62716061876023
142.2367748668136
154.83117216569644
166.36610920423763
167.58609072788272
168.56264252929148
170.32208734104944
60.7278646174129
61.852120487946856
63.75003550777463
70.43159789287212
79.6892742300336
82.23957893612257
89.30977625124349
102.6977966261553
118.94858862925902
130.1847032719571
143.00434748947114
155.1036197498552
165.42060230912384
167.32952948183745
168.22409717056186
169.44605382617533
