165.6690025491971
167.11245455393873
168.85035101366913
170.6887320520747
171.73862088540056
171.24888554577888
170.73307409415924
171.3082230091187
172.4096922089425
173.03556559939122
174.10526244599325
176.13215486949682
178.26928836863758
178.97602260772578
178.64966211407787
177.9222814160032
164.38136015116532
166.28427303045947
168.3989376294968
170.82094351259605
172.34044742333802
171.375246623525
170.54884444557123
171.37021118425704
172.88312392804232
173.0872435408481
173.9231119237437
176.28226248850382
179.02947953644238
179.43465589744645
178.58541617823735
177.2971272850641
161.93291334995217
164.762854357251
167.5445668846081
170.96870270560868
173.56349794484447
171.48185465651272
170.06600513176812
171.39309397323336
173.93829822435578
173.08419450097432
173.43733830891213
176.3980391850162
180.47495844792084
180.00060013126173
178.14776291803994
175.7507185661846
157.36086432119532
161.33716983173233
165.34766684656228
170.95715531494366
177.25260257628673
171.292769639532
168.4944562952608
171.07618113035306
177.28490663627267
172.71749110118841
171.85267124575427
176.20393181481742
184.5794622333332
180.50369291087173
176.24427773148045
172.0248346243872
142.4405908672029
143.40975326003644
144.96855507099414
147.60246310491442
151.7066569556499
156.03791803294965
160.84695696284845
169.20586351055118
188.59933685775215
169.18503024384538
164.27185811371444
168.80237162852566
188.02971904986202
170.4457319990774
167.68662478446302
174.10444335516792
196.60670438251103
178.92340296854724
171.3359548827089
166.4853130505343
164.1573103991325
164.22069391788455
164.59182983136253
164.91585214880698
141.58267698814245
142.55084065908693
143.8584462625717
145.73280043774005
147.7859619876616
149.96357748801032
153.10602112791526
157.08894536902756
161.25844223878116
157.40775010514673
155.33701954950237
156.920656265273
160.94971703380776
158.75046324544988
158.9176229856275
162.36971398812173
168.0672206848685
165.46326383385738
162.5862837599272
161.52514145357878
163.09682400809308
164.35147174448426
164.9726645122134
165.33869561187083
140.30705065997344
141.46680726947278
142.90917526351527
144.91484862589948
146.4493435438978
145.8620815860871
146.7820578050343
148.74428440099516
150.36951509723156
148.87763567913524
147.83453165746315
148.70013099921948
150.52307803641602
150.5006787336577
151.3307651844199
153.8314068428881
157.04234529905338
157.11404410962612
157.11123026491268
159.4833365249544
163.89221444065925
165.3699234619362
165.793433419202
166.20468219230926
138.46119599620567
139.6842942205361
141.52651948738395
144.6351579729825
147.9721962608811
143.34682223072792
141.92602047920474
143.38318037660795
145.76976693489885
143.1466621001434
141.9415069192591
143.23580460403807
146.145237217863
144.96926290748863
145.3578950477858
148.20492998486807
152.9174773597863
152.4468121431733
153.75394650569157
158.90049680110863
167.86802379664613
167.62092391808676
167.0153193936166
167.3377245976919
140.41019411664868
140.03243836802955
139.3312452724997
138.0949627324501
137.02631412983476
137.0767999266237
138.89327086525222
143.7537684517609
156.5277189550918
140.57877521207786
136.8533031818629
138.89240784263242
147.65387958515498
138.24772903120115
136.02637245387402
138.4818368953122
147.5045400338813
140.2336022138277
139.51994396008337
143.64350786933025
155.7332320698828
148.9260351377272
150.1505964444693
157.91084970927093
180.103557245445
169.41833737267666
166.89816017826706
168.4702151311955
173.86684275522887
178.85267595821907
181.75222511039738
183.53817307518077
140.8415583995366
140.6373603241595
140.151106096162
138.91895396231726
136.8438270581968
134.38687854781148
133.72507452650308
134.58057772696546
135.7388611300695
131.19306049765328
128.9701264060745
129.29596886743292
130.92727852268996
128.592770309628
127.71142497275402
129.05331204589783
131.74240499773094
130.8792302430982
131.46965424601092
134.5035757699475
139.38975255017684
140.44345361237998
143.523207793797
149.84616103820986
158.8428365742712
160.95041701851906
163.5917850202448
169.37227358402367
176.47163310133192
181.4374519645784
184.02136669713792
185.53859275651294
141.30251986126558
141.33690982168804
141.2065487656486
140.441848132967
138.21056062195998
133.4492196737223
130.09309382526703
128.3223359664531
126.93339067670102
123.524669867505
121.27582758654027
120.63404487297483
120.70032433256017
119.34987814211496
118.80966836286109
119.76993682788391
121.48008170063527
121.88080804639579
123.15873978005473
126.21925193522225
130.4260827146387
133.5085524909707
137.85851785326935
144.1717822018647
151.41496283004116
156.82306981030627
163.011939931919
171.10354038738254
180.2170457284925
185.17093632738664
187.28678162691997
188.4940358439744
141.49006779707247
141.93797059668532
142.51838080736516
143.29086848748884
142.88787043850036
133.5756162048013
127.72182528909016
124.76957932782003
123.26238844037802
117.9894399645369
114.47725511892567
113.43441651539135
113.8924636506784
111.12050987682377
109.92618951340324
111.28537332636388
114.12566369622705
113.89403687082743
115.36113103797926
119.45936839897388
125.57009276980236
128.7401940210613
133.67003483624373
141.01692543836785
150.41140747638048
155.97832207959053
163.39331007582464
174.2226361978305
188.61052715085108
191.4771857181615
192.11273433660438
192.35376546288035
140.6083024619478
141.37893716396715
142.75072207179292
146.39638142495397
156.51045084010855
133.87667647357867
124.93883934157535
122.06156320833696
125.62783258931381
113.32489557579764
107.93673718007739
106.93514299805653
112.21429700172139
103.37517002861875
100.8932246159582
103.06542957925554
111.6449239535252
106.35547233156386
107.66267100517912
113.6855939525565
126.28833731471072
125.13028967659382
129.93948356151978
139.11347215324898
155.64085869486198
155.65621937487595
163.46647324526162
178.06900136679454
207.7562025388595
198.90593388445566
196.36176252429078
195.32620120030012
138.0520244720837
138.31568140001352
138.59768890829505
138.68673475850957
137.1186017392427
126.77968575223493
119.14216759532493
114.51878701273542
111.34309087009298
104.70042823122411
99.55046252681487
96.55783162739169
95.30369526723808
91.41980624850832
89.53118296776915
90.51336041311124
93.77639282002806
94.76369418809153
98.20206708773503
104.5558895769705
112.9261116753841
118.09679251116809
124.67317607370835
133.36450428797812
143.60683717573164
150.71444594001684
160.18699432173628
173.43924962395684
189.20184323328934
193.07667870826816
194.13869091272448
194.6102796141741
135.24975530091223
135.1389798280164
134.75210640014396
133.33830744580334
129.4429964368978
120.91668213905082
113.57827231704792
108.08128859205408
103.2408760503797
97.169800803124
91.51797509077838
87.1947712071995
83.88599955028985
80.09606669243445
77.9398569848157
78.44582042080097
81.16114217365062
84.23716177212255
89.32948372377554
96.6709694911505
104.98080158755934
112.0751285809392
120.16548930456538
129.03805690620106
138.25511050464135
147.0039395218616
157.58158441560474
170.8540885590666
184.6649016826565
190.88242796963146
193.29268272674008
194.5765819638275
132.9411615156418
132.93900487011928
132.8476018037219
132.30068520672813
129.82323190145604
118.26001122235498
109.6383978942166
103.80908895837071
99.14153513782658
91.4159192404425
84.61433811888455
79.52674497330574
75.9668936477721
70.34027453775215
67.1791404155961
67.87035524838213
72.1303780703055
75.64267156493064
81.83380937508385
90.69239282077787
100.93674882827747
108.60768160520674
117.05314909521893
126.72759462256028
137.7040491702167
146.10602947272014
157.2162893353296
172.4386621917024
190.2237483562338
194.75952607248522
196.19357688716227
196.89197897315236
130.80595343315738
131.05410518936492
131.70819452000504
133.97700823447454
141.3443368634262
117.84994990755857
106.6993179946802
101.06641664049438
100.34994579146777
86.98553977528876
78.39564866911905
73.0280094443991
73.17185243802103
61.82656850388774
57.12447369227088
58.79367756912427
69.16234759789704
68.83962895824622
75.60375457453573
86.49388429982073
102.54792127312805
106.59429305454542
114.8017695681219
126.0235193405465
142.52513746136353
146.74302888908935
158.0966579080159
176.98682482870623
207.71103854767296
201.40168596176005
199.71261199760377
199.1801105771702
128.38326431914902
128.20287257306427
127.88616634173151
127.01446045601558
124.1027393888342
112.06260201256768
102.48853133332459
95.45256224698878
89.49872508682722
80.26094460018078
71.64557305731114
64.45781738341984
58.77467755454144
51.42683855837985
47.297107390951666
48.38163955057137
54.428651142047464
60.595421766256685
69.65091020297857
80.81923985709646
93.14258807256057
102.28606288907545
111.9284219977511
122.99060264426517
135.1002751114236
144.63242950588818
157.14516400883025
173.55465264870574
191.5052484865571
196.201333814407
197.69807642564624
198.43255953132328
126.56510593322116
126.14019064719405
125.36787394833215
123.40387663543095
118.76186822441777
109.012460350099
99.6922056186723
91.71343612656894
84.1925287594648
75.30534023977155
66.365276197245
58.247553999706234
51.185266653148624
44.564933240334305
41.272101832204505
42.89730397954894
48.799409651311315
56.56942007764263
66.25609298481048
77.65853788059837
89.50755765837032
99.73784030312713
110.13552250139814
121.5441906965098
133.26939293070518
144.56479994141674
157.67517857631225
172.76355942364907
187.3563703618534
193.74470805991214
196.17762639977244
197.455434793457
125.91833432300574
125.70728204149388
125.34930570310631
124.40973814581639
121.5171664461925
109.57099966007443
99.0823926336882
90.79362089922051
83.57126939211278
73.41476203958915
64.08322083116158
56.37338764788435
50.38566521789802
43.791799868923796
41.153637611255725
43.525973345220855
50.24199466831803
57.08272830158558
66.09409864966713
77.50205048476498
90.00117110461399
99.72938375148874
110.18117282685968
122.39054724999312
135.86489243157467
146.76067296001006
160.0374821690652
175.85740237112051
192.03496040975435
196.16384855527346
197.49759355015868
198.17123483752837
125.67288015170064
125.84122068827357
126.34107102357862
128.20421280792212
134.3464124291421
112.01014159660559
99.31040034036926
91.69078008460825
89.07562623621102
74.24361142717468
64.611771329109
58.54204205342519
57.50319687217686
48.23170648622991
45.64144442900745
48.90304972162225
59.05966720251045
61.619617497168974
69.27460290037072
80.63479038273375
96.13958518123594
101.93355078334775
111.82227848622829
125.15427952609657
143.77686467731672
149.95551969385215
162.63370923959297
180.55236879552277
205.841579474491
200.87231493742019
199.4651617893226
198.96802772041104
124.6818879369519
124.52383474324765
124.2271375779815
123.27941483355728
120.3413110818419
107.55233054406433
97.23013652719423
89.86670903414252
83.68170946364933
74.20761072924097
66.40090828565556
61.048484712595105
57.56929503442939
53.18299206148891
52.09968880409501
54.68364324671188
60.612261410829916
65.94792634877282
73.7177117623341
83.48174303499657
94.34735052557963
102.97288907807878
113.18464695818707
125.48132935085602
139.28416873791645
149.2406330339959
161.53064762375897
176.5917629716171
192.38875695431375
195.8381849739184
196.74655524629733
197.14390806701184
123.34959708069748
122.75371330094889
121.57007002318694
118.5551788217922
112.74914865159325
102.85235126663198
95.44494470010885
89.92532638436887
84.59884967281943
77.16009124253455
70.9062731559282
66.40308969073867
63.51904010444746
60.88966989857568
60.375922863760785
62.638259616246955
67.43052407538262
72.80783288802314
79.95438261512446
88.59412940075303
97.99481865597977
106.8013782029464
116.66582525805711
128.3697237436924
140.79788094491937
149.72286964473574
159.63879035847933
172.71768347952727
185.5819588683742
191.63459133259758
193.8872810366758
194.98642462770334
122.01771830186968
120.8404994186079
118.48050396738314
113.61500330912793
106.70231568655939
100.05879124069462
96.20933018477147
94.0351457971835
92.16213679817177
84.13690979495827
78.16139307555899
75.01909896019109
73.64993536378762
70.97056679757009
70.46495153461794
72.76025947742725
77.73874387758397
82.13883204599709
88.39197842658977
96.72083464933056
106.2741677322505
113.5227086707566
122.83076377300912
134.9528156392852
148.70261632853712
153.8683610791545
159.78316298433688
169.35626612009216
180.7488348095894
187.92216101815166
191.41940446399587
193.15038064328212
102.41501871139663
99.7106045431963
99.14420199916592
101.2441380823866
107.99042899421418
93.57870515358269
87.1657667533366
85.62544075277994
88.74746866161396
82.75616069232287
81.43470770033683
84.37281695085521
92.42177274457156
93.2368880368067
98.53852358368752
107.11024071844858
119.90719235155836
122.63397869163012
130.57794673457397
143.8997730072262
163.56209585682714
160.2664619084301
161.17810227813928
165.66524426294882
100.78401380821008
100.03467134013451
100.25326044733752
101.50973683901242
103.14600174862993
97.72658563357714
94.76082969007136
94.54903819380934
95.20807762535063
93.3298111093844
92.62984043726199
95.10110837669188
100.16762908813853
103.88562984275057
109.62148711405852
116.87248007529081
124.8742688938898
129.61901175657175
135.85033322928706
145.43786011074528
156.41962147752258
158.14759858173454
159.4973057026585
162.0295047643684
100.53373745615315
100.43134254131368
100.86734291374856
102.29464169948378
103.88567758809423
102.90205043082099
103.84187774067205
105.5805838754824
107.38600341006503
106.44413699313478
106.45169358021622
109.43646403903175
114.63369316387508
118.36618422819389
123.36256735916054
129.64482327401004
136.26475989313198
139.3365437848047
142.2678037859934
147.98381975978646
154.61941797921338
156.90764100865508
158.15673996493956
159.71537404519444
100.6943041232497
100.95144932201205
102.11465777571318
104.80378063188711
108.53978185528717
111.38009989371088
114.3047922142087
118.5645022732
123.66378267626038
122.3378430886853
123.01912431796148
128.22233980304156
136.07543103008456
136.44294630588615
139.2792487860925
144.86246262107454
151.60126760709778
151.26395436314846
151.50413140734625
153.44054860068746
155.85508536670693
157.09677787637176
157.79097258389376
158.6326334731618
116.50738695939138
119.97737941634685
124.02311323500588
131.28556923858926
143.45264415820816
137.9036249365972
138.82576761656898
146.8906893422303
160.8173549580224
154.34702405120697
153.84640247632004
159.15552928121
167.99115387967785
162.04773773572256
159.52616345454325
159.24798687550842
122.5764581624989
125.40040403913913
129.00256391677968
134.69805650916652
141.73585471007192
142.52298969339552
145.66607673597258
152.19929770319288
159.93471229042171
159.34553697213352
159.82075148307533
162.8302952043121
166.39891870823362
164.0152439407698
162.38771013168468
161.7252257003363
125.7658046160749
128.0861151244121
131.28326581867736
136.09634762537794
141.56300184575386
144.35173974244975
148.39361518950295
154.1611450546432
159.83167287021396
161.10750039691504
162.0392388737456
164.05145862010096
165.8681062399133
164.59643071472763
163.43666434510786
162.7570955380713
127.67590475197537
129.70803321027677
132.73081154177478
137.00660982142458
141.80670988399658
145.47462784382444
149.89309541115355
155.2220463467801
160.01191559212182
162.02362449082463
163.189193150251
164.67159214425263
165.70292820618613
164.88866650086518
163.96078849552134
163.35823169378878
166.91908712557031
167.80243216252154
168.77190089248242
171.6971030764034
174.2060441777881
172.60040336119582
171.76418217989126
173.5381078264247
176.37475246721752
175.15572168803044
175.1053137081584
177.62971611728537
181.39299777654935
181.31064194930647
181.46865420398987
181.35126017203714
166.27798224131422
167.41212376577874
168.32058230549202
171.61980476662467
174.7168868163256
172.5315745620809
171.5140201713852
173.50591805140024
177.01676203163183
175.10654894624653
174.83863700118448
177.5559971204556
181.96851541760685
181.30298491444753
181.5449509485712
181.27163963902862
165.09641760720083
166.83597611824266
167.7621493784709
171.48750551203935
175.43712532140913
172.39747340041404
171.17490015830927
173.40255464175095
177.9234509503197
174.99550250342338
174.49620621494265
177.42371640834816
182.7670800034197
181.18836194649157
181.72656885729748
181.0048958863328
160.353147653014
164.17159475449398
165.9092774744618
173.36118059334183
190.35282255804748
173.8652023281752
170.1420603866871
175.65652985105748
196.4610133024051
177.00390564330488
173.26468460510222
178.8100912088042
198.88598064931568
184.17176946606324
183.53635719537849
179.30220432196472
142.9138979366222
143.39769669274963
144.27018462561543
147.21990021252648
152.78150039357158
158.62006557137929
162.20564222682117
180.1503083054369
307.0038793791624
179.2900455101158
167.2469635045175
183.62959207663715
338.9601843373163
184.48255316008675
170.06799396310893
184.01851835327312
320.3832265713648
192.88407772552608
183.19650397741944
171.74188166024757
166.13105353943632
165.4541589469024
165.809859844919
166.18437913254255
142.4626555336177
142.9428732508195
143.4936346025167
145.49762253721735
147.85110161836027
150.0014770938417
153.39393968475835
158.4896492752245
169.15364900151846
158.93540009387647
156.1517213630399
159.34395208486146
171.74296788023526
161.08603258566174
159.71981972436973
163.90096685762356
176.47125444538614
167.3616482279995
163.55187019580342
161.25423176720508
164.26750319490216
165.31706973997112
166.03879174710926
166.58692743383403
141.69844826434084
142.43541102850574
142.95486941610005
145.12357020654255
147.3796990982021
145.9150939452615
146.8274989209785
149.00704003713906
151.44214257014704
149.27949091285979
148.16261808416596
149.299564547455
151.88727681494123
151.068569396124
151.66594747134647
154.19997792871132
158.13596158955056
157.35947351103727
156.97478984476285
159.51242116691756
165.02818914545628
165.68310949777097
166.77660934600564
167.64134732512736
139.7638338450669
140.99722360320195
141.85507971731352
146.39821769507577
157.24959927374442
144.54996193338022
142.15802817649072
144.3091595485263
150.98525136876762
144.08098911121957
142.32465615779617
144.20178064938673
150.8404606092504
145.8908813681409
145.67069487154112
149.06956149951952
158.28984830732136
153.3137938621147
153.82283575877022
160.15211208467068
178.50558731844353
169.9120629412585
170.67334352674987
170.93973137996153
140.70502308913626
140.5117137534961
140.17369277805525
139.0606256499512
137.7750174198549
138.21647977706525
139.9391722802364
152.99983409707798
249.54937821728674
147.24142894237042
137.79194387968133
143.98390779616594
203.33692020048616
142.90034338150784
136.89573583800694
142.79341278999217
196.8512909314805
144.51922840579584
140.299478598554
148.29028425709632
212.7818453475833
154.17261337979332
150.96479348520703
165.28695518396006
281.0745968253356
181.01739422418586
175.1430533918079
172.61599158981113
177.3584464500301
181.60908788144548
182.96839195481311
183.9289318747713
140.97330214987502
140.84006697218308
140.6437820679483
139.81764112954224
137.74562876093572
134.08134498746344
133.80840871669912
135.74588359015402
142.34566012217678
132.1599625534128
129.27889125872943
130.23234343048583
135.5928236136878
129.56076341531244
128.16550636402792
129.99057219125723
135.9544417175071
131.7341674586926
131.77155917059332
135.28561346732766
143.9426098742522
141.09188346624123
143.47061808501616
150.58101812292543
165.92939044186951
161.99171825462432
163.63647667194252
169.96957964540167
178.6900827143632
183.11493516153422
184.31643610605056
185.23350688134556
141.30358201736377
141.14811269932807
140.9360006414252
140.50915077681117
139.06579583031416
133.44422119832254
130.0370486976164
128.4949858554169
127.8065152040065
123.80695113182179
121.52688004106696
121.0556185644716
121.69736949891352
119.88461868150006
119.27875807031936
120.34368350038775
122.50923609675434
122.34322020631262
123.42737299406727
126.50137080771073
131.11811920847347
133.57800227543393
137.6845415746887
144.0360832026073
151.92832765732746
156.48611958204273
162.3950524969659
170.65463314419327
180.77543769967394
184.60599499991883
186.110478873639
187.41344965574598
142.32265229788499
142.4052406614112
142.45392786036032
144.91822911643675
151.9072618253994
134.63847422178702
127.83199231886822
125.54065490122434
127.86306038876809
118.85991421818665
114.90264722170588
114.42612903708415
118.26689545377992
112.25646047872804
110.60980904686903
112.489745854153
118.59159834596514
114.95480884505758
115.81643408737672
120.2827912800238
129.48798283692713
129.3206149133194
133.63897730801477
141.42865281022614
154.70289301528825
156.15913023576718
162.90233833883374
174.8967146709975
198.590450099576
192.94293941455527
194.40392536139598
195.29840627379681
142.4529058237987
142.97532559069128
143.6835610665195
156.75721708999217
249.86506906828635
140.52211948764636
125.72079370367996
126.6134486140082
174.40494711606453
117.57899253848927
108.9415403511368
111.34427946387291
158.9712771022561
108.01469697064725
102.27296810082704
107.90267594465764
158.0289755036522
110.92232959962394
108.7328457404916
117.86231552530165
170.1052189841525
128.94568199496032
130.37414682917134
142.88176319249632
203.48372319547568
159.8550666307814
163.72462908028461
185.28273632063429
307.8492656498731
211.42942852227168
208.181166828172
205.95473660045346
138.60648736152183
138.57476035040042
138.47810179824597
140.09213872111894
145.14180398579353
127.67352921266503
119.13992141182575
115.14082117873868
115.42903635396212
105.58715439097249
100.12995318953655
97.76508276527842
99.95122191916471
92.89060338025044
90.62948589116883
92.17659978565005
98.81232662732316
96.21998902256313
98.94056474326874
105.60789112935406
116.9278723348146
118.75612647792838
124.66920443429316
133.66993391646022
147.23693561205476
150.657545407053
159.4720902853359
173.805677298005
197.86704178824266
194.08963380935418
195.67483302211858
196.71953364301507
134.99590658217946
134.75398445349566
134.41748220552992
133.54192000462294
131.02700479133554
120.8468054648493
113.26235812334443
108.03380714409107
103.80566600613535
97.53405988968818
92.02971656579508
88.00715863994034
85.34022000236062
81.2493401039486
79.12136754028536
79.78833627187873
83.01320656450034
85.37799803811895
90.11910672836008
97.3326579711386
105.88541112122041
112.29506556626559
120.06277131137993
128.823374885148
138.2758564260559
146.22995110260942
156.48460489122226
170.17057026781615
185.99696776578503
190.23306170360163
192.11608291793428
193.6496614030346
133.0626704701987
132.97016053782815
132.8082413592287
134.31117363723345
139.8345183491959
119.13144087434961
109.25004565060094
103.9859297617545
102.17194528260775
92.04392013673343
85.17553065832612
80.8202013193285
80.46109882027677
72.11781932848855
68.62405907474607
69.90742754879429
77.66833653396291
77.44107268826075
82.81281161539277
91.83982583207914
104.62124313822716
109.24114650832944
117.056628986773
126.89430551860933
140.3986099807624
145.71637876724108
156.2521211121559
173.33470536832792
201.1479727430195
196.607398052884
198.4174789938272
199.56255381013563
131.87004338033506
132.32459542874824
132.98176591219246
146.42193529882272
238.03700384371422
125.21200695569154
106.75026670061159
103.90883091225648
135.57221962334128
89.98074998665801
79.21835414071859
77.18378590988331
112.5985498319755
66.75546959090292
59.202569718
64.45242794294424
114.1987871215115
74.19407118965209
77.065108335151
90.39137967722111
137.8492407668684
109.89139481266237
115.12110735472179
128.72072900886573
176.4348484577191
149.56356371078834
158.18910639075585
185.92283730837343
303.6834496768675
215.44606961256605
212.2340800517461
210.0653854192556
127.68638039291052
127.57991681095152
127.42175607383733
128.48796331383184
133.199618585745
112.446891959308
101.69961915557616
95.21583504410656
92.08636695462236
80.42760009553135
71.74888386875801
65.42509364092673
63.21852440780833
53.30080862256238
48.87079372234905
50.53573159119195
59.923591841264624
62.409260827410925
70.59137221882757
81.85184826251145
96.63063400342558
102.87321366894172
111.86746889826934
123.05187878632755
137.72540446345178
144.16161571294526
156.03073681235495
174.1751178843086
201.37327001635265
197.63879832448026
199.3553518846266
200.46197195883747
124.92625253829998
124.63377458658903
124.27814776413744
122.68228250206873
119.07984707373966
108.13072962982545
98.6507722593423
90.85835516567185
83.87108507287198
74.79078873899508
66.04084211819921
58.39394900601505
52.34733033991258
45.841388700207354
42.71403389947863
44.44552671236513
50.608314313987414
57.6632051657404
66.96452005416464
78.18438139041427
90.1925747345003
99.86620426802483
109.96256776408435
121.22718189650291
133.21534788539935
143.7222546563107
156.534261801741
171.77516648001088
187.80621364008363
192.6287494734053
194.34958438210563
195.80778123670476
124.70753606613675
124.54513040196068
124.32540218370976
124.72869794103583
127.44206181409317
109.451610871055
97.99818394092031
90.19373061635564
85.78058315990252
73.08543446078512
63.48591435993101
56.386691834348866
53.28845288537872
44.92679957646497
42.3176931438338
45.13725086054528
54.0736131384441
58.31174879444001
66.69402793175587
78.2618694682739
92.8686767398526
100.19285298396302
110.12258373803253
122.52337531138667
138.62649103888103
146.5062678751695
159.25304848319215
176.23260691566514
198.68500410272594
196.7066940325629
198.13193944786758
199.10522339691087
125.6359098772873
125.89893732924548
126.30323563768955
135.95557788478936
196.0356027998373
117.38069513885381
98.97253965059798
94.13931798905237
120.37322139156858
76.42773459637205
64.23724782046949
60.57994220021431
84.98887667893733
50.88124902085161
46.39967361827195
52.14769876204855
86.90378797918876
64.8276927406179
69.9311933303722
83.44149463297443
122.15137900019027
104.5323873477588
112.00853102338613
127.9904658964539
173.20758228786787
153.1579234940143
163.01399730168356
187.17962549114628
260.8002770538384
209.4834604900543
207.59064387563902
206.3053630537428
124.10289764843996
123.86624375130421
123.51883354527821
124.45477853946494
128.44109543840838
107.90075296774978
96.14895745396647
89.2061554006532
86.02686344809287
73.48267498068911
65.24206780349894
60.26128620720182
59.26534104522484
52.93107841885133
51.78559620262104
54.99102509113132
63.350891944570115
66.46454030655707
73.79309272115567
83.85255460235874
96.89053141864746
103.15020666841885
112.88932335071134
125.5760606176171
142.53416963923948
149.2913309513765
161.11276444489604
177.83354996710088
201.04650479495308
197.48896975216988
199.09968353746467
200.12754632500665
123.73739845455192
123.59718449410686
123.4427869210913
123.34150023274128
120.88718699630367
102.51282992120217
93.93707496381998
88.68370862471497
83.9809420294615
75.69410232205908
69.27077638480318
64.97088789524688
62.48946307284722
59.71260291444129
59.438449362061846
61.97812183525293
67.20818201265173
72.49180310128708
79.63441898883264
88.36739758536423
98.05862338132617
106.41959580350645
116.13647315414495
127.99784223906089
141.35303019478604
149.11347101938455
158.18364196232326
175.90019238159246
195.99821509433295
197.13635847994718
197.9219336533492
198.57639500731906
123.23010531500812
122.86491318153628
122.11225735721854
118.69982506512207
110.01771408142149
97.93831026027325
94.8489347046932
93.78315054586109
96.53284551291821
83.42859797191855
76.51698463967783
73.67009451281741
74.44421644831039
69.7271747754401
69.0216608693018
71.81552984918716
78.6684208686344
81.55268395461046
87.73811473073455
96.54492004770181
108.41567801991107
113.40527435500641
122.39645990757376
135.7405786572544
154.9958582670926
154.85882548550083
159.27026402206778
172.77098087322926
190.86431264005165
195.61724812550614
196.82775519221133
197.57700460382787
102.36024219908656
98.60273814238747
98.62292908159752
106.63625039522441
145.1035668502436
97.59443286631463
85.99125360422859
86.54957857184941
108.23391022450394
83.32398639557384
79.85797914217989
84.69828339187515
108.94941759668852
93.93941285610036
97.71802283847823
108.87027215178286
139.27322805895122
124.92687298082426
130.92070367562192
150.09184155539336
192.99222134324523
167.13990522537821
166.04375519399198
170.51432457017646
99.72813312453245
98.92039687784835
99.0294120458438
101.61712105023264
108.72923734743505
96.949571560133
92.8540753555683
92.82555179126295
95.81630535678784
91.34759641205942
90.15452914995878
92.93252265600198
100.2000678869348
101.99343366755282
107.88818059894986
115.87227398072973
126.74252887764408
129.0522933623099
135.00497329041025
146.4095020646438
163.28354360093002
159.78949596699596
161.30283061915353
163.5810891468881
99.52518586036771
99.39104022665533
99.8240034673298
102.54399249033563
107.00402715883058
101.17439705502464
101.6922931682619
103.44219494658242
105.90090093013163
103.91562101585846
103.33165516907638
106.3367612925155
112.54735174684905
115.66085399581975
120.99937463464266
127.9207809358769
135.82957960398582
138.17884274947002
140.0134372713544
148.40622643844515
160.922757445126
160.06512397134455
160.69497558616905
161.74529504283666
99.70235527955053
99.88598300014463
100.82083488768974
104.83332097316996
110.44794683402745
110.92558399503038
112.31624777952165
117.47972884900335
126.9969854885609
120.65005834706368
120.03764293088352
126.3416785480769
139.73121181475307
134.77555268282126
136.6101795127915
143.75929302684457
155.33392510234228
151.20553876772846
151.94250630606183
156.03686276756397
162.2633325794024
160.79825969315928
160.69674579932544
161.1914967224494
118.96192570293337
120.6865431934215
122.72672758389557
134.54530224463076
162.59362682942643
140.5882149485841
137.2563271321109
149.90526239004893
173.75579442768338
157.27547938001945
151.991750798358
161.5790852190124
175.07492925868047
165.13117758664418
163.426610253803
164.27824604119604
123.81363141479287
125.25779046281167
126.65414159228
133.27167342435934
144.52109283796432
140.33322140578377
142.0312560966362
149.62634988523112
161.99816657210576
156.86875776347586
156.27835740689744
160.90073420704425
168.24619495604094
163.17000230410366
163.2575634319077
163.58593799247734
125.15465930089213
126.33981105675228
127.91588391930475
134.35685491714756
143.62154226648795
141.6093997533518
143.79025217895892
151.24753206608304
161.33355597504578
158.40677838238076
157.82409747957496
161.98841634411323
167.59961832646667
163.96495112801497
163.55484043802903
163.5900005154807
126.01394297380412
127.14116542137873
128.99528799266108
135.09912069387815
143.01819567668412
142.5328367765498
145.21957164953983
152.38364683758124
160.9199242078079
159.46603112738524
159.11403128728494
162.74943044759686
167.13526479299537
164.4583130977528
163.83394602080054
163.7017625075645
