163.8285352502825
163.81302289637898
163.5827919052949
162.63348672505455
160.13227545020104
155.29628432197188
149.23007019279848
143.29663972663909
138.17626944014432
132.96617752740292
128.9945339685324
126.85373214139425
125.7270895944994
123.83642415317603
121.5737918553474
119.35781914886326
163.86000395210186
163.96108538514406
164.00434219235922
163.50169366573178
161.3306549502289
155.99493079164685
149.52559499078956
143.58955438148197
138.61605975737425
132.82158731985595
128.50116063925984
126.55699237523099
125.84431270248443
123.48060140082225
120.5680051941498
117.42693789469305
163.80040450661568
163.99398195479623
164.3768298404646
164.64518157023537
163.29807096701975
156.8209464126168
149.69127035179267
143.95583235198995
139.63687217403785
132.60858275598102
127.66125923449852
126.1085173809502
126.37375771422897
122.8869345872672
118.66060058402327
113.52770374077625
163.68895857541227
163.64130056508765
164.43316234830158
166.3408417895991
168.09825895560155
157.7580785781605
149.19434515868588
144.2961490601258
142.9120596124463
132.06736388630438
125.66002117951227
125.03496507849194
128.7577288652443
121.31311132483752
113.93524716060129
105.53627080680334
172.69279842196121
171.54459770942867
169.7131026008336
166.89194313465768
164.09204488216886
162.6956490284232
163.20671744978816
167.0425790676428
180.51315978988032
157.33797470851366
146.6110261415257
143.21675454849168
153.30046756133805
129.82636524958113
121.154761152125
121.88409108674455
137.92103465105677
117.04050391139307
105.2806748212959
94.72408581403847
85.59432652708591
79.90535866669829
77.60139017662206
77.39273092084942
173.8622264605428
172.7987940731292
171.33940701355957
168.85176243215068
165.38934149684167
161.56880248099537
159.5326341653462
158.60400716588623
157.51439304488943
148.3175943604944
139.89824942979047
133.65441335652
129.20625494578792
119.15635825182744
112.40316430108179
109.60242359373144
109.17274873118114
101.34077861910617
92.75155754314721
85.62776036120313
81.01014648141675
78.13824588780147
77.79740851558182
78.313848020513
175.75425403576608
174.34026496356742
173.1331820645839
171.2235938057448
167.8488974951755
162.16256951974594
157.53269324745156
154.0637558297794
149.9899103298807
142.5701160747723
134.79429380739415
127.73568719876113
121.06194862285963
112.27043291162869
105.07325713778219
100.29481531454982
96.5141356756919
90.11037234654557
83.9767591568681
80.30152590125246
79.30326879035005
78.8207911203785
79.29724830261117
80.24895957760465
178.78874460806986
176.61908924426277
175.43945500791952
174.72402316485977
173.19916971830858
163.82736701525312
157.18311152168698
152.67013478180624
148.8163409969044
139.80254851281146
131.65744604893527
124.82901050729222
118.82152551122252
108.53313165471884
99.95877059196243
94.22310732973901
90.61804280063329
82.92774663926934
77.92176898132033
77.14330067097386
82.42924134516667
81.9644325627246
82.0835984933757
84.14785122914454
196.67179478985545
195.44800869788244
193.1315318363977
188.78125694403187
183.27326385033632
179.09347411020997
177.38824881791476
178.31891671292786
185.7093085847366
165.79377693581418
156.92472551726257
152.81027609208886
154.32536051396585
138.54299516277644
129.0058524878585
123.03800543407512
122.40141591853057
105.94774479416301
95.66031124441578
90.27444189952998
92.37056808478086
78.2804215858368
73.12515162692655
75.67773255076332
95.0473688884044
85.78428995868575
85.18987909368478
89.32225678696204
98.18205716581384
106.104546425429
110.56083865885277
113.11509365715072
198.01161638384096
197.20097597618602
195.73716282059266
192.47473087121824
187.4920866914773
181.65149659707575
177.3684824227269
174.586582992649
171.49706408427372
162.28144845909006
154.61372113187286
148.76269599162205
143.4448851539334
133.71326637402714
124.80120832304613
117.4340577738679
110.6176521743547
99.75039352889995
89.90346017545224
82.80918292922442
77.65868590127872
69.90116581227366
66.33635156939734
68.77739916147654
77.59753557761103
81.03949982048256
85.75350423751942
93.99590184644185
103.6530140858093
110.53641556672281
113.9330918448756
115.92680932271108
199.654903823689
199.15252945449805
198.26891363763755
196.1198246718156
191.86440859118844
184.7836992772805
178.66016531152306
173.65794227092468
168.50409304203885
160.71417193257307
153.21118174805926
146.3300588820229
139.47733098939932
130.36974127535632
121.20454937488961
112.825359522208
104.66092841046233
94.53342481824097
84.76861451686091
76.61639434891178
70.00333509426648
63.41469435205627
61.4068214420069
66.0329495516812
74.13972898991564
80.78393375487487
88.70638535592727
98.68898148719185
109.60326065782536
115.6264865159501
118.25598788626979
119.82291415510738
201.53209198269084
201.48162054700336
201.3943963888121
201.05166574441319
199.1490724813012
188.54006715299573
180.72557136955186
175.29244649211742
170.50982338867317
161.43155822237114
153.11684595776555
146.07245489365684
139.56638170678153
129.00760267121194
118.96952887130571
110.24977081422662
102.4394428354617
91.07478538585914
81.06067330405955
73.15576292039219
67.48491601121621
61.38427143046174
61.02180493977184
67.64225683279047
77.39784771701206
83.78354944715507
92.50409693906639
104.67685082065172
119.87820996545562
123.35463686524635
124.36677458933934
124.91233842569211
202.99794465180153
203.31643279257372
204.06770741419905
206.58421959541295
214.78641075806323
192.476321123691
182.4862503284814
177.62040351771063
178.160794678913
163.19330888557556
153.58762621630632
147.0673911892709
145.23719744280854
129.01999973046472
117.5523677633799
109.39381896336016
106.1503706284189
89.14491054307024
78.56880364816895
72.31003533510068
72.59978882735966
64.09408580037878
64.50050394054385
71.5220165192562
86.97635988795548
87.90014117426001
96.09895344769967
111.33617035249992
140.43985201896322
132.48099944395886
130.38611085596642
129.7006642380504
203.49082138473065
203.40577946691144
203.23163674880874
202.66675771492817
200.33918708153553
189.75374588438
181.49052204540195
175.59879954570187
170.51450527064466
161.42351325690223
152.67256606992552
144.9599344229934
137.6695058457983
126.24539732307657
115.12699320605438
105.70200826749264
97.1639868244981
85.23225836643427
75.66354194034267
69.15819905640622
65.96941475405083
64.44559170138612
66.44962263627127
72.56626584123975
81.35244495527454
87.5438792140265
96.83565870276159
109.80086960387207
125.52855038337756
129.75288073734202
131.1372845199142
131.87562735327958
204.1361760760118
203.8215822242793
203.19275265186062
201.482498812106
197.27685401564872
188.53319900148315
180.9458931317678
174.7107321355648
168.58875922270894
160.68291106572963
152.2216822021494
143.94543397059732
135.541202993755
125.05619585857042
113.92066993000078
103.68436195499008
94.12167833167904
83.14378467037692
73.98230472447429
68.3904208265057
66.09867464719416
66.27682374210411
69.00967628994078
74.63312895635214
82.23296826040422
89.45466242869371
99.1000356267844
111.84875936720954
125.57897268244328
131.81863677345865
134.27307739084523
135.57390334112824
205.6174344832802
205.51472474089263
205.29791431779245
204.58120145134615
201.96967180814846
190.7441832730494
182.113795609772
175.91391111068754
170.5045522975923
161.71984791392774
152.90137484757165
144.88997800321306
137.13101461134275
125.69053698040702
114.34344957348878
104.31881664054406
95.06702665635892
83.777457895453
75.19984655675961
70.14108719132204
70.13908897648506
70.16704759756549
73.11746000669791
78.81171676905603
87.4326607056876
94.09042348562527
104.06272177684511
118.72204780651981
135.98809968671895
140.20301476113815
141.50132298528894
142.12786167212667
207.39803175180418
207.6387814476254
208.24391812245403
210.3092083851814
217.03228690093997
194.98275449875695
184.18460021576135
178.5393348871594
177.3061636678371
163.96337600196685
154.35597318827408
147.17942430324408
143.86123719343476
127.99567543315578
116.1723682291445
107.52871445542873
103.63436240414087
87.66494914840277
78.95430562346357
75.57218105591706
80.17085892238906
76.1767004416126
77.85782176963218
84.07714109794969
97.31282727524678
100.02079995855966
110.28423907916178
128.4599468191323
158.1524226371653
151.71440683165065
149.84360319284815
149.15536242786774
208.3640987160597
208.30250746549814
208.12490618759225
207.43092173898495
204.81913677622728
193.61840343221328
184.64364776993264
177.92441780320377
172.26000326432225
163.30315982428883
154.54737183846885
146.5238008495771
138.9277926962042
127.88278416318575
117.14212626349884
108.29953477559106
100.36759225066132
89.86257465821042
82.58315484726018
79.02709285280642
79.66533789704704
79.9250309823816
82.42004010677744
87.92542962792375
95.93040865173481
103.02902320070574
114.27126022314157
129.63717094444078
146.83560360861242
150.98395812768524
152.1116797486545
152.56059695468153
209.39241996574572
209.17094806243608
208.66143585419616
207.11481384241725
203.14379836728992
194.38547942782728
185.98008863006245
178.85921717914061
172.12076116382778
163.9689926723613
155.49287454158886
147.20499614158743
139.07291458169223
129.35857331693825
119.4140924138306
110.58417943665243
102.54835861154795
93.8641313978452
87.13520379699378
83.65187492458364
83.43304630040913
84.7268589497717
88.0011772512458
93.59798384111713
100.82543789802472
108.83041303590359
119.76040642731904
133.41723806715387
147.01353073515347
152.66476181322747
154.62606320121287
155.53139867410763
210.76389895803385
210.78138456765464
210.7166939560582
210.2518743898293
208.09051877738366
197.5615849851802
188.38815228394145
181.28516823976452
175.14535262018572
166.11554169242086
157.57758663178518
149.94119783274098
142.64895662641476
132.53176537385735
123.29076708327216
115.44736617381041
108.54012846147954
99.79863048339993
93.22754591926531
89.78383875871754
89.9948992006494
90.60254631633592
94.03807933011431
100.3841573098912
108.98472705151887
116.19836910539435
126.59848552979753
140.4485678363356
155.2315053727854
158.3224001626095
159.03197408686313
159.2339280715282
211.93007197999006
212.34348683433294
213.16840893212546
215.48824665403816
221.93684148777155
202.06347961683792
191.06824843871067
184.6791681453973
183.00430991817848
169.49902208461953
160.26716288410364
153.55071146528266
150.39807485792497
137.36512531386114
128.04861831182942
121.3945631002482
118.6033287358106
107.08705058522551
100.30922240108187
97.54529316110646
100.90023203813163
97.65502213747143
100.43585859422119
107.86436516259306
121.54245201955756
123.98661173055073
133.4879636302479
148.8272157351475
171.9453469668912
165.72968579424847
163.58411870120122
162.5400148064822
212.1113809195433
212.28146039679004
212.4418068273884
212.33254706228266
210.59444697079172
199.66044149217547
191.0057117601778
184.71005473897605
179.27841956105337
170.38171172496217
162.337675156948
155.3517538788861
149.1651980947679
140.5480401330127
132.2847868368956
125.61447597988791
120.05458797402369
112.43442520486394
106.59946291729965
103.39231182890393
103.31601839468419
103.0906440911062
105.87365236711953
112.32402762909655
121.41559471841629
127.53355213365096
136.22042697645512
148.1359099024913
161.2794216198325
162.89217426160872
162.86372324834804
162.61883707832197
211.65194808717166
211.4602884108484
210.9202550671203
209.1369700464235
204.9537432281107
196.9726549010111
190.6645934488441
185.80873676257625
180.68699531829586
172.91478619673956
165.26908060801628
158.63585570072465
152.3745512327423
144.90636728711763
137.54511589771963
131.0959653062586
125.15893417223207
118.63599089919921
113.37463123689587
110.49252817031979
109.59540793893309
109.9363560467751
112.81383828349003
118.83173857061844
126.79279419942327
131.90727923274702
137.9661543389961
147.25273610937418
156.8494087959836
160.46870233400614
161.4900574576283
161.8342197817109
211.00183402051556
210.4006931070545
209.03959258293318
205.94295549297348
200.95449209209968
195.31125573200526
191.96683840302612
189.73368806716425
187.063955477253
177.86152202485349
170.18446375807508
164.32743471875418
159.18145489014688
151.33004969915135
144.1831059033344
138.12933232403603
133.14354368868294
126.57390090203685
121.90502970963125
119.70451038658088
119.94664499731067
119.61594043644038
122.28575059389404
129.0623522618196
138.59167306768407
140.2167153656691
142.6977721900535
148.01221714750827
154.62967650004913
158.66693088669805
160.3545678819734
161.0717778196787
197.7675887453832
195.31641484435596
194.4250512888042
195.48966300239476
200.36150086909302
184.9921067465887
176.3372907862439
171.63608003877374
170.43644910360405
159.52534696644372
151.92159652056003
146.85778660860882
145.3984731743368
136.62656277462958
132.2534128329695
131.60678964128346
135.95202584428029
131.72551771579225
133.2511259129754
141.86974975546383
157.82681856716573
150.36350744452383
148.3791536184003
149.57090168386082
196.14261558135306
194.99022452313355
194.46973844963705
194.4446702725134
194.37722521644136
186.7563146732838
181.0006365869262
177.04229516565903
173.65868533430208
166.89609098035854
160.2165207732725
154.76114480786399
151.36492900306914
146.11264039283668
143.2205221010446
142.98786778350475
144.3972918163891
142.79801623992498
142.5278157562305
146.435298962741
153.41754141724377
151.45994014615383
150.07359086657877
150.00795742963922
195.27621593397305
194.5929869052785
194.1527740140528
194.06951552822912
193.12420644675058
189.10772678608043
186.52759120965578
184.9998835722505
182.8766912844784
177.24602280026113
171.2262800484659
166.85901921141
163.9214560134739
159.54641594701124
157.27341989669867
157.43843083544087
158.63657283733673
156.43895582226784
153.34961638915226
152.71081814768422
153.8224425804717
152.38179529729612
151.14100040829308
150.6217769447329
194.81267715740165
194.40313024814267
194.37941575569778
194.68764002884777
194.768927846195
193.80964708103517
193.92560910016172
195.0708326982692
196.27400776124603
190.2841378533748
185.2908464566087
183.38055406536057
184.0844392894046
177.55354765889166
174.23034809867656
175.03525815063014
177.50260658088322
172.74641914789626
168.14015867473933
163.66624536426056
158.66116509873777
154.57794532749008
152.42178180605177
151.45211482402826
198.4020217019147
199.18774202486262
200.9065959746605
205.0507895963465
213.17031800288154
203.57358803259658
199.04727290022888
200.63382403090793
208.11369084184128
195.96810636846863
190.17348005527614
191.4551775424274
197.47521760420733
187.48136845694708
181.28580716513244
176.2016096144999
201.29079604245027
202.19395519462358
203.7143937323986
206.60072249108512
210.10480369311782
206.775214131369
204.5362436233786
205.2100115325645
207.22575120449906
201.37236522055272
197.08059077153925
196.244822866733
196.8557159343579
191.47877074843885
187.42630640921973
183.8364255307189
202.66570994998264
203.43431810894342
204.7511123708243
206.98487276551103
209.08219147802876
207.7447112952055
206.51145905880142
206.77867602544612
207.17137375318518
203.42530807247803
199.8412466018307
198.1097142467107
196.97484180961604
193.08309733722828
189.9385033127931
187.4238090941436
203.39381613644764
204.1059962635972
205.3244106032952
207.14152514637138
208.6597685010061
208.1944352082308
207.51649352355886
207.58219023501377
207.40275746180714
204.57255351427466
201.39613558528347
199.23366148691733
197.3259710114087
194.08316215307877
191.32486959954642
189.31820683525578
164.89939822871116
164.963168234489
165.03518725228426
165.22521867435893
164.07246885906153
158.31066930052376
151.87592681024546
146.53320370759764
142.51757274763352
135.2018602840068
130.06498536459358
128.38078103702998
128.6615798898794
126.05380132184474
125.33170197143674
124.34971353772721
164.8565768371376
164.93528235126556
165.00972345205756
165.43498339771722
164.73083945032374
158.36534012933546
151.73453343258723
146.57104298536134
143.16302603326383
135.16903357501164
129.77655083510942
128.18911902282971
128.95674729657475
125.64819884860115
125.05588943303857
123.64831607224858
164.7870069950949
164.88994394685267
164.93974293023942
165.6201057914035
165.60223512524365
158.34966985198105
151.49538212974312
146.55322349387635
144.06425442115682
135.1055026342191
129.4337316418294
127.93303482085402
129.43613673411454
125.08051614171559
124.71615482172085
122.22398381379026
164.68176592467123
164.7914687819868
165.20164323967614
168.99047516181616
180.7257711887784
160.78506672289726
151.47407124653685
149.26402403529568
161.3969789708474
136.7701694402797
127.78014967386427
128.36017974525154
143.01039818865493
125.9302980746973
123.98215717514775
115.8139850058619
173.16591767948043
172.58831641758584
171.5348410831389
168.60285404403584
165.01957184826097
163.7397007265577
164.6196662359536
177.54686290839035
290.4600045664393
167.33513257492478
150.11127925184496
157.6803415096376
293.61863439014775
143.54706119584563
124.17499524445444
132.00429965703051
253.42311035666106
131.29807474646475
119.44222682315326
101.14218201987828
86.86410410614856
80.81871769229629
80.50694406721396
80.87031183500771
173.7452979687047
173.19368882643303
172.5520588352479
170.50082846060315
166.83473622449844
161.50884692002722
159.91611939138264
160.2448671064258
165.26899761575248
150.34848298257828
141.41552098793278
136.68446207155736
140.0256287440682
122.09167795744449
113.98633820569218
111.97316279888874
118.04220215410729
104.43599450259562
95.29549122625043
85.56949472625519
82.04869385701565
80.39874609755887
81.02342928502124
81.49253496987093
174.77222301708167
173.84206950350662
173.20516090689705
171.59045810944338
168.92715570656247
162.39967439329527
157.7419794227371
154.60302813430624
151.3846663553937
143.45578355938085
135.74630491719154
129.04159590911993
123.18295436117558
113.72984714320013
106.33829596225381
101.62952785245022
98.61054136497323
91.54350861123771
85.07397800502672
81.61447682383987
81.87002882773083
80.82860824819028
81.9002987272368
82.8844116141775
178.17355532689768
176.16913116121356
175.63127787494437
176.3874047690099
181.82776809933665
164.9947833861233
157.49991687472178
153.75604233550692
153.981587465852
141.12963513135892
132.59703480374537
126.45619124087709
124.02952813687244
110.3698065594584
101.29194919221739
96.12315883978364
96.7872998796023
85.01987906306087
79.4019149270685
79.86998493381056
94.09771639934613
85.86774859738101
86.8230115099281
88.28795659317896
197.34317342359475
196.76692790197777
195.6999092596349
191.33348872720995
184.14753828988543
178.9528038764891
178.2148553221464
186.87354353466688
271.6515503599555
171.98419600606957
157.85563899373187
157.668284332266
206.0312792531335
143.23363853145452
130.34262943872503
127.71767222804588
168.9026849463565
110.91205372791357
97.46838312369806
95.79677823869
146.59524367468018
84.5944269684221
75.47484731548185
84.32639353775109
190.65420939385098
98.44797770775476
94.08272128911992
95.27568158860738
105.04485886724137
112.55115144799052
114.63893866526331
115.94349445036673
198.1278428678986
197.77197689114175
197.24576364973277
194.75354173949367
189.63394304355145
181.58485074302203
177.354323748346
175.6811652567089
177.65816000397547
163.22573379527833
154.9424574845666
149.7125701903923
147.93594936468415
134.90774591756968
125.65527789299897
118.90651913444354
115.32399142478762
101.5288901868759
91.31026936900787
84.79115173839399
83.30953402514339
72.09076489089776
68.00637529246416
71.29151582559047
86.09215627528688
83.81273664170747
87.96154874228752
97.78319147279043
109.27862870082163
115.18321462555917
116.63224684404273
117.70957810410279
199.00215609940264
198.59107488149752
198.08645144607553
196.29592427886595
192.8059862278881
184.8949351733582
178.60166423219889
173.80808171756834
169.33341124856372
161.0312473686019
153.49250300756262
146.79375336316457
140.5241548772651
131.09502177523677
122.00042710490817
113.85530607428518
106.33092438016807
95.90317298288196
86.14879310205264
78.14787104517683
72.09225622870292
65.09053730258933
62.988152714089836
67.71910048042145
76.51261523323001
82.41248093755163
90.24737328697364
100.4284170359257
112.271236465138
117.11276302665348
118.81289206178316
120.2785238191853
201.61974852971335
201.51380414850374
201.36021951402168
202.59234463599046
207.49992631135822
189.52231963492576
180.80442900059893
175.97065377787223
174.7394749751564
162.24121289115877
153.53456114115784
147.03656593087774
143.71436780077067
130.24438966834012
119.90256661767518
111.81849669331513
107.23318825943214
92.94137884888288
82.57871854359657
75.20547917635841
72.62962856755901
63.65479000392539
62.83287448401173
69.91867219089376
83.38305568074531
86.01500537844748
94.05538554747497
107.37409355205294
131.4184004021401
126.68034415861597
128.208104438049
129.18017191168312
204.09698419729543
204.45936819978863
204.9820275669686
216.20521952617747
300.96472268180776
198.62414370933763
183.18576137778132
181.79789688785857
223.18249165332202
167.08677511098054
154.47466021064565
151.14295471566132
188.5684842554807
133.4123646506701
119.0345488049636
114.25191644400238
149.8145838148271
94.23482231062198
80.65541187864925
77.53171906591585
115.0240887417802
69.40779022458479
66.81590757364754
77.02479697088192
133.764230415516
93.90218222459175
98.310605096796
120.2470721695499
235.78295571340342
146.1614721100129
143.15228835931376
141.10331057743332
203.46527317040406
203.36036000176912
203.20136990223855
204.04241393623934
207.7965081548993
190.5889187360721
181.50197401644718
176.15067386617233
174.23668468820486
162.14192341902356
153.0787099702722
145.94816862074262
141.90733295053812
127.59841057619293
116.20646462689557
107.4607463346528
102.27382263098497
87.28692496143054
77.35591296767544
71.40882642587043
71.24419406077588
66.76912228063502
68.26931041678898
74.70305022638833
86.6112310429505
89.35626669678379
97.86030895909524
111.81326534943771
135.44329005703395
132.20277977098192
133.76145203409524
134.8103869473476
203.68317195200723
203.4264082742093
203.09294245274032
201.86291289867148
198.88476880237673
188.5650814610439
180.75796839268503
174.71801732158391
169.08506111138607
160.91426072544436
152.50624635899257
144.43964801350975
136.6535794241296
125.95595571119225
114.9281503049254
104.97845228703675
96.09488970361735
84.66385619914773
75.5017208958449
70.0935385889675
68.2265994361516
67.89098389900728
70.41147496575661
75.94434293253242
83.74131491732852
90.19905069786184
99.38889621492284
112.43770244964492
128.05136272255706
132.27911023840988
134.07475012845472
135.54804437594075
205.95001541948778
205.84661679263482
205.67837164779198
206.85221041186668
211.63493048553113
191.87322085181054
182.03483492849776
176.28203506521297
173.42582332785867
162.2728009258477
153.23688911903602
145.76880776659755
140.91405236896662
126.97179613196154
115.40799727897438
106.07058417873021
100.30948742842337
85.73265490839997
76.68403570447926
72.09305163886442
74.70188103928345
71.98671492845698
74.34529269421364
80.15549949600616
91.11885599362482
94.78305845677757
104.00939437315166
120.30583304375064
147.15760533026963
142.38610871861016
144.08613810143
145.14215732583202
209.04561958021392
209.44486003742094
210.02942645582283
222.43080490132468
306.9327779575652
202.3470058852507
184.67239325503084
181.60452149916878
210.33169360380472
166.95605701352903
155.09859069788206
150.8089815426642
180.13793303256523
132.10920823177293
117.68404710016726
112.49616267612532
145.63230903078176
92.72455402935857
80.71433902615159
79.97153927887668
114.24099571520104
80.14230414446199
79.00063030900722
87.35451397029954
129.8553418547052
102.91526710495218
110.20405970871197
136.8397305437613
247.32850783571857
164.31703533771164
161.19543721328097
159.0676073752084
208.7948362682963
208.6879233301047
208.5165329719213
209.61640409079445
214.08134428712242
194.75126516079908
184.58913806188815
178.32439075728243
175.22859228698078
163.9035063056237
154.91837876853504
147.42358591349245
142.71417364755848
129.06889739939544
118.02488915536232
109.80847526676523
105.21908943572097
91.46253013410771
83.62157826655934
80.3874012447464
83.39996843122633
80.79209509266296
82.37806420352747
87.63959291314556
97.62817745175224
101.39828097997916
111.85370142526094
128.67433884184462
154.71752182362545
150.54857162649918
152.19661787808272
153.23723111502994
209.21185282514554
208.96184136215288
208.64365831852993
207.43643090278326
204.4376153713726
194.54490100646328
185.92309830343726
178.93088589290747
172.64023087714014
164.23945813640535
155.78628220344456
147.6458496383123
140.00254884962024
130.00775630778185
120.07870332105772
111.42864539045476
103.84155153570882
94.66587050313487
87.70904561218762
84.13394288218653
83.87778920917326
84.16919531533762
86.66367286807748
91.65519665989969
98.71192326599932
105.82693371268863
116.35573459566547
130.08965920206685
145.1131268365383
149.19660014198945
150.8421227720457
152.22001806153352
211.1157396875894
211.02634216116348
210.88800520701614
211.67387550659112
214.73313941440867
198.61444674834186
188.5339554491518
181.84740934018637
178.2571602904905
166.78826724760444
157.93871742095078
150.71382806719785
145.74985052487006
133.44161940670767
123.87040544657981
116.3643094459014
111.65067834881242
100.56970474002863
93.46008924558082
90.04773215150891
91.91932244456524
89.5968171104954
91.91218730641734
98.0494731101056
108.95654352593859
113.14345366103497
123.02230499210405
138.0399658511651
159.06420546559139
156.0997059496925
157.37240922161166
158.20746827133053
213.49184560823102
213.84708375980208
214.3412253444401
223.84917007477534
280.0147818580185
208.25405266241674
191.9752503309536
188.1937215120681
213.3703433067858
172.6926829569241
160.98229868721964
156.49913665619502
177.08304458714886
140.3004803208277
128.78619966056647
124.2493626459631
144.6228015706647
109.68807560783954
100.40729784128665
99.41432601878543
124.42201345162879
97.9312530096401
97.77354514342474
107.49112670636823
146.68190301521284
123.86353989426127
130.72123055068832
152.40812724670923
220.7451233041979
171.11704873702655
169.0623182029902
167.6144557902462
213.16133813252688
213.09972152097262
212.9570629505328
214.5545460693818
219.22893304465364
201.21252557597518
191.3061904719346
185.45625853301115
182.86074118538784
171.11567234298505
162.66268640463687
156.01441994650324
152.05761579480273
141.1810598635793
132.49284196303054
126.08761384280497
122.50455655568983
112.49207734976716
105.92250166989545
102.48123634844394
103.72302787857272
100.51108730767879
102.4576487724279
109.0460172069587
121.10405404533057
124.007652184361
132.292570631228
145.9246644363929
166.42709547376631
161.3141533460312
162.5685540575865
163.29247296951453
213.16328734174783
213.16682126842497
213.21977555369725
214.02805967019714
213.18570782554727
197.87941471502128
190.71829663754806
186.1596603736098
181.70392691354155
173.2176901627959
165.46976859565268
158.90643930278208
152.90019218196377
145.03385169422634
137.53841908674707
130.99668930799317
125.12527009628835
118.05474106197181
112.26570011793808
108.64079070607939
107.45154373771182
106.64089929295673
108.9268302829278
114.92003645311974
123.83862627757755
127.86819544498121
133.02156777868888
145.96867682940416
162.41558796244487
161.5748282392532
161.97243180165563
162.3645166721606
213.02866831192523
212.92869764674003
212.67044551928012
211.1888563967729
205.45756479495336
194.93206313921928
192.26233409002134
191.1406104989634
192.93228767036183
179.00681496090465
170.45161841841758
164.8653131462174
161.64224823848247
151.66277494409408
144.01019742211054
138.02668667533595
134.4524935537072
125.89955686390611
120.51697909913293
117.93981676830224
119.79284927820888
116.46397392941601
118.59889902549547
126.5890749028492
142.07777980562847
138.09316265129615
140.20906166150866
148.02228138151716
159.84944440009178
161.16184973483556
161.5705415697483
161.90444874498797
199.43511915205087
195.75015645291748
195.61004461647343
202.31086774363658
236.5171544786828
190.63971143815056
177.15151729313047
174.35476525913367
190.86843321474873
161.74028603569005
151.75851800920267
148.18000502494732
161.93013817510942
137.3479522775007
130.7217467983124
131.84047096872237
152.86515181625086
131.09276414752443
130.5279935228845
145.47394422475222
184.75153685997745
154.83269731408134
152.28791372138215
153.49418220081057
196.49362565532624
195.33971280786562
195.11709396215716
196.43707447318587
201.53655656039297
188.02495782389113
181.09272338732666
177.35253709662288
176.20913835349933
166.77434929709096
159.34543742667864
153.83058494621955
152.14048289787092
144.51071469481383
140.8551586943756
140.66577850247634
144.1676015603024
139.68015347958558
138.70062857258975
144.4714969977539
157.8511468600289
150.3596378896821
150.71322305602135
151.33972715529242
195.8680514387871
195.45369168485
195.5116753160511
196.8214181598152
198.74666065738955
189.338856650067
186.36602226997013
184.9601872530593
183.41562150371522
176.68935015004604
169.9320846197872
165.1951058465844
162.74447724340507
156.97567394520914
154.24027113057195
154.4514351622403
156.28820697796877
153.09606771143734
148.8379148161477
149.0009878272651
156.39415941090647
151.82719298364316
151.2772469582665
151.2568924680008
195.7392443264693
195.59957636073554
195.89779226871323
197.6842760158923
198.48978215789586
194.30769444320083
193.9251622901145
196.01556701179382
201.44461267694712
190.5823052293099
184.15953150356796
182.90098138992255
188.53867394184516
175.96614725716003
170.91553779450172
172.90400167867986
179.99493907193008
170.84093833613446
168.44574975024247
164.0477139797472
160.58484295178397
153.75948351003265
152.15647681746378
151.675458186062
201.37257623862425
200.60052952449203
201.54874737682226
210.16750330187747
232.98816060345732
208.04231572945267
199.26365074178202
204.9737359301593
221.23651115697282
198.90987938683512
187.74077305087565
193.3967884755901
204.1250695581285
189.26122182596194
185.86199578770908
181.83873164621457
202.8055013698452
202.84409817321816
203.42837874644252
207.25170330953657
214.65854355417895
206.56470446696707
202.75546034560736
204.0525417170699
210.00165660679
198.96120138346976
192.93275119956874
193.471978264199
197.77957456939495
189.02332797148705
188.2427856883317
186.66227395105267
203.17162390619944
203.42406086548186
204.22393205834967
207.99044452709717
213.5984383068517
207.66324337265732
204.36905577282582
205.57661341646173
209.34378670655454
200.49815489424262
194.58299765821326
194.7883486822635
197.3227698151961
190.37939283028223
189.08315656873472
187.90959410466672
203.4926157048128
203.87575774983154
204.88970707982952
208.42897640410447
212.8348339036236
208.41574059294922
205.65286599300853
206.62666959014314
208.93147907251296
201.58299052153595
195.98527534310222
195.7365000159198
197.05033672612495
191.3379993604695
189.74093506999435
188.68139293885608
