11662.959344567731
11825.907289807397
11971.329563070698
11961.781820724389
12017.326238230784
12032.715768119157
12134.026565927621
12212.288494156272
12370.900777729932
12488.663758515406
12654.85578864337
12749.662098813254
12868.068551542534
12839.885413296148
12758.347727459566
12678.031365108394
11517.577135583011
11764.131191291766
12013.673190078842
11941.018747289114
12037.292788408677
12010.890412832438
12158.105973394755
12199.933557123979
12404.419609646302
12484.215907593785
12693.657260598475
12755.318049997191
12931.061939236324
12847.900261228864
12722.604493871062
12606.97170019926
11202.816418977593
11596.971911810724
12137.969856117414
11873.926982854218
12105.868071962626
11946.820403277738
12236.60771658867
12147.747799242105
12495.646984487867
12441.676026268264
12783.279103865647
12727.07222875272
13068.913032020837
12839.455371080383
12637.375346901186
12461.273511441183
10561.780222355153
10959.004843310684
11305.32977136106
11550.006048585159
11487.197437058603
11654.977633512775
11637.84475580933
11868.435705823773
11904.183929603
12178.096090057199
12231.23520645051
12489.734581916853
12510.477495279694
12721.96198508509
12398.81823351738
12182.866834495602
9113.976471664273
9231.53444986638
9375.855577147166
9546.429563839898
9941.201693930067
10366.93644912746
10825.21539349272
10845.380270051704
11015.296730300928
11006.203866663456
11181.3600775832
11218.076507052003
11459.874780441298
11555.768399597555
11820.304210046721
11905.834285046996
12134.718077642081
12095.568452924263
11975.549592376798
11883.673406550584
11907.337518720256
11968.277475732737
12003.007707054177
12021.188429762196
9007.27334511865
9159.232646355327
9325.752720520995
9328.579137779427
9531.687539695482
9765.89916575299
10084.426939102781
10326.77714934989
10362.028339817329
10516.817771778273
10548.857296135344
10740.708285252802
10840.298450937786
11098.696240191097
11239.535872792781
11493.70561766969
11591.284271602835
11794.029971986703
11721.639424678044
11750.314316595688
11942.195135768072
12017.585047820057
12034.386630422596
12046.022823448524
8802.56911928308
9029.81577963244
9396.288721414476
9181.96740123208
9360.366266116453
9359.814060021256
9615.487698417175
9693.622089217433
9866.08228363753
9923.811061906888
10089.268831405509
10180.663323612569
10402.82596616716
10553.74501121539
10818.831336484849
10975.521579215323
11226.271760802034
11346.874282371453
11592.672408751765
11698.887054711342
12092.023564381596
12091.46193736513
12066.85615205911
12077.714510712816
8435.388407514101
8577.467486104677
8759.770217345174
8883.831256306388
8817.337698888748
8954.751647292029
9012.418417432715
9192.36684594489
9274.978425244577
9452.225218157777
9552.86267716345
9755.59907701254
9900.186717677685
10149.157059792899
10328.115097305554
10595.196663474564
10771.048679224203
11048.761468702029
11234.002534448333
11578.632839363696
11791.925540917511
12146.295415900968
12064.075421825843
12123.638196185198
8687.805049634526
8648.518954254583
8542.013722741418
8304.560581227064
8189.8098127454805
8211.010274101161
8405.560314817594
8295.309515628333
8356.335223890072
8346.49383953929
8497.490939164145
8582.714538047887
8767.617597760278
8885.307042039356
9091.807634188302
9240.101744714946
9479.388783931798
9664.96770164726
9936.33783772564
10140.392307441614
10430.670065522898
10647.95013782757
10982.252101504631
11241.611151884434
11637.797218742873
11826.858744245092
11966.485798750935
12223.46822965882
12627.460194009718
12950.638342278446
13113.17854886533
13195.63936705438
8731.728223680522
8732.716632865311
8683.073155741187
8339.047074421402
8088.955869089056
7869.469283035807
7844.925055846983
7847.108892001955
7745.992623027939
7817.4287095878635
7864.1670155275415
8035.788297696618
8154.388689315759
8366.210035485441
8525.676284819132
8770.01158555196
8962.625831760775
9241.407303639784
9464.032944884444
9770.422265574796
10015.147898275089
10352.057666862705
10629.995747884408
11033.983234848278
11351.118080974138
11779.457620711442
12015.480048721143
12383.078489533948
12859.260143618727
13128.03487177893
13232.499870563872
13284.310482408413
8742.613883768352
8813.29146395903
8962.465132053936
8412.3949998712
8152.852954851378
7701.548608858996
7539.1226494687
7311.1544617480295
7252.941394524794
7189.330069278306
7290.819170847302
7375.793721956533
7569.700079698518
7724.135067664244
7973.025437631457
8177.8358553532735
8469.210195910711
8713.936226054164
9041.703812152946
9318.753353188467
9678.80471843708
9986.029904411214
10389.011892327864
10739.254856075482
11203.438506959927
11592.859745222162
12126.834795784142
12533.92865116829
13160.92294460346
13326.210963506977
13367.863153980166
13387.426106900573
8599.16467485884
8608.530657260919
8591.216242228174
8376.855811200894
7861.8572598133105
7503.93320648745
7103.424456360915
6890.146512320259
6680.7321161889395
6641.634043720669
6624.601154655303
6753.0521750474545
6869.472376908986
7093.770592001515
7293.401598189566
7593.475057683619
7860.619209197441
8216.288403894077
8529.586422580978
8926.136197716141
9274.604082812548
9705.325577587164
10080.83824456576
10545.435845498372
10961.941550752143
11499.603682429544
11978.57128934454
12599.505916089824
13046.643229426822
13548.05045994244
13487.734599966403
13469.194483243284
8473.087451892297
8495.042006152664
8546.864815369985
8073.687918128056
7664.005564664326
7117.629241447738
6743.538046159651
6376.237864392424
6181.452230377931
6015.080686835308
6011.8958958282465
6037.981605864078
6198.464902120082
6357.389652134821
6635.68632941518
6907.061437829883
7285.568059016826
7636.221623283362
8073.753686311819
8471.581887551476
8945.948356706233
9366.54137887059
9851.673988573688
10281.865804089799
10803.205146916123
11288.564960046642
11907.693707860753
12448.825268334544
13075.34057731626
13367.748547863854
13434.92287590415
13462.816282389997
8296.363126931523
8273.948528134435
8211.033131129234
7919.359990367643
7311.906590254877
6810.819535670023
6278.871990139007
5931.600802539391
5611.295151312015
5448.855816851723
5326.818578544136
5368.822185835605
5441.6997656737585
5655.058941300588
5887.566508675649
6259.659063810073
6635.131634689185
7116.8564450478725
7564.507103419435
8092.004952705763
8568.250076271694
9103.456819754749
9569.319981837525
10091.48923210118
10568.9174312769
11153.468827014745
11717.46472990623
12416.611712767732
12952.009162908686
13478.421471351521
13480.721987365063
13493.819744070594
8160.693131722946
8154.324268014342
8161.20049762957
7624.163240899244
7081.534665993754
6393.998148367275
5890.241399729339
5423.27774411066
5111.806936734319
4829.499637858588
4701.946351112627
4635.90421049963
4736.15527013777
4878.8998431923865
5185.908712357595
5539.114985145888
6045.58557561325
6548.362185567614
7134.814228321722
7671.193328195846
8266.648323126432
8796.68581284545
9357.963239487732
9849.58161805014
10407.956117176067
10939.351424033915
11621.149920266982
12270.645012684847
12989.789145290582
13352.47769127381
13450.078822444515
13496.536607271419
7991.848867455273
7948.650471806414
7853.715711371017
7483.889023110336
6749.868699011041
6105.514131339328
5465.083428958413
5014.226689585482
4585.958365133596
4291.135528121427
4038.1456356149133
3971.3862681227947
3984.710009211838
4175.764816909259
4443.019504780074
4909.6689527348735
5429.0106082146285
6074.57669867807
6679.029221476993
7337.7034486954
7932.109375999873
8564.165023875375
9110.362117152492
9684.421826325724
10209.566695365034
10828.389829638967
11459.97846257244
12262.62044369513
12899.287438243566
13475.272247660247
13503.844254604277
13532.119479728453
7865.0559136961965
7839.9076235015145
7814.5422858624615
7238.808746429764
6598.835647095543
5802.289860161372
5190.833957685484
4617.535485128704
4176.501028249978
3753.532773253613
3470.15979866519
3290.849693901624
3331.91881463616
3476.5780229411475
3842.197045917398
4311.336155903271
4953.965818673509
5609.704451315562
6335.042765026686
6992.533350132814
7687.605894132215
8308.63839850442
8941.742496011108
9498.499414882428
10107.53678361667
10694.445983563126
11434.21534263266
12164.959491921043
12943.00933844606
13346.74990644785
13460.868337119588
13517.808862354745
7710.475495697617
7658.501417812784
7552.121480175832
7161.409359331447
6400.608054417629
5685.132034110524
4953.631714160182
4380.620181072987
3815.825970999649
3364.2562738261686
2950.887343989612
2767.3746343028483
2748.369162651601
2984.0989273118316
3350.1040265462157
3920.596955886077
4551.4674349065845
5303.3395232468365
6015.1347019144005
6762.749937884455
7441.499783182778
8144.834014433186
8764.461578034114
9402.639931732365
9997.522361776882
10678.545710584565
11371.463273014155
12205.26512434595
12864.36415382784
13423.512809847376
13471.816425087667
13509.301584331732
7597.3266501840935
7567.454066286283
7529.635371366238
7001.497036076153
6375.122847288559
5574.986811964304
4887.8843598722915
4204.308613659966
3636.152304488022
3085.3958091868894
2685.151562094068
2451.078899361698
2516.3147062902763
2740.561514757756
3177.041603502754
3705.3849540900646
4385.241244828303
5082.783809179935
5848.516483176073
6560.309427535763
7304.016610839463
7982.510019719686
8672.587135721073
9299.650873125247
9980.142563562122
10642.435104675866
11424.232878820534
12156.013921436233
12889.500644091548
13276.69774350695
13387.986132536527
13445.410831650734
7467.43625277818
7424.4838707285
7337.959071629541
6995.291880414974
6300.040554485653
5604.787629634902
4839.14324962299
4190.690230492461
3552.2468866867584
3050.1290613653937
2641.5824961379103
2532.8667281438416
2618.207615274526
2910.813368282142
3276.290119369397
3793.7777495202026
4371.799596665992
5070.367173734826
5759.866362723111
6501.985282333997
7196.449062207977
7922.668897569387
8586.79217707437
9282.011532817853
9941.661369856663
10687.834254944173
11411.273759186926
12214.36565649605
12825.24545714499
13322.434889618879
13365.180143642237
13396.88651270716
7366.711081757764
7349.1015724109975
7338.036329413307
6892.5229961067935
6335.154153802216
5587.909195565783
4917.628695484058
4227.451266829341
3661.1358582673424
3156.535152722824
2902.8199198928355
2854.5898375926167
3036.2596123110798
3294.559881753814
3670.0893127384384
4071.4228759542107
4596.190215530426
5175.418480294753
5851.296478690581
6511.581712801048
7220.823597802531
7891.891152148291
8598.25991308058
9261.7387358651
9985.979887822195
10681.090522370907
11466.018941390063
12172.77343424138
12840.162472606013
13178.348142555882
13262.907038923891
13306.22166667917
7221.163402835027
7174.661885184512
7095.542923980335
6852.523993404859
6229.0740164198405
5649.732447612932
4978.583184988087
4411.4413535270205
3856.2491172263813
3510.029839041658
3344.1553947052935
3413.7756256616854
3578.537416973594
3865.0823165993393
4169.247680103029
4557.449268126063
4964.587240053844
5486.283362266928
6045.305579502991
6684.554526713206
7309.905566730102
7987.101506196294
8636.279108196935
9342.09583873954
10010.235803132773
10738.280391653183
11402.224952182587
12173.602498681748
12705.516597902255
13173.648634550827
13200.052817722377
13226.155765260108
7087.1705483562555
7017.246547087513
6890.109091187244
6584.661804697842
6057.149438922806
5541.180372876264
5140.169643633478
4644.644542690241
4274.202536978984
4009.380823051801
3976.3736314051043
4040.175732953996
4238.53449439952
4462.679555873657
4764.697645894502
5075.915684336837
5467.380300404831
5888.679476322261
6410.253402849979
6950.917607495211
7555.15432869407
8144.395232856719
8805.388725605608
9447.674328564057
10140.407652027146
10713.23147801076
11265.901570542039
11944.391064802696
12500.080768620535
12913.044577249742
13041.401274548729
13105.139677103714
6985.501422741455
6891.07230617838
6715.482799349576
6368.886731319507
5897.8184166789215
5525.724515270968
5313.737876728711
5085.3311101099425
4796.982188837372
4688.257374177842
4653.418498185529
4766.573859034014
4908.397178191907
5131.30014389493
5361.396315464291
5667.4010559875205
5993.106301413889
6408.59590549088
6852.091422630663
7374.613647505998
7887.670619089994
8463.684860578864
9033.75411817239
9698.321778712641
10285.49006589394
10850.923824591304
11201.554424256965
11738.262912981161
12299.327297676238
12721.80350315227
12910.051304600594
13004.860612852306
5777.8419170497455
5651.955633336507
5672.711618835068
5531.44029693433
5443.837253244781
5363.458138317091
5429.10502842873
5504.52347081039
5662.610358517911
5813.996245918177
6036.808598316855
6279.3050516350395
6614.1118488382235
6978.900253002222
7430.016583566883
7873.881147591867
8372.697656984152
8844.586583990853
9396.796678949517
9942.102193999983
10511.447190520003
10886.85880666262
11112.23401839178
11448.963924342197
5768.610525855943
5770.344157931974
5849.931570822205
5962.373993145463
5947.257192191564
6079.40635021418
6190.870743115774
6335.459636323375
6436.5592094713475
6598.201473659977
6750.135053734642
7003.675671678828
7290.9289319421905
7680.851191609315
8076.050447236866
8519.76422946709
8916.730041652178
9349.03553148336
9720.432379285481
10232.850152184898
10617.017242244865
10973.887090244996
11065.760527746237
11235.665694844074
5825.670850537502
5874.551139604845
5986.521813034988
6179.574138523461
6401.098774613062
6715.01806603962
7030.14095433506
7158.504797045815
7310.283711739132
7422.765079365137
7615.466935545955
7823.906512448912
8147.795380775102
8477.490365151656
8875.956334561339
9217.194523560247
9583.22834161472
9844.197479164573
10050.234945197202
10369.191694452376
10643.415906373059
10881.971689660377
10980.91774359516
11086.59010810448
5904.902353938695
5996.484488965001
6194.522781330332
6561.93089280145
7050.276042864504
7458.283710818541
7777.463653351326
8004.912035346507
8134.4038263167
8327.75857982924
8512.266908874011
8802.894667499886
9066.303714335867
9408.141308458458
9677.797983824834
9988.146726212717
10222.028187789376
10443.356377239648
10503.490447245242
10657.365683618526
10772.672075778715
10886.695375604366
10950.504447523432
11018.711907343626
7784.74105109491
8125.817513079331
8442.067922592973
8649.077727550559
8867.391712314267
9065.792920369198
9353.70848812305
9629.593088907157
9937.84737923054
10180.986122900069
10412.425957776259
10591.815676765085
10770.066596057215
10842.933292165144
10839.809119342463
10901.31081836405
8281.153909423583
8518.349531754799
8764.426950515079
9047.808023347805
9265.7043009766
9558.625832863347
9834.645751943062
10183.087933650408
10436.882362877574
10695.581790649483
10825.817185056703
10979.784753391259
11043.841281652618
11087.013372688754
11036.880416866814
11040.336446798947
8524.51228430241
8691.373852829525
8894.654009482878
9148.891420490147
9395.745105883498
9689.825928448843
9995.027624281047
10329.09432715021
10596.628200855024
10823.261266777572
10949.925122597977
11057.50121508486
11101.978574481223
11116.627630903517
11083.985862162055
11077.176582192089
8655.879392497103
8793.529085875045
8980.993286967667
9219.91664898309
9476.562152856379
9773.549498142502
10089.579845977194
10416.906850918085
10686.269359340284
10896.298474806972
11017.567828803974
11100.325218377802
11131.505085602814
11133.683673174066
11107.14225003585
11095.369048616125
14092.422528197165
14328.160529343115
14330.354293293369
12778.454731877104
13403.139275082516
12707.721988736823
13835.75070798331
13171.800107551917
14176.75969458875
13341.091366539322
14022.43203834729
13414.210819226533
14421.839214229798
13492.483892166676
13360.22545054622
13319.626111196052
13920.957745560974
14335.857166127753
14598.06680200252
12547.725776611604
13565.464140658645
12498.299851386273
14090.379599174268
12958.028825002253
14428.043530755996
13145.209543972036
14179.198528267803
13226.54071516165
14654.460297510288
13339.73241371316
13304.08823902837
13290.592388005307
13487.938366733373
14175.996257530907
14984.661268263622
12177.740333283742
13845.680164787917
12166.648481817369
14521.270716706975
12585.052417361272
14837.931076651346
12804.9988995763
14438.40414156125
12919.304234056
15018.432470501255
13102.317255363776
13279.600665575297
13277.038299933476
11539.028932136873
11755.958367308618
11583.779132478416
12795.64800910243
11628.507421075772
12696.752836640628
11932.594062865383
13386.443008576078
12228.812982053358
13572.690103971523
12363.927240709134
13518.08837675057
12700.20175684884
14395.81102862119
13824.59855449457
13286.1813885377
10978.344195629747
11038.241175035655
10925.099243013543
10123.159594870642
10755.6769934293
11353.370147768755
11997.350342219623
10923.669515534984
11726.710996459518
11033.739455928973
12174.74784928852
11388.522096793564
12493.774685946366
11688.974717768919
12501.496055760974
11920.421961170225
12939.606665316449
12194.02073119595
12399.347595836563
12308.456576963903
12770.244683688215
12519.391536078847
12477.92660566817
12483.89202279915
10921.446979482433
11111.887170223996
11189.1967231852
9761.136196551764
10227.500195546287
9880.259342649768
10098.48152345593
10899.749354042877
10313.429890318645
10979.08541876648
10553.241248620194
11410.013515074485
10857.22722911686
11734.715170768022
11181.423853532495
11962.769714622691
11567.665846089192
12563.663461236705
12404.41815159324
12068.98594792667
13048.22636954249
12448.809363884278
12454.548823838315
12491.624453392931
10603.468616471575
11056.356023798246
11644.95070213337
9408.928376931724
10434.895133418715
9362.05113523491
10127.413844891655
9623.891879149329
10194.216397718112
9810.430615807809
10360.882270289447
10057.036926865852
10668.065024535093
10428.273751709328
11101.769194463395
10864.500590016025
11598.535169814118
11307.297863063417
12333.147102520257
11759.764685186572
13451.921458307435
12264.731318088268
12457.49914514994
12556.47052377318
9199.741128626498
9196.552698356838
9005.109501240948
9838.35442806816
8888.184941771304
9485.592991284457
8946.347477226182
9477.837744804488
9148.929126419656
9653.525494751337
9399.421500175815
9920.506220161371
9740.947384468991
10317.092378539355
10177.696882618337
10809.863787384964
10645.553501109647
11381.276668406726
11188.946887997381
12225.08069203165
11886.177365975
13441.242621477604
13072.98252703181
12880.708736048467
10477.073342360081
10385.485746817774
10133.002150450653
8966.574973703306
8909.421346224943
8995.175571969774
9431.610165400463
8377.327379460496
8887.988084439541
8303.01012430102
8780.240534074763
8464.186781514116
8947.271748806485
8734.172099710153
9219.509437636227
9071.958811825398
9595.942403649206
9495.74569662969
10075.828774035723
9983.736832315393
10619.163336154226
10517.996257314262
11325.897861652444
11187.739180744611
12245.154257100634
11857.087965474655
12195.775306961556
12551.702356717802
13454.421732609977
13511.487482864597
13532.012284893317
13559.15890458023
10601.250332245967
10625.20962408749
10533.660361552113
8852.245276257148
8781.776047044084
7964.540215615123
7880.688210257397
8361.652257713231
7715.31234102248
8131.2904171360415
7763.434778585616
8221.919188481434
8016.913322279466
8502.214307880939
8367.905440920093
8879.309885257448
8797.205656201622
9348.65906205087
9301.195799782865
9902.535734174773
9858.370611096892
10532.25642480397
10501.132279035975
11356.073464336794
11286.035629711938
12395.797617311977
12540.756312276531
12681.8827324446
13880.357398849537
13522.917354253628
13548.0576671962
13594.792226563672
10553.634724808213
10773.557739808031
11084.214932969962
8627.53006438286
9091.743418382806
7726.207952127066
8004.881013220222
7282.329314246009
7537.330688141872
7103.551473295115
7489.972038217908
7256.856144295248
7724.213070372997
7587.348008264959
8122.540106806425
8040.031643707762
8602.888519763063
8567.187766195071
9167.511755101492
9164.086709475552
9806.6007008814
9828.83029048345
10546.111239368784
10596.536516082959
11456.775462491372
11507.007917381161
12672.972364158912
12525.765985497803
14318.461854912775
13397.586117156752
13579.925249632706
13699.218547801634
9235.427222990409
9076.251804070163
8812.924704252513
9299.77153357347
7947.892754156119
7979.236719389639
7083.321492689482
7168.092619444854
6611.020360876905
6834.322506083267
6525.15859854746
6910.700380974851
6749.714279982613
7234.010551261074
7170.0305512179
7742.475903853517
7731.260182214297
8349.906337402415
8387.671986350068
9044.50470984807
9116.712793168186
9814.077239139344
9915.04190190276
10672.527741928003
10807.044724412255
11729.553845189319
11882.393054391325
13099.757114235605
13083.043614901888
14770.011977500903
14534.799552639983
14387.299268479072
9430.791828979003
9526.228108736152
9695.638639170973
8190.585319800053
8189.975740008569
7114.058152826937
7028.475603337289
6317.17892725205
6370.787736479859
5932.8376125521345
6177.841947023287
5941.583363285638
6350.048352609159
6250.591702294858
6790.48350321229
6801.883999686611
7429.687806794286
7519.684086978835
8199.058599162767
8333.41353529435
9042.204985830376
9204.943437409798
9924.263298972633
10105.10107681119
10904.971780168082
11126.779425722398
12146.22034805566
12358.378970143023
13637.871546573635
13358.645537627459
13590.028122548885
13733.038491556134
8734.442542154573
8581.08040604773
8339.815413910443
8597.03903507555
7356.115972127145
7161.615200013452
6233.768330356939
6127.434869635498
5541.841150951902
5604.6388936967915
5252.348580526133
5527.157435974346
5358.694786143703
5814.435982207527
5809.03085348495
6434.602627657089
6553.350626136977
7271.470125052918
7454.650577098187
8206.090371276845
8424.75939668533
9177.57858913377
9394.509530519268
10139.993069400234
10382.848696417139
11260.268086941427
11572.841938326816
12737.921791257832
12909.592881996345
14319.958514862074
14202.724185715184
14140.094048775547
9138.088830599561
9246.875830250237
9444.859227660403
7820.040703243408
7711.295389127019
6428.4178674197865
6105.907412756821
5359.9075083384105
5259.882491044585
4765.354537539744
4866.848602249079
4578.931664056133
4903.17862758321
4820.882306144063
5390.7684944221555
5497.640928428325
6261.487416823898
6493.180935675377
7282.395009457922
7561.182991394758
8361.300104589716
8648.076993336399
9385.191856892967
9659.163180134965
10435.82206183152
10749.458392157607
11893.951696183556
12235.511021084963
13655.830109725324
13400.493983912838
13643.175583184504
13789.02591546591
8478.393749662644
8321.662678858445
8062.614383262274
8310.02043727467
6868.302560482087
6517.6487639071765
5412.694805311223
5170.2059070213045
4528.102520289566
4435.722638899911
4001.659825880686
4149.015274626344
3952.3451345955714
4365.851815240055
4426.28586403661
5141.656717082946
5410.934270182466
6283.000912627254
6608.097161359401
7454.528940245618
7809.4462222866105
8628.642491493194
8937.115606780248
9688.224831569218
10010.198021548951
10871.347911965866
11340.663855665143
12692.430448261779
12935.427366808155
14497.374629094824
14340.237227679349
14254.556845814557
8724.006813604388
8804.86778946714
8954.305485945735
7417.6156043317005
7150.105026299749
5819.140099878598
5362.648449497219
4557.156252667969
4311.415484649712
3717.1538523687336
3651.519169971989
3282.021217620633
3530.376080892397
3478.658225457856
4079.7072776411037
4324.473573477782
5185.452492493543
5590.72349749976
6477.936525398696
6901.931924132777
7762.574706196218
8168.130021919365
8946.186211254042
9307.64993317883
10097.035269128457
10490.087046316985
11627.112525949231
12103.600268037386
13472.431760840676
13341.345653098137
13581.220097011703
13728.691809618427
8034.806866731205
7899.414259770117
7676.421743688582
7799.049142640579
6461.611935262168
5994.459843664666
4882.26467881887
4504.583594386499
3765.316387543735
3509.8503893606708
2951.807009834731
2969.0115335256787
2772.6501405653457
3207.4210076314153
3385.0703546103177
4157.6494653195205
4564.671826786774
5502.443018808478
5966.672551353642
6862.847932586394
7329.488731232462
8184.329775428605
8595.39047825007
9381.471349015677
9791.46348927017
10671.52488129801
11212.93015685896
12476.577796123818
12814.16089901424
14124.572859449643
14013.266198005496
13960.248623182151
8071.577391306126
8088.440421574963
8136.0093702718705
7019.522124277786
6638.115173067864
5514.471289949914
5011.49162086468
4128.632676340079
3750.413342852084
3061.200731161583
2860.617092530423
2480.7999704839954
2730.6246096357495
2787.9593984345543
3391.8626637038205
3733.0463378980703
4568.570397009665
5064.642269082161
5966.463325724099
6478.414727480286
7355.1080882333645
7843.896325442022
8661.291058595336
9109.263918567554
9943.352633845538
10427.72016755002
11440.76003436394
11971.163537397899
13062.888172881254
13100.928109876124
13293.674849237046
13420.203984707543
7614.583528639107
7504.456052283302
7325.438265688808
7330.134970231473
6260.516105413275
5760.202292673304
4755.837930157338
4283.7754608987
3487.519145452926
3175.2213254627277
2648.874399259712
2720.9611393862237
2662.696754014665
3111.4205295161873
3311.5747771651986
3968.2712522320267
4371.035587046927
5202.646369607029
5703.863325827857
6570.412373670287
7081.805452345473
7933.627836483047
8417.794276875069
9241.658902142965
9731.158621100814
10647.22469945349
11192.617171369136
12252.764898720294
12644.051958914084
13613.785167091331
13577.93920828421
13568.798856171881
7756.5407998833925
7798.501019960191
7877.229033474306
6898.1359152356035
6555.514358578043
5524.046499928859
5020.5178342308345
4146.936216050708
3748.4800685340847
3114.75035725384
3038.725389525029
2870.9626799877337
3200.2424444565427
3317.475383670872
3820.4081854507886
4071.9845247954236
4717.43965659399
5137.847265190444
5918.42399474722
6416.8398608196385
7232.116134113551
7743.78728227742
8559.998372588472
9065.098861326356
9922.648022589368
10457.110387162964
11431.782081161951
11960.763140190878
12934.642795619975
12964.956743912508
13129.33799086807
13232.204290435426
7267.3205444061905
7175.854480692981
7043.717359055033
7248.483563580083
6181.057223979519
5818.725293792809
4905.691618472824
4498.801027260347
3791.1611100137025
3595.7085546713247
3316.89942199305
3533.5666520737295
3578.8754709681593
3984.033425789229
4158.732516719742
4653.439087677754
4927.907705546819
5551.487268749339
5963.531468535391
6697.416544223653
7177.03092584573
7955.890449449285
8457.1884743576
9277.156854721894
9796.07658516719
10668.661530155765
11154.434177789128
12204.287118327245
12486.108876616838
13536.972000881624
13489.826010132641
13464.296720035447
7164.386666119704
7115.66027567611
7065.720345465067
7040.472485192662
6238.650198903779
5714.002854083671
5268.076946444034
4592.906791978858
4361.626042600171
3954.5498575159854
4048.4206046447757
4006.937607874536
4315.4662428905485
4429.131874234013
4821.163009706363
5020.464933444471
5497.178132777455
5803.352183958262
6407.426025100958
6825.121522414908
7513.098598438398
7975.008942869847
8743.055108434159
9252.104483531148
10070.061843630812
10451.807598369804
11027.612585445911
12022.72074137227
12524.686880906449
13307.954906272156
13382.243267659984
13408.140166251475
7115.883740174126
7076.395524260852
7025.551507278274
6823.092239955292
6089.784370246792
5545.3468245837885
5252.455747632326
5201.818062823493
4753.331115032898
4755.586482496504
4591.03098331963
4814.492257600551
4850.266372290531
5165.939896663609
5288.325505183717
5676.126825481331
5895.49072159789
6388.91044509173
6724.01275974201
7324.612370049851
7722.356137132531
8387.51473683123
8844.29996434348
9624.420150716465
10078.548067578497
10770.659825578781
11004.48254520532
11791.42824798966
12470.400716282753
13124.260152220506
13260.874907704478
13325.21307685423
5948.850180781187
5796.390842363298
5831.852727091721
5501.870237981103
5517.881156217802
5294.501928771229
5452.443087335815
5423.908238742415
5670.644064711032
5724.853173208544
6022.291543059639
6167.935703999261
6573.28326457642
6839.252950316674
7362.204395514624
7703.777227309693
8277.925897436342
8647.597378197863
9295.980662620954
9738.101095338157
10403.141639030431
10605.772609905665
10809.434333442605
11277.759841052737
5822.097612519473
5770.875836105695
5736.329385179535
6044.808331699334
5842.9011000301625
6082.324061972514
6092.529601007341
6320.803280630547
6332.046049614812
6566.461654872232
6621.423890120514
6942.043592486324
7136.313544338723
7588.857831469385
7898.432390481375
8405.504303694306
8712.874408838034
9207.798597976085
9467.53141159023
10083.466329280162
10341.91548928882
10879.574484232351
10892.29679043884
11025.81826081704
5825.34681784135
5821.218317872967
5852.637000370431
6125.6584641585705
6275.35787164495
6752.137929546744
7000.679527025584
7048.811638772455
7260.144061620522
7297.4566201299285
7560.381857337463
7694.275251647096
8067.488416571768
8321.086610021306
8748.11623032428
9009.201455243081
9419.336926107118
9579.933920931846
9770.57581955906
10188.206271463456
10441.354585771132
10805.498669499771
10855.539578080172
10924.088623318143
5866.089212880901
5904.455868034221
6036.184318369363
6532.07106780526
7155.771100003861
7583.702873962181
7652.131444027347
7944.160112172326
8015.269911323147
8247.389295814046
8407.748523858829
8729.8703357361
8937.881986471277
9298.401004630625
9475.295119091777
9806.866134502561
9982.881662927573
10211.750889363626
10300.955954820545
10595.441264855586
10693.047074971326
10820.608514314983
10849.191868965427
10889.381910076016
8036.156890184643
8244.916232625928
8346.92381471658
8525.999333193267
8756.68764152081
8925.94148298783
9237.726969140995
9501.285311835618
9783.64955814876
10015.87313129099
10191.015992284343
10350.689753175322
10507.079596827014
10527.494627842832
10590.708663016363
10783.772615613461
8416.379346578762
8503.04335415932
8549.696021358424
8879.39884067303
9074.739280823414
9360.050479080282
9636.476281756888
9950.774727338603
10199.241535443385
10414.679146248187
10526.30782583302
10646.43894443905
10710.994404459312
10691.690160918703
10700.661691518204
10770.077412500059
8497.84457842567
8562.085925316147
8632.624851588327
8933.301252501935
9175.092275972658
9452.078888040594
9755.858698315413
10065.730347462397
10325.769985283812
10526.616750212786
10634.043407361927
10726.585789390274
10777.076141710972
10731.067744355218
10718.983572590132
10750.761071946123
8547.195816075924
8606.838833261712
8696.081332798825
8979.805718008827
9239.371842993829
9527.75307711949
9838.700130183151
10157.401813197604
10415.505122656441
10614.123232541146
10709.18635913801
10789.102094366022
10815.490069546668
10762.504841371467
10736.790313196321
10748.302488113339
