17984.12954479043
18005.776096627833
17928.318006444515
17500.215515011747
17040.022105958895
16379.187648547508
15686.664348810342
14831.787011161061
14052.531201140953
13250.50443369054
12647.415857288619
12073.118808893725
11641.378154398351
11100.640266945144
10597.261614568673
10170.43175176248
17967.674310613955
18061.175441050287
18122.90413678704
17581.96080318945
17165.067758325233
16427.17871949252
15782.349566515279
14843.232353731959
14101.995212008027
13212.108335345745
12648.193429671503
11999.57935836744
11620.90574364347
10962.236820778386
10356.866699560076
9786.860318067154
17862.967753083813
18045.713787205157
18493.084148883296
17634.44499555211
17391.366124318447
16433.87764351339
15976.47379819234
14806.386543859066
14243.328084403314
13114.292918040097
12713.677134973326
11851.782358423125
11671.134886162008
10734.045615975552
9923.452749125649
9045.371522919202
17604.604206376738
17554.761029811023
17585.900720666228
17413.056151667086
16670.098618798937
16153.755242904084
15194.204096999858
14457.97331031875
13380.061479728069
12688.576146950167
11792.880814777662
11326.530585231845
10563.328296007963
10154.999514614956
8946.12926876395
7602.509595209405
19382.528691223146
19202.530022573344
18852.472568346453
18192.953549746424
17640.349693926375
17334.857507020974
17344.123732354637
16724.524698420457
16245.643070573318
15394.648064622632
14667.546225286005
13588.751682167149
12762.502901599839
11735.655361895282
11066.466126543111
10227.47165405422
9629.535994455699
8644.100363076208
7425.337768353127
5642.599765995879
3408.8127824731127
1704.7246433264618
734.2685204941844
406.3804259853327
19568.99360647546
19442.618279197213
19227.417008537508
18498.84239319044
17848.891773402982
17191.97839843303
16809.019845298608
16393.227306273086
15609.585317736906
14918.616500999924
13913.336010649204
13019.050485878188
11922.193711957607
11061.957382305853
10093.373850387556
9362.17994448511
8386.604247757445
7531.095475782559
6026.4756877436275
4102.400417764791
2245.294726227106
860.2772752853734
269.2123522826776
807.1345340861888
19792.756544760152
19695.68339107126
19785.046922777034
18809.92796646365
18239.58421880605
17301.66002064103
16745.214835762737
15954.441488464656
15267.828280316806
14331.089621523124
13456.082070307224
12365.095657529038
11403.192349870067
10304.985912912645
9396.384017670862
8343.247303366688
7408.154133453177
6164.209518739918
4886.874523286498
3057.5575641251357
1591.2918955448679
38.130119830190004
897.1641303199932
1792.8635693195795
20039.973982746083
19692.203592615308
19454.996210247504
19000.36777769332
18097.220589224104
17382.131389310045
16499.696834874536
15778.286972540423
14861.342583582156
14012.591574609309
12961.563182392745
11979.568991270864
10836.014418043223
9803.156451929795
8637.955256728377
7587.8118443791745
6355.112854265773
5165.570109685178
3638.252578258393
2236.345447109478
745.9942304011431
1554.7833205034376
2259.472332019208
3494.7907565830305
22784.927279067248
22605.785771802708
22220.87109103214
21417.29763068482
20574.166417905206
19960.428509994985
19679.308011667334
18880.37370409276
18183.512890758822
17247.019057358284
16466.519954391468
15531.786381013984
14683.256699017878
13656.728012768925
12683.042495896743
11542.178555957862
10466.9114930738
9251.196742449516
8115.11013505169
6836.475630511909
5618.547132283199
4227.550958965727
2986.135489862676
1717.7245883927017
2113.2595237312207
2978.9303662746565
4086.1271263549825
5657.099031270019
7540.50955490316
8875.964939924048
9552.680094134448
9903.901727283032
22981.201504615747
22897.011364742753
22684.36660034407
21895.771863546357
21104.1620652624
20249.268905341258
19637.79883571944
19027.55051225475
18125.248637447203
17324.074753911333
16359.895542102076
15495.456674848356
14471.137947994275
13503.209946026793
12369.664909313908
11285.424088859674
10054.389166188386
8889.125130881755
7588.664547974598
6363.156368455065
5038.575171347746
3865.843723745465
2742.2298277639484
2799.204592311288
3448.3517125100943
4727.8603293545975
5911.927350993422
7314.908257482897
8746.813214593183
9653.696005891712
10058.834025759614
10288.201855266196
23165.3833256607
23197.537933830212
23316.516627026132
22312.94040188575
21660.9836483955
20636.580274556694
19932.358451061707
19044.14895423334
18268.678524052575
17323.386316387896
16452.509959778894
15426.347374699995
14456.493546784153
13329.067391468687
12241.985286259032
11000.34088414681
9819.896697761975
8515.569994352792
7290.70112796134
5994.726139021834
4854.006399507324
3870.9773502144008
3644.693385982549
3933.239229157374
4890.402389763135
5933.245438343215
7302.791488350626
8432.566711813466
9804.614140858559
10366.942742323865
10602.287884198162
10752.234988472892
23179.779744609674
23136.051464268894
23032.127726119394
22596.532433670265
21670.181197709433
20906.10200821415
19983.812485761413
19217.01711326177
18309.95326505292
17480.738900808446
16490.696536497366
15537.494379045693
14427.653032171702
13352.958973214892
12119.448940981538
10927.751609662597
9616.859249374726
8394.688306832204
7115.872869814543
5997.129109494406
5043.073723031893
4627.47347950533
4687.930035931024
5233.554814140155
6006.016432140298
7092.040887239392
8124.30857552717
9336.610924962666
10247.768373366678
11183.412442285724
11215.398831140223
11278.54687571983
23276.222823070406
23267.050574575915
23292.194286239603
22536.86659292129
21854.516310814575
20921.275512743014
20149.485957762277
19265.65760307886
18483.50109751658
17567.620061388214
16678.694448601636
15622.06840202098
14586.335340120593
13394.201815645165
12226.627291243985
10921.2957831341
9696.094807398493
8420.420387485668
7311.981989057028
6331.596583686108
5769.876436178195
5612.161595155961
5901.232033298785
6381.261510892776
7155.745216303537
7980.546630885005
9025.57267530064
9942.161302937662
10964.116248964692
11487.128664046417
11660.24348051415
11761.507655865107
23346.840117800886
23288.67617256366
23168.837280344287
22736.22671817895
21849.83476969374
21077.302583115255
20183.225759251196
19433.26613033792
18578.659651142378
17778.745480494894
16821.336309893708
15863.359056781359
14747.974350469789
13647.68519548964
12396.582868368883
11187.974019655798
9907.647029760656
8788.661165562135
7765.105084224715
7094.276404464537
6720.41503269416
6781.463804722799
7053.759234768869
7574.714718416594
8157.863991144078
8962.02822390534
9751.434496895405
10741.06488714233
11505.583026398668
12285.357967229958
12325.424095491848
12380.838542687916
23516.304580970038
23497.840839473647
23503.40706724012
22771.007901523037
22057.707500249864
21110.686490540025
20345.78082659624
19521.795421000377
18787.18015257645
17935.566344463714
17088.7532711757
16078.601916458432
15075.354373421826
13930.693024354765
12801.339407691086
11556.24264311583
10429.675204545227
9349.63108597584
8583.076157095693
8037.012488669111
7864.363651186249
7925.71196152324
8266.006497316996
8663.967344401295
9249.923081670593
9849.522741877181
10670.136611114298
11460.622300288533
12375.283791623491
12840.353299431445
12983.860574472523
13062.631561327125
23654.992832856395
23601.823068533275
23485.37683562203
23044.422852739077
22136.939164335716
21327.657198962122
20450.55436399796
19739.65394571883
18948.53198981741
18204.05782186831
17318.3198386102
16424.162282206828
15394.37170882297
14387.991776996412
13253.996003290551
12181.981220123917
11089.393366249215
10235.1819769476
9541.436847376874
9174.390783002713
9001.313551725283
9144.643786160343
9385.442346069312
9808.16009227954
10255.534895593157
10886.807811111094
11548.467579407432
12448.881114605563
13156.246985663254
13861.080313766954
13864.616512707285
13886.757321458907
23831.97355940292
23818.429534569415
23820.780462072136
23129.44616905592
22412.65330739629
21469.620044709893
20706.15952738612
19918.205521987722
19221.740901825102
18435.367735809148
17657.167436841824
16741.4158506825
15846.039227529793
14846.845785299553
13892.429848467624
12869.491337259578
11999.392227434573
11197.055972027407
10669.152551178833
10291.457618192695
10209.850614469844
10265.020162675546
10536.024180636767
10851.429997915735
11334.90961077733
11844.313599600568
12583.939608576884
13308.215910585292
14133.384303318024
14533.173392664257
14624.302767383404
14659.404341402551
23923.09027492142
23881.699300580065
23782.73865975681
23378.31767790212
22543.38433714693
21765.036824044942
20911.726799578722
20212.071104085117
19457.84002263464
18762.49241834999
17960.200215480167
17167.910317877602
16279.50463155163
15443.844521105475
14540.37367819267
13734.507218981069
12924.624301995866
12297.560045901619
11760.007275956512
11476.707927809655
11325.698834734578
11416.332191350031
11584.940957091108
11926.632086284842
12306.978179633374
12873.311081604286
13483.791768813724
14278.477794066464
14879.039128135842
15451.395549406963
15418.863481300014
15402.104454697868
24008.602674109537
24000.907947575055
24001.570384520597
23422.605625680368
22796.588297049733
21956.707206275285
21226.63540742288
20455.373267686937
19782.286466402627
19048.16220642349
18350.77836975762
17563.684591810586
16819.293036164443
16016.839749694589
15299.111896291024
14553.876851952518
13927.113097100622
13323.887926592386
12901.49187478807
12573.913970787311
12472.296638361971
12467.48715032823
12652.471238318583
12892.591676725811
13304.183024704651
13757.545313671857
14405.455848654252
14997.976001627294
15646.53676767719
15942.379805414155
15979.83357546942
15975.937068671548
24017.714051135485
23991.474001880117
23922.704054935675
23598.255564605923
22898.825012720437
22229.28271473859
21449.160963841263
20778.516252999114
20060.1672575652
19418.088854340254
18711.12086641263
18048.865797769464
17328.940372686517
16684.072726036804
16009.45887172381
15428.509806879445
14838.215889774856
14370.658103791757
13945.815234007287
13694.487440641657
13524.018311073885
13539.492817062965
13621.646016131719
13874.885206136205
14172.93229753831
14642.548885127082
15117.568763869715
15722.174725439172
16152.511581676417
16570.1075483266
16501.837029179136
16454.770989947763
24028.89527352238
24038.34052010654
24072.505129343102
23601.146535717107
23088.160608269678
22374.429752870506
21739.060408138113
21033.360520172544
20415.104382585378
19752.164891074335
19153.97867161085
18506.12310109069
17926.47501368319
17314.420413924796
16779.55960603998
16231.447528503842
15771.853636184343
15320.65518205184
14994.54058437242
14713.952285750933
14586.150354069034
14519.703333990004
14609.17596997
14754.807488704719
15056.870349355419
15375.955497911944
15832.04889041271
16230.193888757793
16678.971164507733
16845.128283875794
16819.214265127295
16777.477313600397
23951.65637805726
23927.08966492237
23876.253137946554
23678.12186854232
23075.64231417883
22566.54737946264
21930.231105847855
21365.0927318598
20729.253956020133
20169.78730243786
19572.99291500861
19048.689409931416
18492.741151696708
18001.20342478847
17492.926626406497
17058.810288889697
16619.5852951734
16271.871410098156
15945.241422924197
15732.785293153436
15560.651908967066
15519.525078486788
15517.506668925842
15668.066645192055
15843.863317255578
16136.231357295532
16349.114618456771
16732.344998800683
16933.176188245856
17234.18824374313
17102.692399959662
17021.725280045215
23860.017911544037
23810.172465077674
23711.542882355672
23454.700849931145
22989.929551275436
22544.983047121474
22174.458774131686
21641.810283358056
21136.96641592505
20564.887877836514
20080.16672853023
19568.275844685755
19115.900126425557
18639.988174717368
18224.714316788923
17801.895760523206
17454.264656080555
17121.633394470045
16877.385259246996
16657.62110803286
16539.20489854588
16448.356857807616
16473.835108070616
16525.954720443035
16699.77936526042
16796.737256897384
16841.88126866649
16984.25605604694
17074.744602942337
17195.65591465096
17159.88939672196
17115.3962533724
23788.18421395556
23718.918214648373
23584.083188212473
23307.84093426156
22917.429364854943
22577.640008694994
22334.570838529926
22012.832742552393
21511.31260229223
21067.288862242036
20580.468372422354
20166.435957184895
19718.499019476312
19323.274240623337
18907.510338764918
18556.11687260847
18215.03836321278
17962.269517643592
17729.83137033064
17583.144572724927
17445.490550803144
17403.254437570613
17368.034867353945
17450.19096511012
17497.946381004323
17604.90784759613
17497.0231872282
17449.552047948833
17331.403013704068
17279.84106257003
17217.873415380134
17171.43467859371
22834.723110021547
22663.98091529438
22599.156666518516
22286.9970828497
21955.255993088314
21523.89140158331
21162.995511610432
20756.07050463544
20396.71162280181
19996.233135671035
19643.50104171297
19284.503314525893
19010.03802211948
18762.84147820507
18608.81031968874
18457.135816674363
18380.598617376796
18288.494019262802
18273.407860766525
18244.870579124075
18284.41497335052
18213.206547738897
18071.24230406977
17964.836064497893
22757.83268902382
22671.05318353278
22630.594657627233
22550.855130230506
22243.21606097817
22009.43803696513
21706.114667535436
21424.372511901813
21074.17699370814
20757.185526090034
20390.580125112298
20091.903100104668
19806.041696465476
19624.815376631544
19466.49719654591
19380.807133462706
19266.90151596501
19196.775423454314
19030.279820056934
18976.848994348344
18826.807441277477
18767.703146410928
18539.837446738227
18394.471461028723
22715.159641411923
22671.303514684932
22649.49119908404
22603.998308340462
22473.898593360427
22365.999150534288
22284.734980274257
22055.18212328685
21827.19589298724
21530.89325966967
21261.79761788185
20956.481150255368
20733.378996776097
20516.312739973822
20399.173385066748
20267.415202776527
20188.55150651639
20029.55290137194
19768.44325759723
19510.364912773384
19207.389096692834
18985.47741391998
18776.859901729767
18641.181098118977
22711.13397940744
22704.011907256623
22726.363176062147
22769.791918779807
22795.322532883903
22773.78229713883
22765.679591996515
22693.840744045603
22504.775830133916
22342.77652383247
22115.106389106655
21921.864849209243
21667.169684365384
21481.48509471365
21272.010547200956
21155.766228450768
21006.322892756838
20886.06203515088
20598.724586920798
20250.913523858948
19724.270889794087
19290.03812134091
18990.35366747329
18820.218931873907
23097.088444973775
23124.812170910747
23199.1804400768
23154.050948397176
23093.00764661846
22973.59812123298
22877.338212959847
22699.223548096146
22508.38040900219
22252.625995495877
22035.741159164078
21833.943731725292
21683.260064863014
21486.290716693504
21245.25271215417
20982.151594179526
23263.565137281952
23297.264927949356
23364.50106023777
23432.32860114919
23393.161123468926
23386.498556985778
23299.595957557573
23211.00468623357
22986.312650534346
22765.167789955878
22475.52698873982
22278.76154414764
22057.002897616905
21877.45788037796
21656.132364397457
21461.78897614693
23331.48586575546
23361.66251001795
23414.357593296456
23471.55839279166
23476.338778356712
23481.121140523726
23434.03229299644
23345.389084185266
23149.199103107356
22912.86950062209
22633.53195445743
22406.448152843965
22183.467845172785
21993.012319374906
21813.83084379703
21675.247757581867
23367.102275903297
23396.415765198577
23444.832790256936
23497.807105993455
23522.5432846149
23537.341266571293
23508.725474879375
23425.14983758546
23243.36068812189
23004.797812472814
22730.916279700694
22489.728120977394
22264.120651705387
22071.51994877131
21906.65843316163
21789.331954171925
22353.850562510004
22584.977614508138
22457.416126074295
19740.571871240176
20137.552451308096
18430.723713624404
19266.80378282297
17233.90094210183
17658.61091284295
15355.726250148415
15493.295524333997
13851.315638461183
14725.99104788696
12821.69985770445
12440.8866335543
12180.258032951067
22185.91418429309
22649.408376110914
22919.95360726807
19437.32424836657
20407.86250093937
18132.737208867977
19657.4042880714
16920.701078580867
18043.249462537507
15065.282755985416
15721.724828598279
13546.042489649191
15029.700499881486
12513.461750052891
12284.409663300507
11993.778205786673
21703.986046964943
22487.88957014502
23569.342985355474
18929.296003818392
20857.2279494062
17649.785182227235
20308.964811507376
16369.959824034273
18667.20223742402
14563.239537170226
16106.531344748602
13059.17775083461
15527.122309151675
12065.427536303047
12138.71668752675
11702.995373188933
19495.774104557575
19246.959917536653
18792.280193203856
20113.734343858272
17731.076025241302
18602.948077648463
16543.854371891433
17653.1154095719
14784.153391702692
15701.509394863582
12906.621576708587
13807.876858722408
11783.781113647708
13641.381735822808
12457.033898691025
10568.127361634415
22821.40069865827
22740.24362819634
22265.470618191855
20105.333163056388
19569.697323974473
19317.391595801375
19880.20840055567
17657.56141189235
18162.478720378822
16313.977423282739
17076.613954696524
14761.19304691438
15250.77977021287
12855.910898287417
13021.351714571336
11189.425321992512
11795.141217441631
9778.119894195748
9427.298772288808
6791.719737107083
4162.213219062387
1585.5706018203018
580.3725022608963
358.93042680428016
22905.3697246133
23020.640035227094
22945.202464155194
20141.108960519996
19840.8215776351
18067.07081659965
17584.140035955905
18063.40837236932
16370.26182779571
16490.87495446624
14827.815014548652
14954.148969912463
12886.27821561167
12961.351779988316
10948.518457681628
11027.279961408982
9314.750547771275
9710.785728575025
8091.086610143026
4634.274684900876
3650.30509337708
829.6960423606207
295.38534228963147
587.4632262179184
22722.95765577434
23126.841443249148
23824.34047018565
19847.100680551826
20591.325641478314
18050.93922719087
18279.702278019213
16642.13521834126
16588.67855724012
15014.979023071783
14757.138814002707
13098.188248363102
12752.766745132321
11084.32960188214
10806.77109423438
9157.06998244503
8953.653073738784
7106.86266514075
6958.789362948194
3801.1210249160927
3882.8550825730385
3.581631904259849e-11
824.2513818143775
1597.8475597552783
21467.848746650074
20939.25265469445
20426.197419255466
21090.868145602264
18884.15262521508
18893.643963561182
17140.961003300978
16988.87178497616
15482.229074403078
15163.196277994522
13609.503400927304
13145.206002085064
11544.101110343616
11037.927800112018
9417.233293122272
8934.046205266022
7199.021914422003
6681.264888809761
4527.424070722475
4191.569200169637
1405.0823633036325
3774.452313818816
3565.051074367528
4123.920797273477
26046.032714464756
25855.480498390272
25373.090116505016
23165.38411913845
22222.50206280205
21522.858754390523
21802.339519137346
19621.790795697394
19639.026305667812
17864.96752887213
17614.07485310007
16113.044895896688
15752.537555506577
14262.308586279256
13748.265500439396
12197.60634419732
11590.124200445023
9979.834495286137
9344.589639673079
7653.443077835567
6975.706944362268
5154.389443380932
4602.166066141694
2583.4321234270374
4027.5901154579133
3708.976226368175
4535.762016637906
6677.213037698135
10022.724002295208
11077.65014102445
11338.365403172202
11500.369082165074
26305.43176132183
26313.06491224575
26131.454980670296
23374.22948647493
22866.46770406162
20976.08746165074
20250.98376327069
20399.26282492571
18707.762774599403
18457.717095775603
16903.272830459213
16513.345272790702
15041.125545701048
14526.310460000946
12989.484873044734
12348.678769608798
10744.904725428472
10031.767778964184
8368.106818880733
7623.133452489687
5913.522854361127
5265.651921729366
3740.953159415008
4400.713755018429
4320.310897842182
6632.277088392805
7736.622829420847
9068.936428081572
11591.25378380819
11467.693479562437
11595.62685434017
11723.993702096328
26305.72666903172
26606.694922122246
27040.037728833475
23163.81366098646
23618.858158647377
21223.202455443057
21182.929374512758
19572.669999262318
19296.982526603744
17832.108296977953
17423.726770484293
15960.649999850468
15444.70545995499
13924.53773951707
13310.940333906437
11676.75593947892
10948.823260283738
9269.430408140313
8500.074609116897
6833.083936849347
6143.202055233004
4792.657484123792
5026.1574505952285
4867.054058788927
6305.511929464452
6825.461977080406
9153.22497925569
9421.97891073514
12536.358378754669
11446.535538488943
11790.688132577332
12030.781514510489
24531.552370469155
24274.362082138618
23861.758173920734
24488.568290621806
22299.032065349562
22131.64142966808
20476.813911875797
20175.58207606337
18775.311237238853
18372.13307950117
16984.06971020463
16456.770960241796
14978.856909548998
14340.958672268665
12760.574891860906
12018.400139471994
10337.303410688368
9557.225828579732
7918.714687112468
7230.403456375419
5916.354706657623
5900.4620218671935
5574.643635182848
6516.296029260963
6835.383152848894
8438.705856231814
8963.128672219005
11059.035013434288
11258.601534676436
13986.523175472445
13664.318584179715
13472.848938924035
25112.967532074577
25254.90458492473
25510.24319486689
23185.77274049421
23126.132980437753
21402.532298046855
21073.663508491565
19694.15925310955
19302.163442716654
18015.75724663207
17531.41494558632
16127.37830006724
15506.61178809625
13979.992929681637
13248.939572196594
11602.551433035342
10794.79712896684
9186.047541382357
8486.011387586514
7165.11849304508
6978.236738505768
6461.173855902392
7086.621802891267
7193.386199148398
8344.862350628306
8741.334610999118
10354.688543204771
10761.679306971972
12764.713356297036
12421.39401158751
12774.857584983816
12999.11040400178
24394.3287861747
24171.582218562573
23824.43530597565
24214.43249281067
22368.466753263245
22060.049924568357
20592.24546100612
20210.361310865643
18982.83607140705
18540.862797307404
17279.549098342104
16702.92110590327
15279.555850179671
14582.3144337054
13026.413924810011
12235.289440598772
10624.247296789981
9907.315251903787
8553.517130360977
8252.509617077074
7532.533829198986
7919.6798848546
7832.211476171357
8671.427581400338
8900.376728559035
10110.727930550047
10491.694850252055
12160.136259689296
12367.528548273876
14491.868024137379
14297.53356059321
14191.796629582937
25380.606977374387
25563.45928884926
25888.118935853443
23488.406504549625
23433.411264058894
21596.156121154032
21113.91250505092
19890.301749831204
19475.494546554775
18336.892053595595
17852.8888065142
16555.411003197933
15920.9598171853
14499.078475214334
13794.284116409097
12231.765187099925
11525.946244168521
10098.669754527478
9686.914186280635
8814.464677766331
8964.865121943074
8682.519687519378
9283.145553971608
9368.29590703749
10265.574661515047
10539.107806468699
12013.109987146127
12321.454657373566
14296.003097690696
13832.785446521826
14163.275527242298
14360.755399973013
24804.560815569617
24592.501964368093
24237.79100649656
24714.99194560929
22729.456207451458
22365.38190069041
20807.049471070935
20398.76141167034
19305.949433518654
18865.66191859394
17743.340032020424
17187.059946290796
15894.207105168127
15252.127204592949
13864.564325035644
13189.541265759326
11787.065685992631
11307.82155896049
10267.015031470088
10216.360763094464
9727.860596303564
10150.833909594383
10058.192640587873
10739.431145467917
10898.754232607045
11880.204659556159
12296.009993708656
14003.141274157744
14110.147894590464
16325.438406559617
16050.18679814154
15890.201119145633
25562.948066099023
25713.566140623065
25975.460704459907
23803.640946191194
23651.24208936026
21912.455370548116
21371.54316604007
20246.37960878612
19824.371666353265
18800.28792306308
18344.580137927704
17183.71954503067
16612.3028098649
15373.632429806014
14792.598332015481
13492.69181415189
12986.111994745499
11873.813093628603
11627.571335623195
10969.229768329955
11151.484247559554
10919.45327914638
11406.321550524022
11456.104417737002
12201.930095282705
12443.104554309632
13764.121326230212
14100.602708871596
15822.963371308097
15436.358737930124
15753.21880778085
15942.624824833096
24869.813686374007
24696.303615338693
24404.477335390282
24755.72092057141
23044.277209788244
22639.519073614523
21224.681348136048
20788.42158013184
19779.485302462108
19348.466239889938
18348.342851748675
17848.869374957336
16734.396179890537
16207.78331433833
15086.47807076058
14607.56933964717
13537.610674626121
13214.93745238893
12381.390508329718
12353.452166503183
11943.557937036223
12266.530820642905
12160.863045188
12722.178670384044
12854.654204759021
13714.436488604064
14123.195813180568
15553.564770584348
15674.604991819917
17409.692221681005
17201.7565613553
17086.73732088758
25183.975228778818
25241.883408384307
25353.301701210206
23863.059106929344
23600.48336632178
22286.34913902841
21809.809153433947
20752.025372672913
20321.050718071172
19377.67521968551
18938.25512009108
17952.274058205952
17472.014630781356
16470.12535506752
16021.62088324022
15073.988707071838
14713.51837090027
13889.394988862814
13697.860154953525
13144.047931622976
13259.248014129858
13021.359219686652
13399.34543281649
13410.897257299664
14048.045156968194
14265.860659661328
15261.582425531611
15570.807812518136
16770.11090732864
16571.192456858036
16808.335491112914
16956.96818320228
24692.423025671076
24555.717388098263
24332.80992454492
24509.229966013536
23240.953807126167
22853.582850617782
21731.66159791933
21296.590793885054
20351.408874973706
19936.483969891047
19047.18087106065
18617.74064691759
17719.040209959825
17308.126285003967
16452.560259205515
16103.24912218119
15330.69176483614
15088.219726824316
14461.770417357706
14418.368147421257
14039.990015928228
14249.807765959416
14112.40305700139
14559.603808338326
14640.560212197675
15359.704557347495
15598.385797842417
16592.409082047052
16711.324739256175
17875.5530625714
17766.87878406642
17707.177157056623
25074.07922170657
25161.695333774675
25309.15460610649
24001.507260886687
23804.795957699378
22669.06512986357
22263.072001746088
21300.357596945403
20890.764021819912
20042.637699129256
19650.05540732964
18838.426130068026
18461.91063624719
17693.24468788247
17356.293496997456
16653.96815206249
16391.5856599781
15777.248318548662
15629.18298463787
15180.98874942047
15224.297145472745
14978.620735295852
15234.443110914093
15192.599793686917
15691.143965272178
15808.045369461375
16549.70969819907
16707.41181984176
17642.06298283065
17381.729530409146
17560.630986631735
17662.50139003352
24495.398679764174
24390.707757633943
24234.73957787796
24676.201837963796
23389.295658491563
23186.911164948528
22194.844056207327
21835.506911907323
20990.267030658662
20615.95592319287
19860.546439362577
19512.810732079688
18817.242620637157
18496.19521642383
17855.117348786127
17587.0813110621
17017.318670605673
16832.16017654393
16359.091744578813
16301.44344318481
15978.64205236647
16092.017015361449
15922.628983055125
16242.763027638175
16240.931190254554
16754.41276412227
16726.823543842977
17541.853250331373
17405.6448481074
18614.103015966215
18468.914453050787
18366.4648821614
24390.69014470079
24341.529367423256
24299.565386637943
24411.411275885086
23514.78603651269
23112.167367534566
22706.618652499947
21904.4429556608
21579.63622871706
20822.29345246002
20487.373864516678
19842.738222504897
19533.84977543869
18943.84421506818
18661.04042225429
18132.892896332552
17917.034179167527
17477.42404084717
17363.090953405357
17027.317212608625
17039.966764261917
16820.369904244155
17000.226305394135
16899.764749343303
17266.379792692842
17146.199905157482
17192.12405179517
17594.068623998315
17614.47004507964
18387.415942045078
18421.808324515263
18407.18529154311
24354.532846218863
24324.145132944588
24295.466281831184
24184.191433039636
23445.16765349274
22918.798454345553
22580.660564884194
22495.889787053788
21769.960754265438
21474.082547193662
20820.382223322213
20540.539248795118
19976.12804913103
19706.66896298901
19186.321042629956
18955.376196554633
18516.669295656044
18381.32742438333
18048.876383132945
18020.56467204381
17772.209604968513
17863.028382061926
17708.735078574322
17962.837285619604
17855.12264083902
18212.13739111098
18105.98756829879
18144.12702694323
17967.786817393848
18310.94433961198
18371.770058129812
18388.90736788175
23347.968167602154
23149.36866990785
23171.49947465605
22557.574455317237
22378.285523991053
21754.640656825253
21505.744055524574
20977.53550161558
20731.391424638303
20234.193587364753
19985.11777077584
19539.16737603673
19368.169040238852
19033.14852894957
18983.356179359886
18738.968991205005
18770.30930768396
18579.8749239444
18705.77607091599
18559.748642822913
18777.046829078437
18517.122499419915
18573.091813481908
18644.67805849337
23064.246495677944
22934.309611747554
22833.93803071369
23030.715881343804
22448.73954874691
22354.09534769728
21900.23863593821
21724.07927042354
21277.981741926706
21057.48181789547
20600.61478206651
20394.883708803187
20028.817689563002
19937.53656107025
19706.635210942146
19710.33678884915
19513.579206076465
19540.879306448925
19252.11639327306
19362.311510448282
19068.528708044054
19329.030812195895
19184.697938635116
19108.607875740945
22987.533920301634
22930.226492348447
22905.851561058633
23006.553669285197
22724.849581887345
22680.26228674331
22557.714361158392
22238.572256383166
22091.62241777774
21725.935577324584
21554.942621950107
21175.068660768662
21029.28491930971
20737.846905277474
20676.508798831754
20479.31626392672
20473.251448721225
20229.45323372736
19980.600019339654
19708.138144792814
19332.88469876222
19357.417576733882
19277.71157468945
19224.987080844978
22980.65117864763
22968.81431500143
23011.121171667844
23185.685959438797
23156.503600866046
23044.229747474703
22917.299310601615
22943.16117051547
22684.42649419945
22589.059133903833
22337.144896284397
22202.32635075112
21891.173472954968
21751.847831946077
21456.337218073902
21393.819049486057
21191.590076156728
21130.796253754997
20997.73201779845
20675.73556635291
19943.513759818878
19544.693219307086
19382.769820012698
19307.405244092195
23469.43276777703
23401.057363148968
23417.47507107974
23324.46458248864
23298.739079669325
23144.474677950002
23101.687787040977
22901.54268369353
22718.030571102536
22445.337012057153
22206.860315513448
21993.972329439563
21852.773680615177
21616.44176943703
21583.334023644384
21483.031403144127
23505.202200802
23467.38886635686
23451.554576142502
23587.996327663262
23511.96801906339
23522.17992085406
23432.034006456608
23331.889786452895
23103.11881771445
22858.547165709817
22560.994484743373
22354.93583848489
22142.656765686592
21922.761548839273
21869.159926123553
21817.547869236983
23503.85394765152
23488.39268773362
23500.53826392428
23615.004174796104
23596.641580804673
23598.69669315877
23544.445706160892
23434.535302521675
23221.622799976252
22958.318360916644
22664.703037310403
22439.23329844912
22225.89254306462
21992.135730362257
21922.821813784434
21878.420795078913
23508.853762993473
23507.543113143645
23534.469964800825
23638.52859015622
23648.397549953
23661.326295237093
23621.183309727632
23517.294322436614
23305.741306211145
23038.639308045455
22739.496399155494
22507.197896235113
22281.423490807883
22050.04794801251
21964.303878197177
21917.861527072593
