134.20835371466785
134.46533363276416
134.61199718592476
134.2443112270859
132.3438769155254
128.10855657059506
122.72710483098727
117.65879062342461
113.77237398660496
111.88074519020753
111.69628602797522
112.6244589928793
113.73500410747336
113.45616791868927
112.31358773241816
110.90815678245696
133.9788657716054
134.41830774120737
134.8493417707295
134.94883721145658
133.43439156159883
128.65634933601103
122.70145621168129
117.24825486025757
113.20111994136143
111.31508087226649
111.31135915821287
112.67081767983147
114.2967602853999
113.59801463855801
111.85518286234161
109.71148801056594
133.47219177100945
134.13125398590554
134.97072973973016
135.86016703724897
135.28471709296488
129.3564775088252
122.51362075212678
116.57548728276402
112.35767665838267
110.46519785703184
110.68893958441564
112.73489831371282
115.45461633196282
113.72639393975952
110.78882124607279
107.03510112351319
132.38392488779385
133.1644828747049
134.54427878344606
137.175066333885
139.8945590035774
130.2398341042592
121.7039949192183
115.21916507163913
110.85481396780189
108.86435904168957
109.29606199086733
112.66958851574846
118.93998341140666
113.37921580832074
107.61418971471038
101.25986526432993
134.36376528680864
133.970505556754
133.35136473817334
132.28659944034774
131.20030872943002
131.18371641890957
132.6046364793994
137.31865650343786
152.00025930181937
130.01591767307545
119.56232824690606
113.01109572779379
108.7145848995266
106.3623473533428
106.4619046321318
111.18344637482456
129.61787786335526
110.71542431612282
101.01252322717217
92.84897241756914
86.08650057730274
81.27451474529734
78.16496852973174
75.76001858693643
134.76671029332815
134.4586752397945
133.96785719310694
132.9933330732903
131.09224189982328
128.68164992333243
127.85876782362706
128.05088069930034
128.35242786965512
121.40415976702377
115.10081212040983
110.2224629014785
106.38216827832103
103.21840867014261
101.34629991887671
101.20932675869439
102.50481974321109
96.71283763239417
90.55139803499837
85.52325658796426
82.17251264051784
79.0891770156296
76.27582278790783
73.36103386255142
135.29539364675142
135.00311222200153
134.77557744421915
134.19754176640714
132.44324566336343
127.94374557276167
124.4742856162074
122.10672813331644
119.54548319062046
115.55087217578723
111.45878988950375
108.067820725842
104.84269713480646
100.59008080552678
96.85685771147615
93.79441317719198
90.88262930798615
86.88755216224006
83.06583356755122
81.04932619383277
80.36764571173305
77.34006234063293
73.6521937787877
68.928238950439
136.0247215563652
135.49401676191474
135.64594620207748
136.33889060359422
136.41848590538027
128.5074542021366
122.66293621364345
118.63159015581137
115.27584907925387
111.89846317996808
108.91635295259634
106.7279100788525
104.98353592563191
98.81624191482858
93.185832957236
88.3260527840303
83.94542922295564
80.0817411871968
77.7293851226105
77.83141217254082
80.7488327812542
75.0651461555806
68.65088662746292
60.41437567345289
144.2235021717783
143.67215486345495
142.59121593965378
140.3863835066507
137.46345149363253
135.5137407589486
135.54791540286197
138.1528192156936
147.28321645723415
129.28934531934425
121.35183247347629
116.46380483796041
112.6237905701417
109.23995832268889
106.62589705516886
105.70671908360423
109.44176680248167
97.19106668584459
89.59964176838282
83.6908888268291
78.55290762134308
74.37488043683805
72.33774845908658
74.17950493952789
87.18655986566013
70.71295423009677
59.91538497709108
47.75606482897323
34.002262212302476
23.9831902860287
18.845180111768087
16.11781691788258
144.8355529475309
144.51200854965782
143.84332657973243
142.17564933382695
139.23250040253302
135.47233913155637
133.11793015137295
132.18821169309007
131.3160791338429
124.66453017054087
119.19199853195032
114.73302204619722
110.81636685573385
106.93805997763981
103.54006572476096
100.74088550428827
98.14230042411685
91.4247872171664
84.93599978286309
79.23070031874228
73.95593286057887
69.00793442267546
65.5540097732201
63.98835465670567
63.576837491816384
56.51485181465963
47.19004829109705
36.155025336093765
25.492278062384788
18.37041562925474
15.045205139513923
13.1389645345448
145.5039773305106
145.43547536164692
145.16318739109943
144.17606730852216
141.62605745220827
136.43223407093123
132.03314225520634
128.62619066150015
125.65447646751349
121.5414008434577
117.4880300372307
113.7913607570258
109.93295605812132
105.3029681889936
100.59176732098646
96.20706554053766
91.75637366312976
86.00995284012001
80.24404723237316
75.11102253504205
70.17476046075484
64.38004301202395
59.19271505138934
55.365485358151574
51.57028122273942
45.54546892513556
37.42999455519047
27.9987126161482
18.362785368961518
12.999972151714646
10.684971121419355
9.339184179573634
145.95496572354233
146.29480364581642
146.73137956702823
147.2551306299119
146.64912492400265
138.03440157163203
131.77060444499602
127.25763895844482
123.37430838273508
119.78050776379652
116.50887535298592
113.64375211168645
110.99238415935216
104.59337698324889
98.35351087744628
92.55916730796528
87.00223868589084
81.29202008184855
75.8831384159392
71.72447435139087
68.16759722962539
61.048476768418205
54.13908423217978
48.455352736742554
43.504584273019965
37.67682841105957
30.227051873934634
20.52356121283662
8.399754046477257
5.723496256887857
5.052094891256545
4.762649958067067
145.64544530667433
146.26137158905198
147.41421606405424
150.56734158398214
159.46905401750007
139.83591217554985
131.4640875875029
126.45385175906837
122.51318468257556
118.9020393378911
115.81665221548056
114.139025719002
116.24812550655373
104.49930300950798
96.53157655341799
89.68355455690691
83.33242657773445
77.28354745883684
71.76308699772004
68.95987611054925
70.21274218247683
58.3669863080383
50.29774677018125
43.64963841710754
37.5659681572756
31.526979812105036
24.292848258591214
13.223219666616602
13.593494426666716
2.93402110409908
1.1208401981474851
3.456937948933046
143.86081807205656
144.05808168863177
144.31021671150705
144.53960323271684
143.66453325526373
135.7903682696609
129.98455378653517
125.73993485116796
122.09444947606475
118.38352192048022
114.72754959462928
111.50133999679608
108.27759812766541
101.34378724755503
94.26652719015503
87.43246029533455
80.87402994041527
74.25823235525839
67.96744814892334
63.29685060390519
59.66598395571993
52.68109872426959
46.00863785250007
39.99098395470404
34.44530783275658
29.30647660743056
23.82976716664665
17.06302592835718
9.46404030538727
10.00260842330544
11.263271747548291
12.443645612001653
141.5273092962231
141.29425632115795
140.85846456457148
139.75859420957826
137.35618550935502
132.82329357784155
128.8949861529851
125.67235392116696
122.52110557176309
118.486489083005
114.11914650922652
109.66418398839423
104.97892802784384
99.0896929511962
92.6839161380323
86.39653526893426
80.29672859245332
73.21080165521998
66.10011972562782
59.60852013666195
54.25468992813663
48.58544158973509
43.12199031233487
38.26047947112722
36.14271025024835
33.487504480216295
29.99067400568578
27.053834742845538
24.092798331164406
23.311688616092876
23.532567224692272
23.966553476182142
139.66311054555712
139.18387471621614
138.42593302506265
136.9335068205774
134.51484389582416
131.34331699003837
128.5273625555458
126.46438010524754
124.45715548987435
119.29026173581035
114.05355263794112
108.90210851899242
103.58283883793834
97.87213904620454
92.01627164573783
87.0362401353824
82.26417354104726
74.15016542338898
66.57137502177306
59.91527189762868
54.02227247601198
48.94700491484254
44.627959100555785
42.4797138810559
42.76721708127636
40.428828899058146
38.93817191116704
37.74329499435464
36.67893683501363
36.28207563131356
36.26158909888264
36.36478843312038
139.0874333462223
138.5554722986327
137.7458458133648
136.2376436423825
133.96930604571966
131.25314515167364
128.90650462989655
128.00991233761548
130.10039601284222
120.77473617667721
114.51614692178275
108.95867385681261
103.56042365008511
97.95308708807337
92.4487130498453
89.02537232248451
89.03771432050542
77.00537579052128
68.7784475540085
62.44319477105735
57.259884973124194
52.71418770230543
48.71828927246116
48.04278991369947
53.33678375102659
48.75753692634613
47.58834573449293
47.74323811158458
48.13741711963041
48.35861675131697
48.413031405419304
48.411387044496024
139.91838821680358
139.48256791421173
138.798081405076
137.42556269817413
135.17027384493653
132.1005976421996
129.22312972266383
126.79059148962692
124.71204532949433
119.6041440673052
114.42217510467003
109.37613470875193
104.32735012565848
98.93918789241411
93.4041102387085
88.77548641409219
84.72980958204334
77.76183048556268
71.28582038822474
65.9613050641467
61.721798137539835
57.713007426315315
54.09289801086624
51.70713984830674
53.15271615701475
53.47759135026964
55.04561703361269
56.92100917041737
58.65522649630909
59.46567835817718
59.59022518962654
59.51307301154162
141.59766978675046
141.38547273165517
141.00307427101887
140.0512865760021
137.98554939971237
133.95390759796302
130.02167348832467
126.5585233842283
123.17500579661855
119.07349907456643
114.782954443027
110.47251952353102
106.08805118864537
100.84607930032301
95.26703701260982
89.91057310464564
84.87077916416398
79.46660588561201
74.30881490990112
70.71934075352313
67.38135168037745
63.66380253982356
60.29497613994833
57.70005777728503
57.53551551408972
59.475888239655305
62.28381975892247
65.58289656705337
68.72572635802756
69.573850378231
69.49934550201712
69.20123436689316
143.63950221595837
143.77429701824855
143.94014010988687
144.07919982137966
143.3687205647163
136.80529559462784
131.37206397187038
127.05522978412486
123.22506449700946
119.45296674110233
115.73167410621863
112.49491679148875
109.2859454414041
103.55037983976698
98.09035411285123
92.82740959619261
87.78921969294919
83.08513217863002
78.99277750795136
76.52690593752672
74.4940446756143
70.4639933043514
66.92835440883472
64.74053350865252
64.4873534964274
66.31715673101365
69.63692215001898
74.25204342196923
79.853732241871
79.39381410648903
78.47602044978073
77.61879669276732
145.4388041137562
145.98555862948368
146.9780828776008
149.56456246694893
156.2248035641389
140.66357779551544
133.07563588482466
128.1249206146861
124.13311737992764
120.481242306319
117.24147923832311
114.94461244921878
115.54561647918631
107.10363322332543
101.18604011655628
96.12709782631005
91.66128247000684
87.55932515848832
84.00502448397091
82.61488689604212
84.11413492601736
77.46287881310408
73.47367586822801
71.53692474682015
71.39960154839946
73.19204965066714
76.66343195846991
82.94421828748447
96.49123329546094
89.17425376396181
86.1561797328806
84.35137783428245
146.32194337104005
146.7160196820797
147.2134947574013
147.7708899054159
147.18341589169827
139.37524894754696
133.4480622362586
129.06388995718874
125.40744795847127
121.80330120854691
118.59140424962018
115.77017512369541
113.2294883595034
108.31996209275724
103.60381956597017
99.47215942882598
95.77763026036766
92.25626225020511
88.9813311599404
86.50790687505989
85.3181999435585
82.08707603921465
79.6740503352525
78.34261766467638
78.31625861910953
79.51745842462802
81.58993134000775
85.5982852035828
91.2812447494329
90.14738747433208
88.74982432399148
87.56522290745285
146.455876027263
146.5588548902983
146.51722580105957
145.7690628980199
143.21082497468342
137.6962457712298
133.60368731517175
130.6530873775274
127.85174640095065
124.18457148362846
120.556876171742
117.19835487534097
113.8045295357021
110.01294278550925
106.38255067808284
103.07723476750171
100.16241687538056
97.02349856986382
93.92808208021998
91.34775757139761
89.37278621251656
87.67666812373913
86.30096694051541
85.6739514319092
86.00924012384846
86.11626353136415
86.50802695118314
88.206673346562
90.69949333153706
90.48322131147658
89.72469655063192
88.98242492171077
146.27225737131712
146.1015437785429
145.5038240523454
143.7130671308565
140.45477345324656
136.8722684435054
134.94905722700557
133.82832019141995
132.6920669820875
127.64857359184697
123.265299099362
119.53298337607772
116.06465556817368
112.7537434884348
109.56440081910155
106.98085759893532
105.16760086097625
101.81774509851888
98.80470695054561
96.59937912489697
94.96912955192278
93.78793564998601
93.27651599455841
93.78205068634797
95.55330169758001
93.88149464924263
92.957761157038
92.5347726311386
92.24818770595151
91.36482230967056
90.47291436075726
89.77784329074818
138.61712137945486
137.30191249528997
136.96295553251284
138.0587554341758
141.77906099064046
131.80448202794474
126.14799981720124
122.19937110352816
119.03586250267114
115.89179771758971
112.92024955546528
111.26295569127923
111.8457000362033
106.76520806335323
103.75129863240699
102.12303757909893
100.77983835200564
100.0924345817941
100.17132547727334
102.16402082677862
108.19217627321424
102.02001097181267
99.20565868350468
97.71806521779591
138.02960265503825
137.4894758037126
137.4056811789264
137.5818865046348
137.41077291225918
132.28647636504036
128.20095462229165
125.26630542833146
122.62043715057708
119.45637161650643
116.53670332879842
114.17184005611131
112.70751964952544
110.0463554981309
108.56460246638417
107.74586812087934
106.92572358593544
106.17499234689637
105.3826656300324
105.86264859383544
107.21569317644872
104.41301182076097
102.3026355033127
100.98492237665644
137.74833111691225
137.48430591572193
137.30445947432
137.11739429722914
135.99176714143067
132.72616991537532
130.5464336114028
128.9657813985253
127.02616005245315
123.81692853772559
120.61289400303788
117.77858952327614
115.31720585553008
114.08495681421326
113.58133886062228
113.68471247164568
113.65178920274529
112.6122803678767
111.08019374603238
109.59153598730063
108.55455095578338
106.08648777221119
104.16059484211927
102.80359918108371
137.62162239933576
137.42068494661083
137.29156038404923
136.90845649387697
135.74357149196882
134.2601689541543
133.48527741174306
133.1548736449374
132.77522964098617
128.8978386238126
125.05053498296076
121.89410264994831
119.62493852305145
118.72924306251514
118.74844958287387
119.78769689331432
121.04630180512176
119.09181835857167
117.39652350163634
115.0975906467109
111.53995092283155
108.12140690072573
105.76530646852447
104.28040845085305
136.42504882753045
135.9571534580892
136.06395241551348
137.24361470337604
140.40783488936054
133.8040613033947
129.18057506718938
125.86846982887452
123.54571944467357
122.89116074036164
123.32561278921908
125.21109659849857
128.31008005794084
124.52746358203125
122.36372909626517
120.51768063520765
136.82793601648513
136.63897136390693
136.7732592934508
137.4294257869308
137.89184118309012
134.46786344548264
131.19869642084416
128.36893793760274
126.19162605308284
125.49174016776229
125.54969468173167
126.45997206381898
127.51012191393872
125.75016024537251
124.2549137532952
123.21153464779974
136.89590700030638
136.80760021572146
136.93791122658806
137.2087474948061
136.9088773983274
134.59515648725863
132.05576525425045
129.64278930276387
127.6162025218934
126.83398312559
126.57494478568904
126.92694257376941
127.2644982620046
126.17067424501069
125.09349967041292
124.23023847398319
136.89453707972478
136.85039673819657
136.96210643058015
136.97191057550233
136.39824720845417
134.61532030972592
132.55418475715896
130.45348321840027
128.55618785291793
127.71377660061229
127.23180213264682
127.23172748724092
127.21183848319534
126.39909787334045
125.53928489924135
124.82053034377034
143.51595979018526
143.71174328019134
143.93157123913724
144.59099837616264
143.93892818878828
138.35369247689496
131.7486786573121
125.71847339372276
121.46898098861779
119.65888907191221
119.9436546569122
121.98884600584901
124.85212540624399
123.90870995102586
123.7327537902286
123.23351370548562
143.37302974646892
143.6225941257662
143.83653606769164
144.75300966009948
144.60273703178922
138.4204185292664
131.57166233326157
125.47990177974556
121.23930332305966
119.41567022424204
119.7242167991732
121.95381727066868
125.35817289816966
123.76039867393104
123.6785732922343
122.87542126752956
143.11432108896724
143.48549276973202
143.68474496319106
144.8824616375018
145.48182622057217
138.4232651950423
131.31594748499361
125.2090611613066
120.98654226980382
119.13727818175676
119.46089696470888
121.87549520739753
126.07048733358519
123.49325281863705
123.65437310346563
122.07620844227874
142.19309219303776
142.93944725290268
143.56621781632114
148.03103784105932
160.8251814955443
140.91679917924554
130.78009983806382
123.91310382154636
119.5325231171539
117.59883106916966
118.26980397099713
123.37381787513823
141.0632724419277
125.65144464574102
124.3858044369566
118.1364210840451
143.48299978346748
143.28907832810938
142.90559837497455
141.9924454291298
140.67838260693313
140.96408177562043
142.38497668206745
156.32265240432895
272.6955697047681
147.90049144866106
129.3143293527516
121.75505616180234
117.39855702832801
115.13186387402584
115.9397249567189
128.8519205241396
255.86336301155882
132.8168549098051
122.11737079812293
106.88350036937098
95.49268325004563
89.67486125247093
88.12824365510092
87.15851946809447
143.67465618099783
143.50783779703207
143.29089626395196
142.6432683420773
140.7699040254983
137.12149457131767
136.6354646319677
137.97555157742585
144.3537261067864
131.25407612655746
123.92710501080033
118.8650684184505
115.06332837774282
111.87565291723632
110.20362391255476
111.15108428766743
119.11420273973881
107.45935830891568
100.6736150051152
93.52459843055344
90.99806478568419
87.98636669489389
87.2677824622503
86.19595330445689
144.01565322797097
143.72785458084726
143.51832550599852
143.19186305495873
142.11661960106463
136.71138494040858
133.11476860757583
130.85455711080925
128.6766657836322
124.29345529668012
120.09788025055649
116.78637957662546
113.89269158099634
109.35657616176385
105.63701352045146
102.71449827958764
100.2734599270722
95.94816496858337
91.91215856555252
90.10772984886724
90.55116132771128
87.06175283567666
86.56944163306859
84.3289573736418
145.01003039511585
144.51870939541567
144.58423620836905
146.71277604263128
153.83455084492292
138.27973110985693
131.39596012577397
127.29529557829342
123.96380371734867
120.57061617039466
117.64625741930992
116.0367200830026
117.80858100108185
108.214749245062
102.04973183588265
97.17372912304917
92.86107287462283
88.99476855116663
86.77128907781693
88.1262962632032
99.68923680893303
86.85061865201999
85.11960639199918
77.36339225156463
153.50163566171747
153.22889145999022
152.7263663800427
150.6725654823179
146.9331540374073
144.70781259356718
145.15506963400688
155.49435490288843
243.23807155470166
144.1201975988356
130.41381174530187
125.16198026686747
121.3073303681136
117.94837320039788
115.61946038439018
118.22659245025294
164.29175444352154
109.80500633189759
98.7428712694162
92.59029215897804
87.45716501720503
83.30275956251675
81.73407777102199
89.92057057399825
189.87194949741786
91.0124532625032
80.22684323011872
60.629923313967865
39.167226624882304
27.703563390040966
24.963840620050796
23.438271765412846
153.88231661681553
153.70588583077745
153.445884583716
152.26811806953808
149.34305708366512
144.02519201543794
141.84423200062997
141.9477594864861
146.10445488022205
134.1631881906267
127.93981678393372
123.43590938188235
119.5432488093424
115.66918065431858
112.34520836194908
110.08816359457069
110.60485563907658
100.84346708371973
93.89159050117765
88.16393798831828
82.92606106220619
77.97409141958958
74.56757090076377
73.87521097532938
79.20635387533225
67.2878903576927
57.270689493801854
42.34512762227642
29.834915849958662
23.79862180528394
22.38945151067484
21.364958995967232
154.3143277274945
154.1148162857954
153.85203741125673
153.1487272910836
151.24983299583258
145.2312635286458
140.67608950095277
137.354845758004
134.71691360003445
130.2975525658399
126.2058514330728
122.57045958584524
118.95626587708627
114.13161908249272
109.40676926940804
105.10002817502095
100.92610252137064
94.97449795875355
89.19486818511724
84.12298346850073
79.42241935634306
73.43149808603339
68.16499822936937
64.44106469603545
61.06554497808595
54.79809097366527
46.40700919251773
36.753376946482554
26.26231251402072
21.777051776433986
20.21481026719731
18.875191200034855
155.57705935733662
155.62546100504238
155.63982220378378
157.65183122384167
163.58031072233234
147.74104712474085
140.49654084356573
135.91366440177296
132.06528972896788
128.47960616385453
125.2841949484667
122.94516028980176
123.30913505331425
113.96404249026364
107.25871961320482
101.4305390022628
95.92450976498584
90.24257770033631
84.90534141762215
81.24891402117704
80.58434200911556
70.64900512302609
63.268277224249836
57.535418642119396
52.64558856139029
46.855334730610615
39.32044819861974
28.514142205844973
8.341938658084539
12.720825879949812
11.421423950054683
10.603247555529832
156.1701001991069
156.62888572319946
157.25228455840244
168.86050537006378
254.01051391720725
154.45875838888233
140.51318802062642
135.1253808944311
131.18512102714462
127.62522359657572
124.82506701263118
126.43913258500032
166.90000694042772
116.90495308785522
105.7179474007946
98.6261567962773
92.30837178087152
86.30675090304449
81.00038089374053
81.4340443367061
118.11568716331384
70.78948302040956
59.7073617350165
52.86237486818942
46.78219688002929
40.723404762874736
33.047390711644624
15.918021057709304
95.14488309962552
5.692887510403852
2.382522782401164
2.0913693259175784e-13
153.2594765571413
153.26042357577913
153.21388176152163
154.75250696106804
159.62722552238768
145.40238957625584
138.7053952200433
134.40545350273976
130.78575355528795
127.10003337339268
123.5280256773333
120.83359564376481
120.62046317458713
110.79309376528991
103.27474646024457
96.43311851021411
89.94675158730368
83.37194269210515
77.11912930237632
72.99511992991047
72.10368852983996
62.37006133352806
55.26221156570741
49.24130513678143
43.71894218410682
38.627815944169065
33.02466064430982
25.171033686532805
10.475741732902758
17.050615213183203
16.282227052351473
15.961865078068106
149.97092690466104
149.7809210701382
149.5319946955433
148.6710858234225
146.83868146620048
141.55168064585692
137.51045219820418
134.37303037979498
131.42446077970556
127.26179644513667
122.89940207594087
118.51993200930953
114.11354373587977
108.08004371935495
101.69020942194564
95.51304751176981
89.72885014893207
82.40297031789025
75.25957965239535
68.82999045786902
63.75083244518533
57.865424002439376
52.36525247348952
47.52421026085606
45.69495026473336
42.90181735000265
39.23957014405228
35.98397000012191
32.16951493989795
31.986700204935328
31.38018140074548
30.94652941449184
147.51373758081922
147.27156526915863
146.99648144914082
145.56953639987773
143.19797962946333
139.92483905047143
137.19553457142027
135.58717294414322
135.8944717699847
128.4523190381113
122.88776678692179
117.7184664555214
112.46100082302667
106.81914829198944
101.07910181334981
96.74852221340225
95.08726157067775
83.91001072338842
75.7984268713387
69.1213403878947
63.235110684458874
58.15100925000825
53.816556228939014
52.16333772286231
54.836350832957415
50.27373026839674
48.33221323457493
46.971304891116354
45.80258758178408
45.444991420682875
45.24609370723246
45.062675356428315
146.81751999481185
146.57605680707306
146.30596183486196
144.84473012911064
142.58689500625997
139.8490790292406
137.75367668002258
139.58880700613724
170.18542619732665
132.16796673195017
123.5479770289076
117.78925539711145
112.42617983973682
106.89542605440406
101.66887214144354
101.69139209222134
136.45933297299854
89.65943360561097
78.18477418705216
71.63331753822462
66.436761907074
61.86533004497662
57.79608715646755
59.83770985214523
92.86019925609286
61.18819661828058
57.19696365131208
57.01375517418964
57.37199150712171
57.58000588280027
57.67734368976857
57.760975044886635
147.89790558908538
147.67584806662384
147.41027294898205
146.0986619946934
143.89024310070465
140.72061837939142
137.88992528079663
135.85957291525577
136.12884586884854
128.78226417321946
123.27822007237445
118.20976224007056
113.2124480039677
107.87773898496131
102.42123149462421
98.39283259660479
97.29700801511868
87.41814348500543
80.42273329513253
75.07553453503648
70.85502932416156
66.83627378967631
63.21991370655436
61.080954109601585
65.07696743611127
63.10754898484611
64.36752561726497
66.2586968531436
68.06285285650252
68.8151001959371
69.15711824052445
69.42292444665226
150.02679575812166
149.86465628008844
149.66256492073708
148.85932482102282
147.18794569017487
142.71307735589752
138.6938819084594
135.28980352852247
132.08780181092376
127.87821924720299
123.5956555543308
119.35388656491476
115.1745707197196
109.80561336753502
104.22788092538359
98.91500702818318
94.1247487843591
88.54338675410588
83.35013060395079
79.82629665714013
76.6624618496317
72.8130662471326
69.42001916719903
66.8121449474127
66.6853888245465
68.63752095572023
71.51079644034245
74.94502618887692
78.602860925241
79.01587821360023
79.48513929065354
79.8428537099164
152.83398331460043
152.83557282509315
152.80966948425274
153.9443520361514
157.5283818689194
146.301235652598
140.14120265874422
135.77073514464576
131.97508760327554
128.2321590150093
124.5802361158348
121.73576128274442
120.5685959437821
112.85252687572714
107.06556378581365
101.78688621241204
96.7631745917454
92.07340259121176
88.04731168240285
85.94676181643112
85.77653587930672
79.91437340109684
76.06327861556258
73.8540680763195
73.60006979212163
75.43503591798263
78.86167713524758
84.31753351208093
94.52633011278624
89.96293018122931
90.39274542742109
90.55121567258261
155.7933320009993
156.18688776061558
156.71507567417592
165.7505025802891
223.98673903474764
154.28035199817992
142.19327673747551
136.88046875409196
132.88986881527603
129.28508006295493
126.2335673574299
126.14137170780535
149.05696194880795
118.30766495441394
110.31263258949267
105.09244018782323
100.62940286942765
96.54016133279828
93.08564060606791
93.81974656017108
115.3157739198303
88.69981745516807
82.69633684087727
80.62518069285443
80.49600835297872
82.31906646856442
86.25523636617869
97.0591178732568
157.77025867503863
106.24341497464047
104.04449549265742
102.41235450946297
156.2895061165372
156.3624473481909
156.38236127214668
158.37008738161384
163.35584571821028
149.24448737813853
142.30072000445458
137.83108547579636
134.1988971204638
130.61054599646351
127.45776820507146
124.94733174983793
124.40356876393521
117.59764010046378
112.57883605290462
108.4306863422495
104.76643464617982
101.24786869858718
98.00371777107578
95.77722088226335
96.50196483725686
91.49385658999891
88.70185550155904
87.3617608955203
87.37810602909187
88.57025040513162
90.66182357387827
95.80857510038004
107.54727797658701
101.30223936583245
101.75891752676186
101.86297428668985
156.53960211000273
156.64413854703403
156.83280048480998
158.21313683878725
158.47641311301985
147.08853199256555
142.33537706568572
139.51602462638914
136.98728122194402
133.0341739159386
129.38211837550486
126.07811303515948
122.80089079021788
118.94100628636569
115.30663233415439
112.04479570579421
109.24862688198512
106.02871750236416
102.91838895064699
100.36861307583234
98.47045403531514
96.7034447509132
95.27576491729049
94.733391273226
95.45419155788008
95.24508108807643
94.88074803732388
97.74231545968028
105.36849758016263
102.33136439453023
102.11647476879894
102.05126415233599
156.62710282958255
156.6885813066243
156.7336362884271
156.40829625654257
152.49892759479025
145.36748741297185
143.85267630089675
143.41777599261445
145.10691373526433
137.0560446766538
132.14612830050055
128.3892609251688
124.94612322702609
121.6424000723482
118.48178865628294
116.1370097941678
115.5213620174233
111.00013116517512
107.77915594942078
105.55427879816406
103.92594791572857
102.75154285009693
102.31330777129425
103.49236938592843
108.33341346692873
103.97715354069132
103.52401732702565
103.59552136391189
105.870301757333
103.35336154900547
102.72907262339098
102.44668924900193
148.58898916178728
146.4398772753459
146.4398742468128
151.3673272006932
181.33390842516823
144.0774997226435
135.28745997617276
131.07922889445658
127.90740955155297
124.77694856925702
121.9001638800756
121.6386077728239
134.0076468483111
117.14519839992796
112.74876565101256
111.0399614080347
109.69510591179704
109.03963505356116
109.51172314179587
114.75181574819048
140.41341972857703
115.71795851043544
113.35298268000116
111.90987545708921
147.15321211131678
146.5584672085793
146.52198537374207
147.59239178057416
150.9827774640261
141.89259492459794
137.12527584672804
134.14045947787932
131.52471488542957
128.33569115410756
125.38997999260312
123.19535424881467
123.18457465327269
119.16416601245052
117.43935803050658
116.61712537251809
115.83275184311655
115.07055065005856
114.25173394455136
115.57486678641085
120.50207440535954
114.76408814831935
114.44112148283575
113.72021549073507
146.9219688583889
146.73777484196026
146.86142659343062
147.80034634619795
148.62848111652227
141.8072855773377
139.40453279643145
137.94385717148688
136.3005571958009
132.81576250247895
129.48194277335614
126.60732331971631
124.25432534512102
122.87423473740834
122.40207073181186
122.60270593067132
122.90483156599608
121.63406040848665
119.70530339757356
118.39660161496856
120.11881127807332
116.0633507583451
115.22714034194753
114.68525540530628
146.92202187780907
146.89637278958182
147.10738886661704
147.85142745843402
146.84973185236902
143.23296631675248
142.49933024628535
142.74695326036735
144.58146378531353
138.50703057047525
134.12192769966478
130.75541984688778
128.44826542686934
127.54166022837899
127.63448786607269
129.22653565134988
132.39429849142581
128.73789852994827
128.01264375198733
125.9683971572976
122.93884067822381
117.8108633393629
116.19793851621581
115.40890090729492
146.58594190713117
145.3346278831873
145.50519603867014
149.182285795309
163.31190383654769
145.7096059161156
138.68323289336448
134.7861018507629
132.3673127367996
131.7483876519175
132.51716898526686
136.37034563856474
141.60848593452718
135.71509564962452
134.4284247541391
133.4291224400423
146.1933677410525
145.79855448385257
145.86841128332958
147.15532403022453
149.99633315101235
144.17446629435443
140.25071453497566
137.1709294824186
134.927833800568
134.2280071867908
134.37669661539354
135.84659525109436
138.39350354971492
135.27626452000024
135.0557145327614
134.58596975109498
146.09774332189988
145.94883686472969
146.14337781464897
147.43719189205243
149.26239512609132
144.57465895966953
140.7727865373641
137.65717038208902
135.39287776314248
134.70650525231974
134.8548173289824
136.25031627385505
138.11255162294543
135.75566083268149
135.32926380463684
134.94758259548243
146.10199490047918
146.0844232668994
146.37984328070647
147.5662552315891
148.7118887457811
144.80934068938294
141.1921481074954
138.10231672207522
135.82383170564123
135.13556035890952
135.26523361422107
136.51278797187325
137.9099088321017
136.073976944934
135.55122651976015
135.2047606093988
