163.00640820510404
164.1902129532692
165.58192909094413
166.91165477575433
167.23678751598635
165.7025858274599
163.92968880022354
163.2457499150789
163.17721088001264
162.63758624077428
162.90685543497713
164.47656971130493
166.43575481030007
166.88685172558698
166.26144181934166
165.2568883317888
161.9569992802182
163.53381704259937
165.2976799133639
167.21554607192567
168.0111371164144
165.932699112258
163.79351379193636
163.33032429134278
163.66332656991807
162.63300296489624
162.6434533073921
164.58382150248494
167.18875141676708
167.2712619655536
166.05375596318882
164.36794705045546
159.92995844944795
162.27857894121257
164.6622145802366
167.5999467763774
169.49324744625667
166.16047954949966
163.34635934408408
163.37421118571626
164.77397381458945
162.55513026999026
162.04049521089414
164.63932691372457
168.64990282983695
167.719482564923
165.35515394910632
162.2709006854107
156.20313701440128
159.34855999427958
162.82465725932917
167.97346244896048
173.74500491981118
166.1167563652237
161.73975067449445
163.05267159523987
168.3553795473886
162.0571475462972
160.23034352334687
164.31172454797013
172.89027385412254
167.95585023903993
162.80252154010168
157.6642629803289
148.71089546274155
148.76496913159312
149.0033779092765
149.78710634041687
151.78674799517174
154.74007360311705
158.71915956831336
166.61844591062672
186.39194950916655
164.03958159943903
157.27772671954142
160.61230307920306
179.9406083218445
159.48703591616368
155.61857259017305
161.8636187573713
185.61062894340174
165.8161863813078
156.98187223271262
150.91481563374356
147.43388624675597
146.75031070748864
146.65137967309866
146.61394859980695
148.80357829382822
148.80351382220036
148.91792510147334
149.12828182667266
149.26214239648652
149.4586868666198
151.27220269218023
154.13553945408208
157.20541400692346
151.52131873493718
147.69723219031536
147.76403139421484
150.56414192305465
146.76747611128243
146.00187467393977
148.93639085688125
154.35891403519636
150.8913895323901
146.92898176271993
144.90319944290624
145.80284205243808
146.5603551237476
146.71225011087833
146.7513334931825
149.04569061208662
148.95137822202892
149.14654414437874
149.49258149636012
149.15814747560313
146.48540746290394
145.48556202096935
145.8587684991333
145.89425124246614
142.57364491611867
139.689763170806
138.87041707353933
139.2700837657825
137.75930063109206
137.63171718963295
139.45844023586426
142.1210774043973
141.39648462515973
140.4630228629628
142.23134440945105
146.2403904669846
147.2120610234602
147.16094230135857
147.19345774539835
149.69908748706183
149.10445870110496
149.49322591316175
150.92351196864155
152.30826455124608
145.16144347880947
141.4685222055388
140.93612411613236
141.54730946820504
136.70382320576772
133.51554554258632
133.0734066993886
134.48393305003833
131.66716600130468
130.98147162416018
133.12270677463735
137.31812386981505
135.87303362319938
136.35793250954893
141.07763330003965
150.04521277717194
148.99892958265778
147.88696445232324
147.76041274253524
161.4212284381324
160.47388562891473
158.65518914477315
155.34463809152297
151.45706267256912
149.03125616150984
148.99596193841023
152.20920675745586
163.62064593542294
143.82790433741334
137.4437926737978
137.16888644951464
144.38454430852767
131.91480178688857
127.41094910709289
128.04795951354672
135.9141164858405
126.42623574133262
124.4938206098255
127.90407067988019
139.89690367210915
131.65813319977812
131.94323391370978
139.52636047196955
162.39873061327728
150.3528962540122
147.16488970307643
148.12980079595857
153.19043243847867
158.24494823520584
161.24759190442725
163.02629046813394
162.4709785958185
161.85679439972566
160.69981655737584
158.00907005929525
153.86292706520229
149.0184040503195
146.1163791930213
144.8475817301024
143.66178104784484
135.90117449080438
130.65494056976368
128.25920378765062
127.34652636721505
122.17031872629768
118.80820820842865
117.99804654263004
118.85074234602732
116.18863713775079
115.51026783926038
117.62848507991785
121.77518849784958
121.91904556812388
124.2336655094397
129.99309430860725
138.98858305381128
140.69556235407813
142.88826192972445
148.46378869023638
155.74001971058624
160.9336580327011
163.5044191455716
165.04542160387075
163.76874347709776
163.43949237400727
162.79510853654725
161.0587879978576
157.23949132068398
150.3990117689323
144.88104420996072
140.91169316121307
136.95335061683764
130.45092544897742
124.75555257366157
120.7975547078018
117.78952453712995
113.2812379596301
109.85983912417197
108.30231056229978
107.76452869138186
106.26220084569634
106.17183360683075
108.20775582125212
111.58231470292132
113.79028996082178
117.31510941209584
123.28082017863112
130.46843729877207
135.60054441961094
141.70955972500695
150.07614169620095
159.64014160209555
164.68443752666127
166.85265564769836
168.08156485903953
165.13897593477066
165.286425703172
165.46420263993946
165.55732447416378
164.12029718033483
152.82969291225305
144.93650434882454
140.00701455745212
136.20620162766528
127.70596372550915
120.62666261594173
115.65997255039068
112.4736217220035
105.91768771014337
101.39297126629052
99.62723005032075
99.93812943804762
97.42957559738429
97.35782655410839
100.39929408986109
105.6448988390213
107.77658901244183
112.03728154862638
119.23427418744413
128.6361235987241
134.19253547685827
141.91918490381627
153.24570782773282
168.31816926473869
171.24462553953245
171.85602777373884
172.0691662634142
165.7489098513075
166.30046346482416
167.4092131787826
170.71617153822586
180.76205863233935
155.44327830978537
144.68978435429156
140.12487314650048
142.01561279919142
126.1989008521355
117.24753609319222
112.26335674030182
113.50159013903341
99.64143915088098
92.87265572807023
91.47981124536534
97.49814661869846
89.30378356273202
88.74100916362258
93.59271646189926
105.63463752010433
103.09764273577261
107.33951303415536
116.62341269594815
133.9482577761444
133.81823369822786
141.84093951315063
157.1202493224702
188.61503021353403
179.03538668318745
176.28115550385996
175.16174336152147
164.9649559587319
165.01053947970613
164.9947062814781
164.59215142084904
162.28590352395452
150.47601827116193
141.42794114792622
135.2819654032061
130.22912445660208
120.83241808516814
112.30208992888268
105.387141567911
99.40297669383955
89.93233606275108
82.62916946172805
79.10840462110599
78.86369266130333
76.97804464199807
78.17413395956208
82.95982072650541
90.28581519494892
94.87011716453355
101.2977943797444
110.17237967342723
120.95164439107046
128.39293540833634
138.27367562952088
152.10984277586104
168.72086457167637
172.83417972434646
174.00790235679452
174.5467822452798
164.18122324781984
163.9044823390494
163.28880513496696
161.47872845338665
156.87014391540146
147.11757965710572
138.69329866835403
131.96350523395924
125.51140611183908
117.0280737625023
108.22237412093463
100.0279186072936
92.04593962428577
82.30759252692502
73.62514460363491
68.19763351210247
66.21267499021214
65.64641187103082
68.09377230327237
73.79344144230677
81.394805478374
88.31315403665465
96.30276914296313
105.52301380424841
115.40117730206148
124.57225412414104
135.62560823124502
149.5341079745349
164.14800066221633
170.82420627085716
173.41627782067374
174.76158921404638
164.3039037885051
164.21154656250505
163.9929439405551
163.21472959177578
160.30591399625393
147.74976022222356
138.12483959254274
131.33517644559274
125.38141641900891
115.60558114402548
105.96982471136977
97.35181163869045
89.32992808594518
77.66393108257301
67.29393991680743
60.47381047319475
58.45057488184796
57.1477598262215
60.13877040935824
67.4945925174188
77.26879614345887
84.49092400041634
93.18104314098656
103.45631377568766
115.02323180364353
123.8744500602257
135.59865377869693
151.7974038059546
170.52238140697145
175.30070449199485
176.8199182575935
177.56494937954983
164.87931813635612
165.13650002207655
165.8052018261598
168.1307278611892
175.79799603521147
150.97277774403707
138.9457569983297
132.62373211603958
131.3480614091117
116.08789308195263
105.18191505166429
97.07674001416625
93.59757734527378
76.00382271220727
63.73725027176952
56.84309046872089
58.74521933249644
51.738662315039015
54.614850625757235
63.85119762540753
79.51271245074656
82.98425762539497
91.50801548126485
103.50054385868326
121.04786383585427
125.4353000663159
137.44822988325572
157.40683528995046
189.75976248189363
182.99204720479534
181.1755175431647
180.5915087748303
164.72290587186498
164.61834888579676
164.38619497626908
163.59243765088902
160.69744898354637
148.2765640075138
138.29235607505592
130.74245223654506
124.31037324158787
114.10058656153687
104.08411858342484
94.87376673280532
86.26598403731971
73.90560359190032
62.43025251583294
54.002432856797974
49.1910592342524
46.50942665192211
50.48784950980626
59.36241898603994
70.82290805885131
79.74208815232707
89.78978997523191
101.41503062218341
114.16132336861355
124.2640122028843
137.52865632879687
154.64923452406322
173.3495196610074
178.20096836735772
179.7195641334388
180.44968649625187
165.00332150347816
164.7086699395456
164.0896754794541
162.32324495795964
157.8829099044972
148.202258958578
138.89447914018325
130.91254015656594
123.2673961837624
113.98770141584916
104.32511633524364
94.93048513402192
85.80919809632233
75.12640841855601
64.93521643488728
56.806302450536165
51.209224854813016
47.91086710055343
50.71494933516142
58.78372830029996
69.18291454314813
79.01516274511506
89.74936971758997
101.3499677379147
113.59071329111784
125.54575421650748
139.13663596884797
154.77833049768032
169.89081794640666
176.45216969374925
178.9237481865101
180.20159968192496
165.91943019235973
165.88360239311774
165.74669857010716
165.13232794369327
162.62983248789072
151.0644483778253
140.99850100131383
133.1668659928137
126.35580869819891
116.26455301167105
106.67601073478679
98.208902336023
90.45371729007059
79.9946756742412
70.80126406390461
64.29048400132442
60.23530043054415
56.07869279612745
56.93679949707021
63.19404784617537
73.26502732484815
81.86028304458446
92.16709236315901
104.33174300711848
117.91963403678456
129.20229495650437
142.72458544302577
158.8586358808223
175.411843917498
179.53983090321995
180.82922639123674
181.4600643890989
166.8800282908113
167.27842947781792
168.0915673838552
170.49916051750162
177.50350098842043
155.61351909364828
143.72984324946023
136.8917024843453
135.16673513023395
120.27330477915952
110.29797052375362
103.32995626041108
100.63813187990337
87.31291591628502
78.71995114909139
74.35297798100203
75.2649406486929
67.63982983378715
67.02409570573671
72.40164731431898
84.36739402133273
87.83583638455487
96.65313217093023
109.64035094944525
128.35387833930008
134.22355853121886
146.82303849488912
164.8133218381016
190.82648725707273
185.24296029436903
183.56888092901156
182.90872429315777
166.8624266537136
166.98365608443896
167.07711386605237
166.8372151263639
164.80756370230662
152.9215753377712
143.70463755963317
137.05201044763282
131.30891707417518
121.87752569101907
113.60022857184278
106.8108808641228
101.2035214635362
93.24140884428864
86.61443815592797
82.29659820315415
80.38044650118405
77.33204955316175
77.21618091559742
80.92948513959334
87.61350042716957
93.2716729023757
101.58191200743313
112.9603846920949
126.01892563591957
135.60308367509012
147.27059543611404
161.92675568112853
177.52870918170328
180.60130921750297
181.3029729392818
181.5635787337801
166.22752166552945
165.95884980688624
165.29621355155865
163.2131518793326
158.6101522324362
150.16942734604623
143.55272501867694
138.52326816406256
133.31726929781095
125.60568035110029
118.26896346526306
112.22459324201458
106.85425365067327
100.69458796787747
95.50249239927867
91.87748791212042
89.71935010073884
88.10532385782773
88.4388944875256
91.40994880593004
96.32915228827538
101.68442054488165
109.12777523750403
119.3886854945095
130.53217350858438
138.6941237334566
147.48635827424613
159.40224935030014
171.4418932977622
176.84977894473334
178.78732464917758
179.70257609232786
165.43590744616134
164.72416821012027
163.1226935840052
159.68479002643335
154.497929156955
148.6456414580521
145.22000468902345
143.20488481109683
141.00311211534785
132.19807458851892
125.18843574019984
120.24896327887927
116.2704423397716
110.31962009093839
105.61958931515349
102.96566125898335
102.0990837205577
100.346904719534
100.65378576246901
103.91139801759307
109.22646154865537
112.96071398764028
119.52145059316346
129.5409808330435
141.97122265906822
145.8405762113488
150.3897664568803
158.45218654366337
167.91189256430926
173.8638349324001
176.74279476886647
178.16546591118083
151.3722951402446
149.02035331698445
148.44425218984338
150.13505387796596
155.97301508488164
141.02032285115968
133.3169635626254
129.76243393047156
130.6277947622646
121.5188009521364
116.44330990428155
114.98300648269161
118.05787929562833
113.48800392225938
113.4919520434161
117.76878388703898
126.88136334487626
126.0326321440801
130.9726409048355
142.1954246709826
160.13604576796007
155.08297056776496
154.7452211792509
157.77464630669496
150.1974584745449
149.3517131844175
149.2746214183397
149.91414308834254
150.78728537223407
144.2879349042939
139.7432055195327
137.52092162040225
135.9895306541563
131.36250895823406
127.47771160849152
125.83540210486998
126.39410334230783
125.36629127271932
126.69459986132159
130.10764471578392
134.7300460155541
136.43632919330932
139.52483721689336
146.54225143060015
155.40056458412087
155.04939341196365
155.19647086482016
156.64573169383576
149.8460616151944
149.52349196973452
149.56137858490808
150.31824738891748
150.82877140165849
148.2573878689375
147.36475578860185
147.29008000472348
146.94429073305818
143.75331726851013
141.00003090211084
140.24471361251145
141.1406176056825
140.72267871988956
141.84589053005507
144.7590095369826
148.3154766265882
148.77456565082025
148.96510219142473
151.6782724502456
155.53285861891462
155.59908851991594
155.40667592538435
155.97059404263334
149.8236947373115
149.79085047553812
150.4480406125283
152.20427833021986
154.1155363682932
154.97297398731723
156.28113816987164
158.73165365231912
161.88714730890663
158.70412028557706
156.81907125815516
158.4788890955001
162.48817616389323
159.26830811783108
158.5448174015785
161.30524570041925
165.3983530046185
162.7947864790985
160.80339674640967
160.16293709773907
159.12068010474695
157.45788939620402
156.35617062967407
156.10002704476705
159.91152223065154
161.79779680233165
164.45652569233508
169.990702577665
180.2207437420242
173.1275110431765
171.6425865424681
176.5016775649278
186.42736783159648
177.2019456713606
173.61983630678267
176.3150386565864
182.91201985223628
175.32297433775966
171.20011311073128
168.83702755333198
164.1785418926056
165.88299239466045
168.30827550713227
172.75872652179376
178.16529630598436
177.23299222878083
177.9765540087611
181.68844171243927
185.99929290807515
182.4715922379277
180.0759481302355
180.59330254266771
182.19259304830715
178.40482671719803
175.70490755744095
173.6999984065385
166.361521682779
167.78470989806414
170.10140395543075
173.80095835401949
177.74694574982558
178.77387699788613
180.47366661303727
183.6136230234615
186.12112523698676
184.45865320013812
182.62931606680036
182.2263769616359
182.1567555354585
179.56154557733782
177.4852187175364
176.00234890790975
167.60946636332417
168.97134669287172
171.22368469274886
174.44693601363113
177.78473468620598
179.65222219153134
181.8285021014327
184.65266305273943
186.4362960356325
185.55783508210183
184.05192025554845
183.17440464461492
182.3606271930358
180.25893497698672
178.46017497680904
177.21149564302976
161.0708094344993
161.8145266470527
162.64647755785026
165.17236743800834
167.07533759054544
164.3649862697258
162.26812828185444
162.85250886589287
164.6963006566134
162.19923755971575
161.41966265357345
163.6931150889638
167.4851084085005
167.11469773475127
167.18012465193522
166.94939485298852
160.5327761337186
161.47949368030925
162.25842743863998
165.15113832758
167.6613899341476
164.30366715894877
161.99953709521594
162.8150767274245
165.3905613228412
162.14044803456136
161.12351835185655
163.60165434325913
168.08410053956288
167.0575718006566
167.2196976811071
166.78694822796888
159.55149361031857
160.98552121385143
161.7699532759078
165.0760270917113
168.47719591528542
164.16810678849941
161.6288971659975
162.7002889087238
166.37212359069105
162.01802802571697
160.7474386433384
163.44556888754371
168.9211706219942
166.87652893671995
167.35255928174922
166.35235017291004
155.67822834327356
158.74207372926816
160.2706539581872
167.46881021336773
184.8716042224355
165.90624116942612
160.59252448863938
165.1596646999495
186.42058019455487
164.11001320902037
159.3490500590546
164.8630148537978
186.22393115625974
169.86106064010613
169.00269645192424
163.85815049937787
146.2147937062709
146.20763411845437
146.26406099637052
147.03488148833657
149.72173191209788
153.8836990899101
157.00150734020625
175.35835032880223
311.6416532553555
171.97620384848813
157.55766184463943
173.81919120899997
340.8418657940788
172.12364678435355
155.82284601389284
170.37098458024641
317.7220773742812
178.9489977009242
168.10525472223057
154.90056484551374
147.8201123039226
146.48131079572062
146.6326401753502
146.87302461835097
146.2651372075059
146.23123131883045
146.22686157793103
146.54805144245918
146.66159255523678
146.2208998134351
148.37953207948686
152.5085866280809
162.6256708019522
150.1171999047093
145.61522325159498
147.52128357574634
159.55115289401257
146.75713677236084
144.5344147276247
148.41665147825194
161.41371915125137
151.0583006844332
146.27072213127647
142.8984616845017
145.44403542069668
146.1449206909739
146.74040673129394
147.15601646515157
146.41557006623074
146.2894371866904
146.2359813653725
146.75469975080915
147.1149466969516
143.40044546725082
142.34536155772236
142.9545417518626
143.86495549719757
139.88643436316985
137.04604491003462
136.64554819935177
138.05495705678325
135.88323639030483
135.71465534393423
137.74938513591846
141.3540096298387
139.8762262239609
138.67186154817387
140.7711748068676
146.12565162629554
146.37008683156998
147.3608692998951
148.03886689496838
147.32911683037403
146.7494228971258
146.9115258339321
149.86879161842228
159.31016714698353
143.3048763662275
138.52493566035452
138.7090449190981
143.93098312156852
134.53038024945465
130.90706972002863
131.2505216490105
136.9196732609053
130.21835666177773
129.11106226275683
132.03250344397145
141.30639143414766
135.137958298863
134.91959078969796
141.07126746517295
160.31259132170067
150.4384733792234
151.0888112804449
150.99829046362183
159.92015982018717
159.4464722629704
158.58153689404114
155.12065585024578
149.88670209463547
146.88871805749494
147.31157033050044
159.37657815865361
261.5104488658171
147.94094584584514
135.23809450583647
139.39441955600725
201.45527447582998
133.70188120372973
125.30316522244738
129.86977035965154
186.80949364176843
128.70936565581027
123.23064700621019
131.01290879809102
199.9147726598577
135.78354118083416
131.45964684924778
146.26452155954647
270.6028270308313
161.9871779996264
155.43574645763675
152.106625208286
156.64443087608603
161.18101123761585
162.59203550573832
163.56145679434718
160.56814695231455
160.26681645931671
159.82220554186273
157.7615457949723
153.3401897358411
146.35613467661463
143.57217789306782
143.42541231561847
148.00728200480046
133.94369109068043
127.83863976815223
126.03163097494892
129.1117512466593
119.99841872556307
116.26990930634261
116.24618987746699
120.90927121641558
114.86654493701104
113.83665273147066
116.69798691819516
125.1265646247052
121.27246037277165
122.99607786999907
129.79841150281857
145.78755895041326
141.19821155279328
142.5153634851828
148.8365009271983
158.06749319231918
162.69757246329436
163.94080380032895
164.90142452982298
161.31389276496188
160.96057689091637
160.52200298468753
159.1080006031786
156.0618621298538
148.1635844662718
142.39909900490824
138.5665626993869
135.2551628455063
127.9703793985216
122.05480703496684
118.1847850442864
115.72462269236483
110.7766549429906
107.48610725934857
106.28582292156352
106.5075067619906
104.66570650243115
104.6283545449428
106.91667849302443
110.94924610367138
112.69808387907698
116.17716981344545
122.37792087986706
130.45390344804838
134.8725067398302
140.85456564649684
149.53602830217181
160.30187162688867
164.2349373916472
165.82091959697837
167.1962035295838
163.62295590070312
163.57374732861294
163.47686938035457
165.34425308929826
171.77659756115276
151.8139033617287
142.79242579278076
138.48639180422282
138.71583266391184
126.07683600155488
118.36352749595841
113.86024413219187
114.27739342955364
104.28793092909987
99.440280244907
98.47289367032741
102.5927940961077
96.70633971191845
96.25375063542032
99.93295672935443
108.74557051639836
107.49201501959766
111.31550632853386
119.18796429306873
132.95319002337584
134.24627233800143
141.36265629961582
154.0617368911686
179.17424266094616
173.05584703978346
174.6040512964784
175.54836209876817
165.51516506581612
165.9851793746534
166.6459111674471
180.06402387479784
279.9288442415112
160.59788006578938
143.4649129853157
142.89201890361346
192.48104511295185
128.44694429302254
115.88367648670634
114.5005997117934
161.48064308514057
102.12697518357454
91.97089583994554
94.55130757189059
145.7411428261841
92.68151832615855
88.60761370574627
97.04276844420548
152.05036454861204
106.61192513196147
107.4319251389827
120.47048857752793
185.36579158196508
138.38890884275915
142.2813143164772
165.01977459781514
296.9668154076209
192.77702639623254
189.27865361309895
186.88153583737812
163.5490353742144
163.45481563044547
163.2948919654766
164.492498306493
169.21527020363047
149.6698164463116
139.6128310984412
134.0577597681758
132.64266883253197
119.68559610302306
110.7310250194129
104.4331516089702
102.18649088720008
89.3602772251134
81.81401165219961
79.13172005873227
82.8148350680436
77.36034615675347
78.03330377067213
83.38417109786319
94.11888948999128
95.31139357066033
101.20100049074848
110.53751906345695
124.99139711322049
128.56588893746036
137.82230078882083
152.81874814811962
178.29888642773997
174.26558870737253
175.95414922022977
177.06978107300182
162.34977265361906
162.06476679006704
161.6874805835199
160.4104569368886
157.18652870525787
145.58581290889273
136.87855495763858
130.34784693866823
124.44398986172463
115.62088231570468
106.87317478978053
98.93514478943239
91.68754070542154
81.74902681618691
73.26763507987341
68.24616299602575
67.10077536393477
66.05293710211667
68.37538298341168
74.14577119610256
82.17382817583375
88.55535978558761
96.33816410429475
105.49412627774471
115.69719273072023
124.10731744341287
134.83592905059476
149.21440401236015
165.95600080404418
170.58537568521686
172.5789800481936
174.20431360619438
163.42711920527867
163.3102788975081
163.11937766248212
164.4884395002792
169.9902837747318
147.69317315493478
136.68926002553775
130.4151307511742
127.41237481764853
114.92412739627044
105.07467721526513
97.15137814743112
92.57217523618615
78.11195121527824
67.58125654464143
61.64859422699337
63.622629952497064
58.55888484899954
60.88926960096517
68.60084671492884
81.27399013830605
85.35430040804246
93.42605303995043
103.9375010151357
118.31507399021125
123.8925486627865
135.02043158882958
153.2155929106135
182.64715776892783
177.81652351596256
179.72427001866566
180.93031139074597
165.58488825837907
166.04360537149884
166.71340726372475
180.88463528017328
279.40166511894677
158.1780785238046
138.37317057658032
135.03859045492874
168.417734177454
118.50178254139911
105.08870703554378
100.40397270831717
134.6241038848722
80.1219268690066
64.9632027181462
62.107335831678576
106.40365679132252
57.06133968192865
56.03169724042537
68.07950341068721
117.52984133933141
86.78105609988394
92.17857474235589
106.76730512800965
157.77901172712055
128.92024968435217
138.0100579069884
167.37768998831262
293.6762344242676
198.55764108186605
195.11494100925486
192.7919306207172
164.16006962218339
164.04700240555823
163.8666996712178
165.11776708207572
170.25950101785398
148.61660805378438
137.31118298603718
130.28507225365558
126.873089280932
114.00585513373721
103.81072145147968
95.31671992790643
90.15150651823335
74.95321826227412
63.22586020949657
55.58430002419614
54.558269242022476
48.170136429313025
51.47177058479524
60.62448242876962
74.81109584528069
80.69221832300076
90.12045695212105
101.96188126158688
117.46667639538659
124.28880524729949
136.95609964249172
155.90800491682648
184.4072104424267
180.3548799271869
182.15431627441433
183.30936255835027
163.83600200927162
163.5578844293711
163.20756184882097
161.83352449203235
158.47766925548817
147.56396850094245
138.04665789581813
130.25171176938605
123.17125525566837
113.68332056427255
104.14641228789839
95.04279426823993
86.59665456813589
75.69131839851103
65.59125582597929
57.70269439453321
52.67560571922793
48.910019088841494
51.518321981418474
59.56059617948106
70.21720651407098
79.51442349136212
90.01723715598936
101.50796531943236
113.9528642145735
125.25767272142268
138.55489633231795
154.36019484707435
170.97566697687014
175.91185806639837
177.6966658648152
179.20717038991876
165.42692974702456
165.31703080336518
165.15142349696544
165.9160234582816
169.13332997533766
151.48826285454385
140.49526609947847
133.18707612096705
129.30478575694636
116.57082676422682
106.72918223445839
98.82619489608867
93.78391263908125
80.93895814303124
71.46655016431203
65.45330885855026
63.980445680524284
57.299370285324315
57.718144105234344
64.2971351036729
76.69169891071878
82.73855146544442
92.51977317019495
104.9809360655781
121.3787890287366
129.4967244731739
142.48470466973018
159.81792596712478
182.92844618682219
180.69051274139426
182.1519552661183
183.1449747635056
167.76604492414555
168.13255571299894
168.650174432333
179.07524174411077
243.6039663899211
161.69216638310522
144.1643003263166
140.3320895603082
169.04066138641898
123.4970056305818
110.83347678505913
106.47281810580895
130.51891193578143
90.65764493572833
79.65020814494348
77.79459312865643
104.68013707429465
71.14113443891246
68.02336595344163
75.78775973851936
112.47999275736852
91.11154559111309
97.3737811983386
113.24016302799089
160.25655295749434
137.9862917869887
147.77761093299435
172.24097439461826
250.22435067741898
194.8942012004039
192.82513048290716
191.4062618387172
167.23618208628397
167.14660889758036
166.96691849937142
168.63187552694285
173.72693145921465
154.05271562279884
143.5671445443229
137.47705479331805
134.95750783543872
122.43340288795756
113.78724761745046
107.45691009409587
104.44077454231338
94.08314292674045
87.1118532435217
83.16778842233624
83.67141746458759
78.24928489497992
77.73181630068811
81.79717050346748
90.85412613688807
94.04792760730527
101.87572442358339
113.70092858184718
130.08112225684062
136.18606182533807
147.3857261719616
163.71058229817808
187.1187422849059
182.85626388370736
184.44218235562053
185.43592507102872
167.19319423117577
167.17998336934554
167.2132904502531
168.02132508751356
167.00515529432226
150.67049619788776
143.2284341721205
138.57259809799072
134.15469718999043
125.74158010403512
118.36677814652045
112.49306462340577
107.52926632099448
101.04463460639798
95.7913309400137
92.20441037608626
90.28119591072344
88.436222198143
88.71136590689518
91.75415857922897
96.99581569014295
101.96189587063402
109.2352809308378
119.6784350968311
131.7926228180063
138.72665073392065
146.43724561959456
162.61913377285651
182.2054096737921
182.69660333138503
183.3925300534436
183.996497095403
167.00843640006423
166.8762144912326
166.56260766981953
164.8132425339841
158.85760048771849
147.93211191806992
145.22608061183846
144.4115140022506
146.8642226699929
133.24009600729914
125.40553826475313
120.8547391641185
119.06896155723231
110.87223490726458
105.759934734717
103.35255182367143
104.24644505207885
100.69328543402608
100.74047021265157
104.42891694168819
112.16158423565297
113.55708505756094
119.77486438487148
131.0766320375861
149.24847838390264
147.62702512250436
151.137009572571
162.53563872404524
178.2006631572004
181.5898437872284
182.52425421949698
183.14846318748104
152.916241132265
149.39740594741136
149.4318764530433
157.0065016705167
195.61390615359102
146.7395238124901
134.16470553942565
132.76949489695977
152.6869412941804
124.09108608728447
116.64968845378863
116.97482402687118
136.4207018252755
115.40805452377117
113.58984077635377
120.40108573050888
147.7329359658071
129.17979453174345
132.07032482778163
149.35222640954152
192.1655660456059
163.07010564330858
161.36142157778264
164.48694001260176
150.63023124545697
149.6864082004052
149.68913973251736
151.73625570659598
158.0257619407919
145.49676450125466
139.88893632098154
137.91434699112753
138.8195694142325
131.45147802016365
126.92361385353612
125.38670490812635
128.02745757415084
124.78442758792742
126.05972417202375
130.0300368681636
137.42909423470556
136.6828157310752
139.36189832424483
148.1796942583239
163.21804677803078
157.4855737464141
158.4170052165446
160.11642110609475
150.29495935059947
150.05738733604775
150.3672383567349
152.47178958710813
156.0145053382271
148.53880790197033
147.27852330868845
147.2987353590274
147.60202362807638
143.3816768980969
139.962822828217
139.03298186083757
140.7026479146417
139.37362030132368
140.68088216218874
144.06093163968032
148.81088055457406
148.5812165886623
147.60620971917396
151.99378763153953
161.66703218303243
158.54470149247263
158.48928901533918
159.08804143794228
150.3936650909618
150.4739763205509
151.17832105482663
154.4555028274105
157.9581110573098
156.00247430418293
156.35176067422245
159.71897383087884
167.06819389278243
159.1471632740625
155.9802264121351
158.45421657063844
167.4215944392515
158.9638432127698
157.1658813822574
161.3580495464843
170.04310324741817
163.74671785800942
163.0585928405056
163.73929169679542
165.2792819171265
160.48263324785012
159.23399332284654
159.13652076592743
163.57332355280937
163.7960631372232
165.17473704954358
175.13424061525254
201.38289867446673
177.68158211627303
172.13768805067204
181.05087940326837
200.61112252245528
181.20863707853803
173.06972041142882
179.91397223669574
191.07917403750199
179.40243376536546
177.01917059872054
175.84155255968858
166.5115930886756
167.11495951216347
168.10289351625366
173.46499533821233
182.85194885015036
177.17307902527529
176.50981952976144
181.01330921922354
189.45887771047396
181.4495296866508
177.91211107678663
179.945349928309
185.16438492512725
178.65359463431548
178.2919192389348
177.8236910058078
167.28307034726643
167.93695232688523
169.14606645240295
174.40233388341605
181.92293866538174
178.3630648541023
178.18796453924475
182.58973348245368
188.89638085726781
182.9584494762325
179.47587384910523
181.12296405140614
184.6893084859062
179.68308628990056
178.8585548201813
178.3807377695058
167.83704686791785
168.56921743203986
170.04448386260566
175.020460122662
181.28635546026
179.21442234867285
179.54334294661615
183.70374560648833
188.56641135733392
184.02278316137645
180.79589186218735
181.97012407223264
184.38015696117856
180.38369540996706
179.31846898713997
178.78633704268623
