159.47394694907794
160.34846384152235
161.33873426613314
162.0740181337549
161.42416256493604
158.4658440792761
155.0998649495375
152.66758281310342
150.78804052124678
148.5896238817431
147.3243721600261
147.71972638913465
148.73557615345163
148.4379676179796
147.34804597901092
146.01349617890136
158.74505311941735
159.90432299445612
161.2519795282484
162.59590855573632
162.42944719200605
158.85563857186366
155.02737909318725
152.77773584304154
151.28542135485648
148.5045302731046
146.91204173000853
147.65425637911312
149.34008198515957
148.65218987835894
146.94831231401312
144.8548690883299
157.35671780085335
159.00385128765822
160.88855113381328
163.26385810124842
164.25532416888714
159.280068689874
154.634172535762
152.84567557112695
152.4524971708801
148.32194034911498
146.09409483755167
147.47422914414634
150.64968390325694
148.89508055878002
145.93215643182566
142.25993524872996
154.76366694357213
156.83541137521394
159.5342892675051
164.10289557610923
169.21901843966072
159.49245106804722
153.02305358831842
152.52084122579333
156.27985861125669
147.64954804640894
143.86705868393653
146.72299126981156
154.80077594265975
148.7505525080424
142.71776591323737
136.33690984418877
154.35202579548425
153.75208784953077
152.895266057071
152.0318067396987
151.90514639878657
153.20939544254
156.10605221038668
163.28734883963352
183.39310447582494
157.5918099104569
148.36855173491028
149.9018649525576
168.7604582920659
144.67614568165504
138.4894423412292
143.5898298612272
168.05037830820842
145.87702817487724
135.50360393075024
128.20458039397604
123.92416790493948
123.09710098350483
123.1964133582401
123.45145151297295
155.02766423817877
154.4506575002113
153.69805224730837
152.46840571503606
150.86517399289994
148.9983808234168
149.205300673832
150.67076772776437
152.32210742554017
144.40433233535776
138.2113697166365
136.01788485009925
136.84557874086582
130.61995561654288
127.62974865015681
129.03084700993747
133.6041576038955
128.8751184406682
123.89673025212744
121.19470072144391
121.9891309109275
122.93134999654642
123.48444288908648
123.86684774654807
156.09425812689608
155.34646546020863
154.8149981756619
153.90783634881697
151.94934898484817
147.27557834655562
144.2041103117987
142.6951923747005
140.836575086323
135.13351015981368
129.79597340920452
126.48357515221107
124.48205772385329
120.56833508828564
118.08540158609284
118.13396376667751
119.59216778552211
117.83758510051554
116.42314191295712
118.01684147749391
122.39941423460768
123.88776955449379
124.33486805197457
124.78507724647933
158.12153664757267
156.59842012821363
156.21725534183037
156.7197742583223
156.5717603712954
147.16310279319953
141.24887616730712
138.49995995201235
137.01907395136942
129.43713405997954
123.45473826180533
120.25210868441634
119.14273453858324
113.5467188837423
110.22778692590958
110.44153753177189
113.48103876143183
111.33953870842636
111.53723557148285
116.62522292031237
126.65879105868464
126.33774853455093
125.63686133504405
126.16538270180631
175.1557396065767
173.88374436294248
171.48033302409672
167.07253563966458
161.63190007018122
157.82402279565673
156.9292795279364
159.3946708392844
170.41979336736588
147.22316702960296
138.38636111777097
135.90396352032266
141.13217554559964
125.09924005612062
117.36883365142977
114.95604704893957
120.4464350798989
107.27599985740584
102.27640016286425
103.77299000929047
115.44947390530031
106.07790639156747
106.46086276290762
114.8262373751356
140.622858736465
128.31876956390036
125.75606361770878
127.87027596297436
134.36316984969383
140.5013584674069
144.21442928836822
146.4152436003189
176.56143022794484
175.719595463626
174.18163242656988
170.71826232291377
165.47119811757193
159.27161255489813
155.07039655076292
152.75829578136816
150.27105124828782
140.2894391152655
132.71534693642084
127.74572951067726
124.09207060671234
115.53028916676224
108.6921290851159
104.2861750297936
101.6333036645123
95.40540444845907
91.4650647945162
91.48010098578912
94.99979132380159
95.0582938787439
97.94955395533496
105.34110554027207
116.0069198041386
118.9535790166421
122.31894996830245
129.25108003540652
137.6877696547894
143.89923912712504
147.01462297016678
148.82940369956984
178.29826209353024
177.79828177882473
176.8917919468234
174.60728552648987
169.9028420649499
161.91955076405523
155.14271079071884
149.78956392871612
144.41717230098055
136.00743430455432
128.10012670992276
121.51510960839235
115.34624493154372
107.22278718159326
99.84760765176185
94.0074514883054
89.25319203071716
83.71780051354824
80.0791875632506
80.09633146433585
83.03676751285943
85.98664789293696
91.12530088681753
98.79688884571195
107.94225036417602
114.6341240750947
122.09378969394383
131.648532146064
142.47434275151986
148.40057123946983
150.89557889231136
152.31951161943303
180.18430396419188
180.24395332950334
180.29123916309473
180.11193689204921
178.13406248377586
165.50457511424764
156.4568556206248
150.35737800009468
145.1554963695206
134.6293378283112
125.37493585271379
117.94227845790125
111.59412892387485
100.93828327878579
91.81136475467211
85.22571537461292
80.52701023075514
72.94868989455632
68.97364876853702
70.34383019758162
76.22884563483356
79.88679833328966
86.2593808031489
95.75835686748556
107.31998741737159
114.3198128329702
123.23174122012779
135.84102519507775
152.42028769191577
155.7867975882541
156.56594642871863
156.88686876763424
181.42581530078152
181.9138954328221
182.96997835759848
186.3068372724046
196.85964013047663
169.41713810410366
157.48426696927663
151.9416639232475
153.18602994427434
134.96213750343136
123.60783524693738
116.2488201163291
115.15006890396133
96.35321935175791
84.41478806721555
77.580177951977
77.94594346730254
62.74237876868308
57.917901196130714
62.33165055881176
76.66673322953888
75.89466987590193
82.67970405226609
94.51815142743703
114.35651374282216
115.19298517516148
124.28705651987813
140.91637953688937
174.62190160663366
164.55760970731018
161.78260163496094
160.72837330222114
181.30627152919266
181.28003534900054
181.1749121221184
180.6604790275625
178.01024768602312
165.20230865525886
155.27472970816967
148.2772887215994
142.2262552725342
131.14619572127452
120.50903574551565
111.14122622874001
102.35796117791502
88.74789216617432
76.05520784306906
66.14295449938695
58.541985634743575
48.741045631398826
45.69494875078017
51.50185924121776
61.72442262820387
68.99852760035688
78.23895683805635
89.50299056946224
102.2045192672345
110.87713039656596
121.85942383087612
136.67218875938195
154.3421866584547
158.89321411216304
160.25612986204905
160.9447956207321
181.26602872243564
180.92552637994922
180.21369568405848
178.21150724230824
173.22214033913147
162.81585365856995
153.72414810059757
146.2402394733361
138.7992958785417
128.98789604951156
118.45046430145351
108.0220417052062
97.40021959373101
84.10935147529194
70.2405422250985
57.85007253639282
47.50366658029829
38.15130442849854
36.775921080661696
44.340937878640005
54.96250120643734
64.91025075389175
75.51026776083418
86.79703575231393
98.30231499350204
108.77258024365004
120.68475093421588
135.3610334148386
150.89224257252187
158.0719624066472
160.90228661172975
162.39350951856298
182.19636539540832
182.08097440308097
181.8262649081906
180.9663982211065
177.84015945885037
164.55200427317797
154.2805334751817
146.853354636658
140.24721935891662
129.34595978590835
118.31311314244545
107.92858973736197
97.80093375555377
82.99938811859217
68.03591761243456
55.05850470287317
44.71099198267797
34.243775746415885
34.157634762002054
43.300225060620086
55.813579612009654
65.27486714856853
75.85070387535897
87.94152576328932
100.85969665664778
110.57914041656521
123.07936337171351
140.04613443712873
159.35327118837793
164.36041433619107
165.97714002555398
166.78303686096993
183.3959996513378
183.6727584923348
184.38179937076097
186.83665123882284
194.9658617601323
168.75640008493932
156.05367613477225
149.32216781439377
147.89757414825337
131.35223980051785
119.23048889568734
109.92278219112696
105.29691752839986
84.9549779547823
68.99036155347943
57.54913615243207
53.22524078216756
37.65464892860949
38.202117196155754
48.355770759871014
65.92339935617852
70.08302459961627
79.46211341777422
92.52340835003339
111.2028646459654
115.77613453596068
128.17923343709455
148.50049788731874
181.78528677705864
174.58318939093311
172.6376942929716
171.98910770361508
183.94330552707066
183.85552776612894
183.63489922609114
182.82609794562782
179.80229312501135
166.7776697207636
156.31016914598553
148.37134431101293
141.5223991762937
130.51593402560135
119.57457361475278
109.29291194184349
99.57375497264499
85.40086278833962
71.45364281381966
59.89948847286627
51.033943995715234
43.22501264105499
45.44919903738394
54.25612181827376
65.5184185339224
73.9756694101451
84.09340807512591
95.75063371419051
108.64912762266668
118.73658264442996
132.00862276087946
148.9682233920886
167.5890407695404
172.2574951608263
173.6197962411205
174.2206443097093
184.5617626388614
184.27215794915182
183.64384875683106
181.81729955894463
177.2102567864388
167.19157534178862
157.54865754349686
149.24876889498654
141.19575322151434
131.32592428541653
121.04416034062912
110.84901407784812
100.65226198394517
88.67529983119323
76.60927818030048
66.10399099906542
58.13732188764565
52.95981671499041
55.31138909319662
63.02890297705319
72.26394033905483
80.72540264381868
90.56032533545596
101.42891966298627
112.96981955916834
124.32807369279469
137.37755817097306
152.42228786262638
166.9505643741734
173.11997823286453
175.34012214536693
176.4248960918624
185.79055277316903
185.77164992228853
185.6535319332883
185.04881869891898
182.49961054391255
170.6276078941463
160.3338042496085
152.2861446964681
145.19740435255883
134.51439352831235
124.31674797225304
115.24721640311569
106.81262080426987
95.23004447491715
84.59496186376612
76.67886873413336
71.13239744241224
66.79779249847601
68.13452434915528
74.60218711044772
83.50135055157327
90.42191524578709
98.91189007671356
109.59980830980508
121.88482620472114
131.80403939305344
144.18068901569694
159.22606438472553
174.8735433790227
178.42946880194813
179.3850632830943
179.76129322440724
186.98391094469818
187.4115127122044
188.2784744073496
190.8688344267394
198.3813761985954
175.71850360765964
163.585800701172
156.6079807747633
154.931275487911
139.37682028320253
128.8808971363448
121.52471368828799
118.54281426657228
104.10976461661953
94.48624714968605
89.24522853553066
89.58840170769963
81.89235307003048
81.89781317074636
87.9115814820946
99.6348308102957
101.33060162113603
108.12984558150046
119.33108719580021
136.53347004544293
140.4457783202
151.36258680650806
167.74329284480172
192.86231796268888
186.26321482489126
184.05982301627986
183.02195142882448
187.06733353382933
187.25000750125275
187.43854064553608
187.3507106273328
185.42852986213046
173.29499920360448
163.88295072688612
157.13614142682414
151.32090010052036
141.51503727443983
132.91307464454667
125.82398529164655
119.83880815202232
111.33363010526146
104.0413186664008
98.88272965437744
96.68894370436074
93.57718979659357
94.21697534586527
98.76597203902057
105.20416451238056
109.87069825569887
116.58914389316861
125.94747742073791
137.1176479717223
144.7087202977277
154.41899359611045
167.0664420419414
181.16595621399208
183.20907213054457
183.31877624697057
183.14746847284752
186.5616076632129
186.3617146758507
185.79164677210977
183.84131305077028
179.23598022876504
170.6728728224608
164.06275111136534
159.0565299852283
153.78858654318873
145.91064806385893
138.43780465469683
132.10910402847702
126.53355730549352
120.06231445701916
114.32407749291175
110.14009939816091
107.8349190114672
106.26009942096739
107.11109182692667
110.61563846391871
115.56588862310345
120.14207581304898
126.27168303883826
134.88780048399354
144.24292410275262
150.3189311437257
157.1085508193479
166.76618508467345
176.59978761623213
180.62376392536703
181.8390788353125
182.28796792754633
185.86753577595917
185.2351065317921
183.7569064094113
180.39773677717656
175.287094225858
169.56069006480973
166.17716811488208
164.1590751616885
162.0010403488109
153.13642458669707
145.99583018945475
140.98867018648141
137.00154017067672
130.7722651658472
125.57685086101462
122.61936020210472
121.69255640378385
119.88218416274567
120.57096267528145
124.13928131918489
129.47463714082446
132.62950861153627
138.06509512012693
146.6717825459815
157.21834120766113
159.64139410921325
162.65308765243805
168.35101019336685
175.0943831587043
178.9306037513877
180.67116117959878
181.47236650659178
172.5162848705268
170.22757100359073
169.6932677021754
171.551293002809
177.66302645770799
162.4631316847238
154.70810890524749
151.3105475254303
152.30723307585205
142.80424997838603
137.4457008240742
135.73613364873108
138.77549952645725
134.0710041683226
134.39878927609533
138.7636410748916
147.85131537178486
146.4778306072744
150.47027591295702
160.10304488706302
176.18564829658342
170.1273339098237
168.92678451328032
170.597355894553
171.58369161375578
170.7959355621823
170.83199616419816
171.66052350600575
172.60425643845628
166.18061168077483
161.80867539256337
159.6973652955875
158.07946334686238
153.37559750333634
149.36075945243243
147.50574492541662
147.88263869773252
146.91141517793193
148.23061618159906
151.53619723575042
156.0662937993186
157.3552609540333
159.71184158714027
165.40613107690868
172.67152665094585
171.26145140695402
170.69350488083617
171.3325287865907
171.38523734187652
171.13918413243846
171.3293230378467
172.22628184516813
172.92022519052628
170.5478048307809
169.8336627948821
169.7101660851236
169.3873341751571
166.19786358978214
163.4105470286314
162.52789464019966
163.4803095798077
162.74395195384176
163.74427745286215
166.32983098705574
169.8256528764538
170.01754902342455
169.68340621629957
171.3227494284882
173.75935969665628
172.65695808721554
171.70335021573314
171.68103558449565
171.47751893953972
171.57758819077557
172.38709019174374
174.35261830079202
176.5366062536128
177.59016033349116
178.85475982821637
181.27665564761813
184.5696056452808
181.40030422170733
179.63018799576528
181.2376795524822
185.06857810102025
181.60626512459865
180.57486789423206
182.7908291509892
186.68785200050127
183.94775484978382
181.88919904150436
180.4192413246401
178.20855295406184
175.2786048913339
173.2728254677535
172.43652721770988
182.61471615322117
184.44621936075123
187.07170810669425
192.74420469990014
202.97295501167824
195.93629676333768
194.57006982581154
199.26053955077745
208.8088556087898
199.4283736495702
195.56252746360158
197.6552622350537
203.7850640492812
196.37481728292755
192.20368467648873
189.75074410205346
186.87521190290002
188.56488952708878
191.119861141309
195.63510321245408
201.04090643502735
200.14849440460108
201.03222614889975
204.5317291479516
208.58712371584332
204.73951605776455
202.03615178874747
202.08871306198853
203.31604385857014
199.57789437311035
196.86450485039572
194.80940669297166
189.0843803379943
190.59243037327292
192.99705080329247
196.74018756857558
200.6941026760692
201.756004006208
203.58470819125887
206.5134603892743
208.8085314579183
206.77369359870178
204.62317161411693
203.80581966276432
203.40535795863883
200.80304813988164
198.7236508099087
197.19839374462734
190.42054675795575
191.8581622661307
194.16308834667063
197.43073154116553
200.77568812801147
202.68535746696145
204.9702938324459
207.59581908268794
209.18080110706327
207.91360979535705
206.0796280261256
204.80840061912812
203.69367368872707
201.5482529959422
199.74051731597774
198.46963464916502
158.79544696355867
159.3750071248742
160.03790712495442
162.09739716663773
163.15884568097675
158.93477468421295
155.10030732771472
153.8616121389219
153.86058626938248
149.34891602040412
146.76286323618575
147.7804029265331
150.71772387880728
149.5627081129903
149.44436956932992
149.03076216708826
158.3832851452762
159.10953920634242
159.7288311025725
162.14746098356437
163.84510129815027
158.89462190569998
154.81522405442772
153.8191483977795
154.6127387798773
149.27799164916686
146.41435565962752
147.62305981311104
151.28309702178996
149.40913982043872
149.41402406971466
148.7479040778373
157.66700155453447
158.7178847877572
159.3291026542068
162.1457288929111
164.78536616650783
158.76996610969638
154.41262394360976
153.69262820852552
155.6769936652156
149.14448845496898
145.9823452745425
147.39005449754896
152.09906333285002
149.11210924727354
149.45103749147412
148.07649744652565
155.01341507875435
157.0701067587595
158.30583736434687
165.1632712430315
182.9237764340045
160.9108947747609
153.42892844169862
156.38673153201879
177.360830811481
151.27242319807306
144.1876148781108
148.517248039284
170.4012547634242
151.925655257854
150.75603110704313
144.5737407846116
152.80498802889701
152.49411101669705
151.98370516302626
151.04294899349924
151.0887765988623
153.24763852228668
155.76135093931848
174.3657751070069
320.88133999215836
167.85648996151951
150.33697306540174
165.80834839369828
344.7526943981983
159.7476070117543
139.95753080428946
153.9788718508153
312.49644855860413
161.17979731644698
148.93972916054906
133.3464373055133
124.83062331275804
123.21213591526745
123.47604995882234
123.85614448914505
153.13255413553264
152.82169877403862
152.4786488961771
151.57481768225546
149.928677183265
146.92574185400792
147.58495993491292
150.51059410985482
159.8640407981974
144.5652322665239
137.62912946822158
137.3462902026869
148.07322986840012
131.96232661873918
127.25485277190609
129.60134112077174
142.2945725332133
130.05168078112445
124.04723140814862
119.559614173601
122.03776465514125
122.89850341913734
123.67113560938117
124.26351256027174
153.72194158344496
153.18864575194223
152.82616246968658
152.2620661701751
151.1908606517486
145.47139841939392
142.35863485679488
141.18033952595655
140.33259278207697
133.9146672106482
128.57513061537318
125.66143281325114
124.65871254445089
119.89332580216872
117.21310378951497
117.3710020204336
119.74687563798811
117.0568805700458
115.21282252933409
117.0150550464099
122.69604243854869
123.25091806951828
124.45697608463072
125.4700000624623
155.94918577212763
154.56054686041125
154.43187079024477
156.75294354651194
165.48153726513937
146.61039701325922
139.59926292357918
137.74808976214322
141.37681561531878
128.83206265614317
122.27761978350148
119.85644001686555
123.24621963186495
113.31387487837708
109.35781690001146
110.2869412415877
118.67432678097774
111.31056376708676
110.62195796479203
117.07374086249419
138.00050077859328
128.00038460898688
128.8876162239523
129.2058544532391
173.85424138568038
173.24388406624726
172.12477949952068
167.6534838198431
160.5614902955222
155.98762663360162
155.93053619972395
168.1659307441848
277.81468319082734
153.0357498875799
137.53499354150503
140.01410717115235
204.8674152586997
128.8320983323955
116.74992126370346
118.49117091474245
177.05180351396675
111.01346998896278
101.97754001048108
108.08431424235083
181.25371796146928
111.20656969443195
106.4240216671598
122.3578474752579
257.8402403579788
140.7877144376721
134.15335649524965
131.7162279787514
137.71741918974112
143.2928040514976
145.05288201212463
146.21489493708538
174.68904639977512
174.3053393287879
173.73926524066175
171.09498376570164
165.6429901183336
157.00960356020877
152.97787962448814
152.03618411570196
155.97212704375843
139.3994094278786
131.07641612596092
126.9172948576229
127.71994626552615
114.88267664493313
107.54267523909677
103.83584424053767
105.17176612884849
95.13529815687626
90.64607939004958
91.3141607205329
99.29118052868174
94.81783204700756
96.9165694904196
105.21633255704505
123.21173664898903
119.19111171371232
121.4915810980041
129.26738071292982
139.7078301692188
145.28529489863553
146.70705133851823
147.78664952137953
175.6341607630661
175.18866155151647
174.63827731584604
172.76483780867667
168.97420423599837
159.93920202910044
152.97266332142308
147.87937053470552
143.35468446525516
134.29904530075225
126.3684204336808
120.03116917764777
114.61726365335319
106.03905777745423
98.68550852356228
93.09442119623009
89.04734820518222
83.00530201677711
79.26016300887578
79.37995337228571
82.8495714242189
85.08253781713371
89.97215542963853
97.69134014172651
107.59374021232277
113.33975932296885
120.57229741511328
130.37517334828254
142.39109770495418
147.07809768798577
148.83181976523744
150.34867978000162
178.49632008487458
178.40707824532728
178.2611462461073
180.02209892221504
186.53134853659856
164.66454174638025
154.48851724192485
149.13389467155028
148.4011161596222
133.54735491557986
123.79969447009692
117.07111094776107
114.76659711917114
100.41333849689906
90.86841986144795
85.02420917342049
84.3283263090126
72.95491388590968
68.40781481462116
70.28283870869146
79.80955070204627
79.5753037156785
85.28842242880744
95.30528443378151
111.363796732077
113.69752792620837
121.88310304249396
135.86592044693364
163.10511260566335
156.81853474971152
158.50261904124292
159.54073286121567
181.00384921441713
181.48062855427375
182.159319314205
196.3855166408069
304.21249790967386
175.02197009439539
156.32484430158115
155.16444686522317
208.09429611951634
137.78830693187098
122.63067081665208
119.29781325547363
167.78567042452133
99.83066694440419
84.21636513409396
81.56995479684026
130.62608260196365
66.85717343752648
58.123828890141546
66.17972118210004
126.60147456815027
79.38211017834837
82.24568942466159
97.97037236825075
168.84932077563948
119.19751817268452
123.87110196347636
148.32787391155668
290.58713302341147
178.3084039555051
174.58548113871421
172.04517267627642
179.53856344468593
179.42875694362863
179.25284515470037
180.45729663260173
185.34046813497304
164.2722599745323
153.3055210261171
146.9689072834014
144.88869849183246
130.01304833880022
118.96699712138583
110.3215827125077
105.61349680237034
88.38103078611437
75.37852314223807
66.3064924602739
62.88700847160747
49.20244408531826
45.50301752382229
51.676145565406664
65.36440132353717
68.79280328544401
77.3664195475925
89.02721028075517
105.61333259488524
110.13043671005443
120.3836410291473
136.40716996818009
163.48717913213457
159.4102172245988
161.20820647534617
162.40180534973769
178.97406897089778
178.66615530340445
178.26222925326832
176.834601514884
173.31380746807207
160.95484802570846
151.56122037364435
144.29548864010482
137.44844873201234
127.29165383000031
116.81518646448359
106.63822577402247
96.77787406135974
83.21870530438359
69.49758396807256
57.465542072916435
47.99908000881783
38.078499620598215
36.51320773349589
44.00421186727585
54.9552132212272
64.26826531377539
74.59049634216265
85.77513364298969
97.59711354040526
107.23921998953205
118.7953772465839
133.96114054704375
151.69822199234028
156.7770219651173
158.86147061328703
160.56837341685804
180.81867500605819
180.69351603017662
180.49007738439218
181.90627495675636
187.69666707419378
164.03968609832177
152.29103468680808
145.399126652975
141.94631066359827
128.10870013830427
116.79835018903894
107.09466762348886
100.56933061019451
82.66745195833157
67.40988522974084
55.31092618775228
49.23184129185347
34.74190077977312
33.95079022646481
43.42040183117852
59.015938701640856
65.13159193150526
75.00593359736182
87.33295280974146
103.22108518221812
109.47788626275164
121.34800332712395
140.38001413328408
170.91590776744684
165.9242734880549
167.90108639229402
169.15084548428848
183.55641687300468
184.0400618377643
184.7470721517834
199.8185865871671
306.0733745042504
175.69528826106236
154.74025093953355
151.1753493601008
186.940981796695
133.0982943214668
118.18949964580965
112.47049563276889
148.17339975753524
88.09568377697677
68.8942598498954
61.75233231312458
102.8240418849022
41.97163598493413
38.36264420912774
51.54494002984446
105.17443822819799
72.86620379549838
78.86081537081982
94.69954985642372
148.9650476472572
118.22478888234103
127.49473273968721
157.5923473837812
292.1591767729145
189.87373448145627
186.21289992461806
183.74426374556546
182.5983718312703
182.48031068978398
182.29039884879757
183.62517727407277
189.08095276804514
166.2355330812368
154.32543342795293
146.8964417350292
143.21059717899075
129.28204978709397
118.05734745833855
108.43491612334572
102.28695469699623
84.95895765948212
70.6553427113783
59.9059582230885
55.10887444649076
43.35383280997505
44.825533033235324
53.99984570275477
68.25750162639531
73.52447695175012
82.98266094759813
94.90211202860192
110.74198609577957
117.34302930285739
130.12499012723754
148.99014641864403
177.8516662110037
173.30956016951097
175.14056447564056
176.29955017468131
182.40044577034485
182.10849930795536
181.7402689760506
180.29752380223354
176.7821443809862
165.4292615728673
155.5115804088809
147.34845618050403
139.8186005556636
129.65107971467796
119.41099398104785
109.41646710298278
99.85131176828008
87.54887837848317
75.51740415844974
65.21299997126138
57.866179605422744
52.19158845948547
54.29074062207865
62.05530939329625
71.6460102459475
79.59148550926984
89.2214353459715
100.02635817171397
111.85929312786521
122.53252779730809
135.35428103117488
150.60160794832746
166.67242531319144
171.2534474160818
173.01176692539892
174.49073313389258
184.20698624958166
184.09395138963578
183.92299338642528
184.71697783151976
188.0732993581145
169.81531424125856
158.50738861872685
150.95050471630256
146.88502772437454
133.3280519919865
122.77472831262732
114.21581450863516
108.58500294567976
94.40925490305528
83.4180054407693
76.00096911584345
73.18868746153709
66.17509134949772
67.0028250906078
73.86695893087426
85.26799020309089
89.58061172948793
97.5515938715352
108.59712791405767
123.80337819886245
130.50985617889106
142.3723225305179
158.63266671196385
180.94343129222258
178.1367363383521
179.52218444752185
180.44603405972578
186.7395659089317
187.12156740349366
187.66248694727514
198.6401360417099
267.89305600519265
180.64965736016083
162.61537102388863
158.75415662560255
189.3561771553866
141.1502721476696
127.74505615917145
123.08483593105385
148.35500823542276
105.7776744277834
93.52095043479295
90.94710204295103
118.68226339898341
83.64930245750301
80.99132812317923
89.52003847127067
127.02789250305185
102.90233275030884
107.05903864423988
121.2571247274888
167.83878432182334
142.7784630208134
150.6566035841467
173.52411218585956
254.31619202150853
194.69128206306485
192.38510602043195
190.77137277172648
186.27891488077393
186.2099039753453
186.0517932875155
187.8989226437242
193.36844345226868
173.00407578489353
162.2275280347207
156.01180437916543
153.52253923162212
140.39129433307298
131.34627548474162
124.67376078358123
121.37774219181095
110.30510964554739
102.62768998507778
97.86218179409697
98.1913443422975
92.56399276256892
92.79341996236181
97.72575282484996
106.65106045601894
108.72771539111403
114.9911619119546
124.85174314728388
139.4558440029734
143.53233184509355
152.7333289593172
167.0541739700352
189.24936934913788
183.89177782816853
185.2694770165774
186.07354016787463
186.28852641104822
186.2969312472884
186.36395572575935
187.34203209023661
186.48921185872342
169.62654675586285
162.12942480885147
157.4475713232921
152.9437727098938
144.2801648472714
136.71320571525786
130.5111517726549
125.31059853480261
118.49969606315287
112.6813533045671
108.50415109200186
106.41073900046148
104.59940886116672
105.41706940063932
109.00648827780117
114.29602348461569
118.4745049136088
124.44238741380946
133.2685413176792
143.60684544347868
148.54365555367656
154.155728823145
167.32077331634235
184.84421939649695
184.1580103249588
184.61198829751172
185.05192632836358
186.15264265055742
186.05350987777578
185.7986824313786
184.23037023444274
178.19461045738728
167.22344909693325
164.51311349106933
163.6697820221635
166.1903005842772
152.37465288425847
144.35924195492277
139.7148373447085
137.96927733344552
129.39798422945304
123.76042747210025
121.03484944139971
121.92386839819375
118.23853372340912
118.67475096097091
122.6827774980643
130.4728927487781
131.29130442937443
136.37325481988586
146.216679649133
162.26746357487025
159.50393453340712
161.97056205918852
170.3926625213027
182.59327836612724
183.83919044709742
184.2605407855391
184.6036392693224
172.48588647907968
168.926531848756
168.96924338850397
176.79421256768674
217.42289189023367
166.39984121528371
153.68507342780592
152.4911298959345
173.2308878694479
143.4985486792585
135.63098661604218
135.80635589951177
155.71390189346525
134.0496361827666
132.47330511627337
139.4195600627522
166.91754319607267
147.67033651171195
149.5957262793078
164.9751218494705
206.70293596322898
175.9402683552251
173.86919765011498
175.89177324405273
170.33815214971884
169.42709748394776
169.47959920151334
171.6860228598728
178.12953109073047
165.5085787820368
160.0372913070509
158.16406688030725
158.94531643830268
151.49760095774045
146.79543037552816
144.99908656818374
147.454816716778
144.2579970722207
145.58323535352255
149.45596676705804
156.79459368287553
155.60505120040762
157.55216731019937
164.95053982576775
178.19471986709055
171.6478201707762
172.21302512820859
173.42574863364382
170.0788427708692
169.86329603384675
170.22026322678312
172.51667327126842
176.1920335273205
168.908375708812
167.80497905159888
167.76055154860077
168.07271534557333
163.82171134068008
160.36000729338522
159.30789894873215
160.9424226457898
159.3642804345265
160.5573701119519
163.62030805838168
168.2844367119899
167.81714232274518
166.3824184870617
169.28825173787044
177.10080349723987
173.04526283017623
172.6198811102672
172.92499848190047
170.22322188738002
170.3435195634123
171.18027713738977
174.6482947999181
178.50521635036085
176.67233883068872
176.9593735087504
180.27376859627367
187.68842093024926
179.82632390403106
176.79214126452868
179.2059582825737
187.85743129110836
179.26484103795661
177.17381042731188
180.7838822598092
189.07405019839803
182.82302024033527
182.0677458717039
181.8744942259466
181.61195098995884
175.46144707911213
173.69457323631306
173.27855627645644
184.33177710705635
184.43285121564918
185.80378191235144
195.85709876447788
222.63564193205724
198.41700554680796
193.05210565316625
201.69668643910717
221.09415153319404
201.27911783866173
192.96206063631897
199.0249836960126
209.61897249707494
198.22504995724339
195.85152177134464
194.65479496776936
187.22461528258427
187.86052214823897
188.9202334911228
194.33171127020273
203.70110640391965
198.06560283231275
197.5685853884835
201.85010041669003
209.948333324222
201.68498346123278
197.85826573166486
199.3798465131944
204.09419421447782
197.74472102593813
197.3423989553776
196.83852952015732
188.02786585512877
188.7292480873424
189.9911270049676
195.2792082239111
202.78467322148526
199.2601432369343
199.24989803077102
203.42455055163379
209.4208727616529
203.17771753882045
199.39802117291464
200.55198844228903
203.67039991446748
198.76393757289136
197.92674558040903
197.44135918920125
188.61462745870514
189.39115138896722
190.9051922856424
195.90774906962665
202.1613999588365
200.11863643608453
200.60887724329643
204.54317378872543
209.12106604716513
204.23538913285972
200.70022565127843
201.40196965902888
203.40290164011978
199.46334646158556
198.3938510430906
197.8610823782994
