9744.20454283204
9783.845814330549
9777.715597230506
9588.640356410458
9404.693537495057
9132.316752745455
8870.737042302966
8537.918572601971
8254.794120105007
7960.003296631284
7761.889334420752
7563.940749655198
7439.31180693937
7238.918778936853
7040.1154497523485
6871.030110165855
9710.172745501517
9796.33305812747
9870.96455074879
9617.788630786206
9459.765462690517
9143.649800167388
8912.526543055397
8536.315588105172
8280.48543261575
7940.701897949096
7770.117026262276
7535.363539463576
7450.080965767172
7192.432143896209
6946.364471520389
6720.449376456311
9607.199470557929
9757.698715351551
10058.708800076312
9624.196002652601
9568.142078986088
9126.381089431226
9006.362247793693
8503.0006818087
8356.532973784633
7886.247667532566
7816.441127593014
7467.750374656246
7509.70448597273
7109.611166216505
6771.777784583591
6430.216725397119
9383.176893709364
9418.54740542133
9490.366480776802
9456.482475000967
9116.515307952344
8932.086573873867
8527.037429898688
8280.090726052797
7846.7189636335115
7638.502736339836
7297.11375033523
7193.0288663813
6927.8895693117265
6868.7975044274535
6364.420201779386
5874.72307073538
10149.233697897085
10056.73302535402
9879.962228392136
9551.458222181598
9313.305739817575
9217.967729846894
9290.478309304439
9007.216234071575
8823.378792175974
8450.737599802407
8182.275948233992
7745.242814683364
7467.578258151141
7079.779521188427
6887.387998536661
6595.295434439932
6464.117160937616
6132.002008307829
5709.676335406549
5181.674704735292
4662.731270296122
4289.270753058681
4059.3642723761545
3910.8623491331464
10246.962904942384
10181.506993909832
10072.988353042088
9686.294191504216
9365.951177663059
9059.899313075719
8915.020768655253
8755.031190523967
8400.597557414332
8122.339902841376
7695.515675473756
7366.240987666207
6943.304010677047
6666.019904208307
6326.47910485524
6128.603564181137
5827.838616771956
5635.83912044828
5163.70289349278
4705.236015343084
4416.747804181788
4138.263013755129
3936.2152367068006
3780.5282176642195
10367.62278087001
10313.31583062654
10374.806457950825
9835.812046454868
9544.202942745507
9059.214654272137
8809.16592692582
8436.555171357555
8139.273517874189
7722.739627481311
7368.73647187431
6925.049975783473
6581.099962761166
6180.142311283872
5899.587442110951
5557.129764481996
5324.580026698307
4991.252135689243
4747.359430545397
4382.998234410988
4318.153711889652
4008.8434113650255
3773.0791758339933
3580.398043472974
10511.630700298861
10296.944198915591
10162.353245240789
9912.711748026488
9417.495902634613
9049.001351094927
8602.67046194182
8265.149251941091
7833.994717872804
7464.395754308552
7006.435429628383
6617.292847092578
6167.186219375419
5806.809647925782
5397.420263231809
5086.390436323547
4728.2468953677135
4477.537721446728
4156.794369856807
3998.2402870467063
3792.183447815467
3799.453713695649
3497.5856371151162
3319.3034080826824
12267.797878222334
12149.82499393783
11902.573207412723
11390.100552598777
10840.892083215496
10444.589398297829
10268.90213242904
9806.349492449403
9419.637324201201
8912.996298066155
8516.142269974482
8049.419010886331
7650.920730664012
7172.653745596814
6749.062825180438
6258.25172614217
5834.469700358262
5361.264803617687
4966.23638948925
4532.559167945477
4209.325670580542
3857.7544461367515
3635.8174586246832
3397.248973368575
3362.053387336915
3242.0268761742586
3140.7542974052703
3211.6309574169745
3596.3835651177606
4015.5506473219584
4258.515791111605
4392.950705019096
12396.764452994023
12335.223212539318
12192.436504620584
11693.506072076862
11172.250463892307
10613.387531557555
10224.770326163492
9857.32083180434
9337.642386055884
8898.522711822885
8385.719012815036
7949.534929446311
7440.342406560071
6983.524071155799
6454.4109242892155
5976.9200224109445
5441.042451451708
4973.462960349793
4459.802642755682
4037.7951718704544
3605.4251350530544
3309.854849066603
3014.49971189508
2911.020566337514
2840.4373287205863
2977.482262689389
3050.3754387250933
3384.094666588497
3922.894542782618
4285.646061525037
4450.787389501781
4545.454603897804
12526.783157755319
12532.499577555984
12582.095352600347
11960.887066877089
11517.274742597941
10848.680213770296
10385.643674061863
9837.74325050815
9378.451248056348
8840.97893859155
8368.75830753967
7824.914455060774
7332.943715693456
6768.083287212979
6246.10973955863
5652.293781019482
5112.13685630313
4521.334575766567
4006.3718664251323
3473.279376268348
3065.3717666902758
2697.9105494603696
2507.7370815879235
2400.980152964954
2527.264941154291
2724.8587227087282
3186.228072880643
3638.746255167979
4321.741013270327
4578.174424645476
4677.93524204862
4741.352299277842
12569.932085394614
12531.346898068501
12452.0420399688
12151.4609415454
11535.937323864684
11009.025741401188
10403.848961190832
9914.733459409057
9364.826413506371
8881.166499261799
8322.027876223514
7803.742223364699
7209.763537482177
6653.526410798645
6019.017992194965
5421.566459262285
4761.30407544067
4159.251401657731
3527.225604712983
3006.2881873633924
2512.5704526909785
2210.132088435466
2023.9816137406926
2097.6339271164848
2284.1526306870096
2715.5837064186576
3201.3509407304646
3871.1723383821104
4398.361719390683
4939.924611655833
4944.18966668027
4970.507541649007
12670.339262425787
12651.189922624202
12644.715673830287
12146.122210535006
11658.567944963841
11016.671522644612
10490.099400252813
9919.993471457308
9432.261602537887
8883.553025945132
8368.122408233348
7768.358032597908
7196.0333816281955
6542.526871987415
5915.151795493136
5209.636913146421
4550.007953193142
3842.238776621914
3214.952409021456
2608.4644945791742
2170.577597205946
1850.7399271413767
1821.8084515781588
1953.2409634098376
2314.921233235044
2755.5977725716575
3384.3860983971904
3981.2509747927306
4658.96923249759
5010.268114542793
5119.189770063377
5181.466027998887
12767.37359607177
12717.354863379967
12622.208686008944
12300.08130993336
11672.40522672382
11111.879004941802
10498.861467184193
9999.090153515272
9456.619529339452
8963.528225437474
8390.522522478826
7829.76117700884
7184.238317292465
6558.674634853938
5843.975194357967
5156.677938283279
4406.212010363227
3729.504860925035
3042.2591255871466
2502.3609210733043
2066.9905284207953
1882.4781970617712
1869.901270113145
2110.3437699998963
2451.713093561668
2980.5557627036465
3544.20904729059
4266.593875297999
4851.502210669344
5402.748056065023
5448.8424980230875
5494.033577390209
12937.842355956442
12910.639492879232
12886.971018121567
12372.385059666462
11826.813443179772
11136.89867743806
10589.850408886894
10034.402608352873
9553.084478448167
9015.53855416884
8492.848916393821
7878.800365106137
7278.613626059955
6593.1833814476495
5920.580664516878
5163.477235517981
4461.474193654869
3736.2668328215523
3155.882783458241
2648.884632123137
2346.8268866876847
2159.919318574632
2203.213420900296
2378.3760064744324
2764.0344575028307
3222.8599054783804
3871.776909951632
4534.333326821056
5276.643265071263
5673.1298023977715
5796.079100902814
5864.258174038281
13100.420700526967
13051.917667768237
12953.89657844779
12600.7418494038
11911.426289344568
11287.246318655163
10652.850345578443
10154.801608126356
9626.57637636246
9141.135748128576
8577.229902004941
8015.698428067289
7373.02951799586
6747.5036056554945
6033.429296934214
5347.582363338679
4614.293896143411
3998.3525809497146
3439.382499630835
3071.0328478396027
2775.655201945704
2665.5092440690873
2656.801383313354
2846.1739027335366
3141.9858130865573
3639.24086912915
4224.522218590564
5017.57806844916
5673.050972148654
6253.119937536927
6300.589366724831
6340.471121172451
13288.544240112884
13265.129476439059
13238.217003408201
12722.811570171456
12135.136961559738
11401.404691584268
10822.142513157947
10260.522588330212
9777.855083636596
9251.677517898783
8738.825521545288
8143.85217726863
7564.663539506256
6914.233612186456
6286.235422069303
5592.312206088747
4978.217951054104
4379.544433601321
3949.3518943253525
3578.403050251414
3365.591114510459
3228.2784970716384
3265.2441231369676
3391.38972381199
3705.004397947431
4122.254278714344
4774.55658697142
5472.720036437195
6242.129610656973
6649.952678071329
6759.76389918031
6812.671641681713
13411.447937779067
13373.2531929692
13287.305539414154
12945.109508843867
12270.010064109469
11629.512876965682
10972.159967791724
10450.375875068004
9915.492975623647
9431.73866864678
8887.481827552909
8353.71306334376
7756.520285515624
7190.560152554922
6567.759267658352
5998.705971851584
5411.011144751923
4940.481529017782
4504.3724590126885
4212.245868381753
3975.3133807224413
3893.536270812884
3890.5044472594323
4051.0093422985487
4302.880742897662
4755.178306319055
5318.052459111865
6077.633071087643
6703.726939855312
7232.342923057139
7263.618049342487
7283.362060220059
13511.698935467273
13497.537373153624
13477.25648515781
13029.891524047545
12490.308913748744
11796.762856172458
11205.32342077411
10618.521176253284
10120.326955670964
9596.765012713635
9104.839672824111
8556.189645233746
8037.079336826543
7474.489093814915
6963.423036774915
6425.038852185768
5965.001353585611
5506.804982566986
5157.32887886554
4846.273647403588
4665.207889048203
4548.4896596182625
4583.633429696863
4697.149228939339
4981.281210476796
5362.577517443445
5954.8253843448665
6566.076641763525
7220.4249776156585
7558.228599508451
7629.329732735356
7653.9965782958
13543.080411923102
13520.967058787628
13464.513264694762
13190.304140441605
12607.117060070932
12025.090879014113
11384.486065870826
10849.717728030082
10305.251823812536
9827.81854519978
9315.06174785151
8837.264306996238
8321.935750515848
7854.919053169878
7365.2617715199995
6939.303909205566
6500.340297726179
6138.968355721155
5791.396797162562
5545.568031669187
5336.722992655081
5259.861787036956
5247.885225948049
5389.414684687505
5610.633730397434
6013.02427841607
6486.735796050092
7108.114568251614
7596.282071934989
7998.81589625662
7986.555261776139
7973.354254506451
13558.930898365781
13561.6046526787
13575.126414217222
13226.172535823503
12780.086585838098
12166.381314467104
11619.080592337063
11044.586629309568
10555.577203880503
10050.088577893193
9599.89041454172
9121.37359199236
8691.541590699371
8241.032011418312
7846.6821316461455
7440.102825469536
7093.747519900863
6743.657773894878
6472.217794325992
6215.921511849142
6056.8257146607375
5941.159939687905
5955.6621106276425
6038.105204006546
6277.137106737995
6579.7886610298965
7045.739047850692
7510.701357086482
7992.789861373662
8200.77532080436
8202.69625212966
8185.340028116751
13505.907565955897
13486.222992316949
13445.627449102525
13281.090484121158
12793.212497743754
12337.010144391601
11789.59553423505
11310.347237923259
10794.275568117393
10349.970228762422
9889.839978978922
9488.420835972729
9069.06470865211
8700.786594825466
8320.181707884534
7993.993887942992
7659.905612236975
7387.940420319545
7119.9946778768335
6925.359278228915
6748.122838058149
6670.258771362495
6634.5153153370275
6740.09881479507
6896.361000224241
7186.182394026643
7457.629049123289
7905.569093869241
8182.906425999811
8455.931153855492
8383.148420194035
8337.400710391481
13439.025639263178
13401.164594014612
13325.793490918622
13121.76601638094
12732.23217364463
12337.174253961117
12013.212663270973
11555.73088534886
11127.391619093334
10658.356830683028
10268.381284309597
9867.219399747155
9518.502962853046
9154.934575349556
8839.311522593931
8517.856073932087
8251.560731579377
7991.033198113274
7791.427854900088
7600.04358104645
7479.175642776361
7378.184796939252
7382.9440807155015
7430.604878514004
7605.308788224317
7733.205110045456
7840.278475862085
8079.607178391481
8262.36885653341
8410.898218807099
8404.015476436498
8383.823183984565
13387.193586757834
13336.004566640766
13235.424154418792
13018.238601028903
12689.297640956784
12391.733648023835
12186.864382971997
11903.011055085004
11462.061724336492
11076.359896982998
10670.667431537258
10337.045790312239
9982.998506597069
9674.608901436939
9351.658630446234
9081.694102650114
8817.783652385657
8622.46777839011
8436.426148573983
8312.923605066662
8189.607499121957
8144.738915578433
8116.847181095193
8216.473331212317
8304.901157929358
8447.310408602256
8390.398721078085
8434.665265784524
8439.406974346775
8458.45674995699
8433.732661243166
8411.978121300823
12635.823506167188
12492.67771385853
12445.238623673566
12184.394897903603
11874.734063626196
11486.235944209646
11175.710440163428
10836.046609371559
10543.881696359005
10220.330424383468
9940.223279984815
9657.12075694269
9446.394135595472
9257.174208178549
9142.946803169683
9025.284612131742
8967.279966937833
8893.424624392006
8902.260056518124
8922.801384191553
9020.230410231707
8999.951987250766
8886.79004418073
8831.583816820683
12581.459739756978
12516.320648297698
12495.280742245739
12430.421341488785
12157.28620211917
11947.875299475147
11684.815440052245
11446.671792813302
11147.909830894807
10882.674390384813
10577.471894635546
10338.989842669469
10115.160272296982
9988.585697740626
9879.18551417187
9832.592179870602
9753.192084698347
9711.960583807442
9583.76920270585
9593.050919365975
9512.490335111808
9481.203151169448
9287.065703235707
9171.825515025737
12552.867012340832
12524.334429016326
12515.510574448526
12488.59137704759
12386.17208678801
12313.217130100618
12272.991364298365
12073.92989298728
11874.79431470887
11609.959495690378
11380.674816888139
11122.714224877735
10958.016214552552
10802.077285697302
10745.872965898636
10667.996354931616
10636.22835062103
10510.380567957165
10274.999094607347
10071.41516728179
9836.277942230025
9660.628639857605
9480.723157317085
9366.357463406646
12555.904181861692
12557.410652492927
12592.747992676397
12663.849759983555
12735.691320911345
12764.332495391682
12799.39862490417
12753.625428707357
12580.158794003919
12435.097726304793
12228.631530690645
12075.36054398032
11872.770051119332
11759.407622880435
11618.99129452633
11569.514856435242
11472.2944621563
11386.012798004216
11106.140475281585
10781.800946991461
10305.041024922912
9922.248902895715
9659.350403006558
9513.476539065143
13097.100438992858
13168.526171513244
13277.569158139551
13265.093208438755
13219.992639788627
13113.454073413523
13036.526271243723
12891.261696638516
12756.066784400708
12570.528518568804
12427.308229488173
12289.069896215324
12185.656562074159
12010.40782097914
11768.285152364298
11508.511908103259
13311.027159372637
13375.647041880777
13470.41410018027
13564.44594414899
13550.602186154136
13560.35011180965
13493.753847940838
13437.793896908948
13268.049394721615
13117.976747381825
12897.485043558108
12759.286722800229
12572.376164003643
12404.6605821009
12183.235048181605
11987.590690199188
13403.859619223464
13454.919070009893
13529.830194052496
13610.642448163468
13638.144137316965
13661.167957934198
13633.877659939522
13578.210298531108
13434.911600587575
13268.237542439805
13055.982544252542
12883.125182417742
12691.938173429055
12514.413829635392
12337.400117763318
12198.459189313558
13452.972845286311
13498.390471646155
13566.112882614496
13640.689028213983
13686.178358178442
13719.614813252816
13711.290412013368
13660.438400199946
13530.552861971697
13359.415865526535
13150.681693148561
12960.65033368286
12766.116373505742
12587.503053952692
12427.011235219297
12310.799080352137
11928.71795811799
12075.692138772127
12018.738046481185
10508.100148837477
10812.5660483901
9932.776940936592
10550.731311106872
9554.338139839861
9978.358967558783
8841.1976741282
9081.270268412414
8281.686969723169
8918.298029991824
7949.46029959927
7778.930639644422
7688.45206009836
11821.896745774267
12106.180733765303
12276.862286793254
10327.716930705103
10963.389730251307
9758.019714771326
10772.328050590848
9371.48668823735
10196.489409116151
8672.623150042982
9212.30161092157
8110.719542673834
9101.261494510516
7791.8779102424905
7707.856770563703
7623.23950440234
11525.585003403057
12003.632846899194
12641.626797948958
10029.13818913656
11216.745602387364
9477.194012483858
11144.260221996296
9051.675582635098
10551.713039768807
8381.466850853107
9432.3835585107
7836.072132521448
9395.64173771045
7557.476930510338
7653.162496154489
7535.321388057133
10175.464913190468
10090.30883587192
9851.792781677368
10665.34208885959
9384.928922430623
9986.699616931037
8949.573988192937
9756.395789705944
8304.72380806289
9020.580414679647
7605.390578515254
8282.895753711333
7306.261853104173
8538.266798540926
7958.300509848554
7224.083502152853
11811.3060869737
11767.567227930476
11505.725239194748
10315.303682010786
10100.22678830825
10050.863050455444
10410.492615480876
9208.621704251851
9578.844179342555
8632.87274356809
9204.014928642508
8063.721749026567
8534.444107496118
7378.208807677123
7667.327590137686
6817.173394479759
7374.856919213871
6458.4604053105395
6445.039057732761
5827.06316507479
5546.283059907265
4916.224915810493
4752.138093218752
4682.2728363091
11856.74472043832
11922.803079304125
11883.372363216373
10305.236356769534
10175.944114103038
9244.786429527394
9036.668948733757
9377.671951865375
8501.55931478215
8676.237633631828
7868.797483509985
8113.795629181554
7138.982004936763
7397.694588727649
6474.4089122770465
6743.613941127738
6032.530958315624
6544.644841383989
6031.366873822018
5165.427992469576
5547.677838170433
4742.176158659281
4663.853379715062
4617.250714400322
11752.50881923577
11979.383792648443
12379.062723115874
10126.681237525112
10575.653438215257
9175.013796970607
9364.691966632183
8505.614084630079
8560.856112650727
7777.243736601058
7765.428560618345
6992.871175362085
6992.897696308702
6266.807108308603
6347.598119009547
5678.746646528396
5873.8005132376065
5204.423934775864
5644.670915918541
4718.35519031211
5797.188567830909
4503.498521646268
4587.32749204088
4544.354174935689
11045.467049535508
10720.721718813202
10426.00865917837
10808.72676466135
9569.44872793818
9605.39533063629
8659.104791218182
8636.930216252742
7864.726418903733
7788.151655592821
7038.244812167782
6934.801865170312
6217.320267882555
6148.9615714517695
5477.299887799954
5492.20586651262
4856.937145386615
5022.105282069955
4403.5233801265695
4867.313230372617
4217.632589390331
5287.535371582828
4874.32315399756
4482.6602755736985
13848.460903673933
13732.28831549494
13445.504643903998
12138.608839626793
11514.867447085286
11049.534035186878
11192.378819355104
9944.302249180726
9957.816629613499
8969.926464282122
8867.74834217299
8072.770175396756
7944.490597916639
7195.479845786243
7025.068009047378
6293.468161108876
6126.034804424407
5418.078747725518
5299.087260207909
4623.113931459528
4616.386596219682
4020.1350740957228
4239.325353989539
3690.627407987746
4253.286981213133
3666.8535922840247
3814.113750103171
3920.3905084775993
4792.131758691202
5016.769544812625
5085.623228059837
5138.055940029919
14005.84011488419
14003.730117487707
13891.58368171742
12280.525088126791
11916.170012549988
10751.577780589076
10296.159193344185
10360.52718970875
9386.712006762731
9257.306889114587
8402.052831216612
8230.937255609784
7460.121525963839
7255.086026866761
6488.742776583199
6255.878087341878
5497.273016052514
5274.594295684788
4535.9618372406885
4374.634837028541
3724.3823333927376
3758.459430089021
3233.8457172323824
3550.465844279112
3171.394469338248
3916.9355604647235
3927.609811671091
4108.404249922056
5294.43043447563
5102.928122239734
5150.87829652734
5209.58297370305
14020.01973790627
14182.73999033433
14419.399338594427
12169.752030118843
12357.674407002301
10911.387476431053
10826.787560408578
9865.706503264008
9689.772093450914
8850.511536735368
8639.301596785594
7840.127391322185
7603.2598568711555
6807.634909040231
6550.551522629354
5724.883194840248
5434.470044285782
4612.0645081669245
4325.376857639072
3509.7304225382272
3429.336254171966
2870.5817700448115
2993.379011448356
2658.1844760532795
3149.130185519877
3065.3747239695886
4077.6998416130773
4051.926504330696
5725.895520057495
5036.01128043209
5219.442213878262
5345.100137056119
13047.672090301288
12892.591327206406
12646.162269912096
12954.83940683562
11627.683529192625
11441.131705080894
10417.623992187675
10195.458930772778
9359.834734047396
9120.068038585185
8328.21220402776
8052.54491774471
7241.9893935033715
6933.853189618476
6093.8799995608615
5750.231799418523
4867.990166438412
4502.90842928783
3578.465714771065
3242.4500644586396
2595.7782872283638
2628.5765537838297
2250.412043066785
2606.604040394312
2561.34976054583
3329.7973463987714
3529.1543796780766
4705.889063823707
4827.013673027361
6372.327391464628
6190.5191220539145
6082.048088863917
13428.075446749
13497.67681266949
13629.304117070878
12252.129662382215
12119.640067290084
11028.512659167749
10757.2237683496
9900.29436074896
9639.143201700084
8873.727857686195
8592.667129381547
7788.526423742334
7455.918769338456
6605.090832121418
6229.511650470215
5321.69115682736
4901.398085416759
3990.912149571564
3578.7112373951277
2706.976359009206
2564.2104722002086
2070.6438942470377
2276.3188523689873
2206.0851383513814
2813.342816636579
3015.009868376817
3982.5533611478954
4288.441712253888
5520.899358432598
5373.0380420536085
5591.047034573478
5728.76123834136
13077.934450209188
12938.269250083062
12723.101199857441
12876.814428011943
11709.83453974692
11416.437921117793
10472.085592572414
10188.459554856609
9427.690366956589
9145.321737156428
8393.024537664907
8056.479918707639
7228.425184023987
6840.185570934353
5944.866795784765
5504.057692725285
4558.017877667581
4119.366844424363
3236.0922928123823
2919.0478248516642
2297.136922803296
2331.131906752568
2116.0127108398347
2556.4267278283014
2679.1367502403637
3437.6592224381125
3772.678919682269
4899.098312154386
5171.657680358441
6471.749280251789
6386.18319625128
6346.303476452772
13722.596694131822
13810.542800526568
13975.10789303304
12532.72444198197
12359.657163369176
11160.398993358802
10777.877694324972
9988.313584788259
9698.5561685932
8990.721654466632
8684.784638159605
7899.8083138006405
7520.600951953432
6669.928638363338
6253.39256536955
5308.655086024259
4861.959710532048
3932.729068111387
3571.8184524747817
2879.6049252692496
2788.633063445826
2408.5764531296886
2619.0841436322185
2598.6061634285797
3138.808740301838
3310.015650309482
4402.932507269872
4825.392281177948
6178.7741869057645
6045.771694212042
6270.378597970218
6407.792844055156
13487.777333487953
13349.042781945656
13121.815841742491
13301.749662648253
12008.273762321127
11634.654035277354
10601.83801820596
10287.737918467848
9579.781922539483
9279.73982919245
8573.858454735964
8218.406538679259
7417.689673997164
7016.4051872523805
6150.633638376292
5710.312397868379
4793.647567999552
4412.136485751411
3650.151237773702
3487.5634217834386
3011.5568037274015
3084.9032719550833
2877.0591108338713
3213.861663305557
3234.063701768313
3896.43585065379
4345.523160820432
5680.528151717661
6027.60329309881
7445.797789283368
7329.212364382385
7270.04336488222
14021.713489014359
14086.57638623761
14209.160103024022
12872.850961526301
12603.961010754749
11409.630929784305
10961.866830169945
10198.896495719036
9886.69048631243
9216.44614099806
8903.967142029507
8159.869398150189
7783.927893439403
6988.053470653935
6595.3815833207245
5734.446154412111
5351.941886086764
4567.157436469571
4321.717340872837
3784.669225813247
3749.555069903101
3441.068183464435
3619.3957887996753
3571.6636723282336
4015.4365925543657
4172.590363195712
5219.704637506656
5724.466531059378
7009.9525155508845
6960.214576427087
7187.955353355479
7328.962099263603
13707.586165936767
13588.463256814635
13392.267145862652
13493.388678285615
12326.532685923845
11896.164017989371
10903.066983018723
10547.127111117314
9856.677425042866
9541.124144871443
8875.099189291406
8527.867560844252
7791.11924139435
7424.511494650876
6667.113355849404
6310.47552608657
5562.987007110898
5292.3086732102
4674.763241383102
4556.374240753624
4163.012319186053
4238.540189827924
4064.7916475204324
4364.74903915359
4444.533211501463
5058.46056260986
5492.525659990606
6631.887973065894
6987.737537680303
8145.9047744242
8069.484149786491
8037.338583261626
13942.074198660475
13955.917939881012
13994.675018347447
13046.503279511371
12717.591722708104
11745.452370286299
11309.799781365835
10546.694012879518
10204.7702741871
9550.55556588489
9227.413456320017
8553.079449044006
8208.808960466367
7519.220194673774
7187.813657403142
6520.589881050782
6240.605525908967
5641.885677891833
5452.670900169833
4999.461798802548
4970.675141063371
4707.4162266595595
4875.225167965524
4838.807813049775
5265.330339294903
5483.806037920604
6287.748133251102
6721.057727810098
7682.087223611411
7713.835111801058
7894.777971901565
8010.771629743593
13687.837122324912
13596.544813641536
13446.040407833432
13471.581794810358
12570.256779630123
12155.456580048338
11307.261105310414
10924.590978655175
10236.995597181323
9911.01642698515
9281.373321976369
8960.935880788475
8329.062653947056
8022.070859535942
7413.313262834554
7147.421715062448
6588.790641534302
6384.996395482904
5906.394175400664
5809.058731899688
5466.795116624463
5528.919442315368
5373.235472923531
5647.73566302219
5721.2811445481775
6282.096489930299
6597.730546840465
7446.308855116418
7745.661841084504
8541.547039360597
8511.906961528077
8502.805893958881
13910.338558302803
13952.520565760682
14026.586747702646
13221.979597642458
12959.219591062918
12101.83060341487
11698.0364596589
10963.744998404321
10615.329541666244
9988.939748823075
9681.489105479423
9092.939640852459
8806.060696149694
8248.791041162665
7994.898763264109
7482.834562469323
7278.312704991216
6817.461765006609
6677.40743087639
6308.575062119435
6277.8804024808005
6042.02692260865
6178.525668582091
6132.955596225752
6506.406470999207
6670.038279325797
7309.003493034752
7620.195222936088
8361.936778528903
8303.534614682481
8434.46115687841
8507.9018557926
13555.724224605554
13486.159543201062
13383.036071036977
13601.812496575034
12733.443829441541
12462.313243141323
11709.908094255637
11367.694640603368
10717.113910184838
10402.380988857985
9834.063842709467
9560.199667600666
9042.316734059876
8798.800721603626
8323.298467603177
8120.10896633683
7693.222777984434
7543.4968326875805
7172.828174456346
7098.015118344235
6816.013655641267
6858.286386308649
6705.12726051789
6935.634343645634
6968.575637484783
7399.509542328012
7502.666991303355
8192.220229921637
8260.143524114792
9029.993183764342
8958.792118140438
8909.501072581112
13487.865004859761
13453.900527816955
13422.824768686009
13454.73397180323
12842.302729529298
12461.996350567653
12097.697721743321
11487.62515552913
11182.059045117441
10586.25900369801
10306.40640563584
9808.136101298904
9568.20343123612
9118.804364718939
8905.51740205937
8504.399130283153
8341.660333897933
8001.076152783655
7905.50073493289
7629.1145684512485
7614.721128225205
7421.436877953548
7546.630104722197
7487.530308463596
7792.9891198414925
7766.870507604276
7870.190168206963
8278.135661299557
8410.890472571582
8903.859783900094
8929.377916741825
8926.510259930144
13466.70426659555
13447.384407558431
13430.59647509445
13354.833885000733
12838.573501706222
12384.276035423289
12102.828049906593
11978.020597111994
11402.075629167624
11117.287368745108
10591.20996464756
10359.667240812498
9915.936867448334
9706.50032253734
9301.619988461782
9128.54302566103
8788.144431597488
8689.139157175165
8425.924949556504
8401.242401608193
8194.67198788202
8259.636128726768
8147.240805622817
8370.407992348522
8356.856461385536
8626.117967502321
8599.984544046432
8754.763175003192
8703.2649369505
8888.335687483901
8914.100114921532
8921.777752674696
12747.92836879782
12551.363093691938
12543.842419865783
12135.93614597327
11920.67182438821
11408.885810303762
11178.4230214139
10746.56545676126
10544.885715100456
10142.582132791082
9948.436576024053
9593.33259972146
9470.615755071873
9209.196664930245
9185.661679977095
8993.630309262478
9029.0830146172
8881.65013571552
8999.70589115596
8942.304090562471
9133.209771647327
8983.268608417327
9036.370022602767
9142.73302518411
12536.937093601688
12433.959451103325
12361.649377860631
12478.365245519053
12056.43209658337
11937.992465244495
11580.220056978695
11424.145756433427
11049.763315434671
10864.965082503786
10482.398255844015
10325.332046319461
10031.996168494103
9986.066133419923
9815.299135622176
9849.010591080694
9703.518401440928
9741.264880852992
9517.375444475347
9623.166159926865
9447.36126838734
9583.61913308193
9487.275526079617
9447.463913435382
12482.453242466123
12439.869977690885
12423.583557750158
12496.258756455374
12330.936407026567
12314.67553312967
12222.38781855242
11968.516456993064
11833.620562154276
11513.081334133587
11364.600590841083
11048.630406573067
10946.543661549058
10732.649205223186
10723.236428568667
10591.095221683763
10617.820550130924
10424.54126716328
10206.210079008926
9969.803181252058
9680.779441786724
9636.638059922025
9568.811609759534
9531.366525901001
12483.401817625207
12478.848215386104
12526.737713903869
12724.555028390318
12818.587329749262
12767.63165131777
12666.301485839276
12694.735887240517
12481.024831495535
12383.628573304853
12173.614276173817
12055.683872886897
11821.419310706486
11732.83907277186
11525.17341344228
11511.84680537712
11378.267412111389
11315.490250498127
11209.527158233343
10932.420564572427
10255.581564021677
9826.692531704559
9668.998075506048
9602.77986654679
13193.777931332532
13153.194065049334
13170.77049310539
13155.889030172155
13125.821742439293
13011.660701424722
12964.981670964877
12826.505535336666
12673.499726762155
12496.93445363677
12308.150418578005
12173.60066299267
12053.878067432644
11850.326853167919
11820.965190145793
11734.91686592803
13283.214976210536
13265.53442323594
13261.740127935063
13406.697551791176
13385.51724274028
13394.701431432373
13347.256395435958
13261.635125985698
13106.311188632506
12919.319794696365
12700.100126730033
12539.900529842907
12366.787131277899
12148.752758966464
12100.047124561268
12052.061272873983
13295.410209004933
13293.445657927576
13315.023109108475
13444.877515645107
13473.912425664219
13485.41429827353
13466.141868603227
13380.116934921432
13232.47089458567
13033.932851842104
12812.38350894449
12633.452980524906
12451.919831683837
12220.532475585132
12153.517635993505
12110.644503794734
13307.876440871061
13316.88501717527
13353.33693199073
13476.501848666663
13527.957752884595
13558.233755625299
13547.80936328664
13474.110487431839
13322.262559593955
13124.577726446243
12892.711831167968
12707.51941296523
12507.697239867779
12279.749920106147
12195.282326700612
12149.688013377587
