14206.380658486425
14423.956625293493
14607.477529423764
14552.78567042055
14573.515179918475
14517.047347027754
14561.665067529839
14580.863900606362
14811.03868641999
15033.522067897531
15341.69567746773
15549.940350657478
15785.894834774439
15808.761368279504
15745.614806659649
15677.47515587943
14014.424391383038
14350.255805698665
14684.412222104556
14542.123602286498
14623.454016058517
14511.555690743222
14625.641009517696
14585.908366676875
14863.668921304425
15031.025391936922
15403.383880364392
15567.770005702961
15891.737203900724
15844.122828562846
15727.783769930273
15626.718322461069
13592.607249019658
14133.726980711246
14883.701725624347
14471.304589964677
14749.186621626273
14453.05039981457
14778.989517538941
14554.997610429118
15005.384434067191
14976.156915506766
15540.084995758687
15541.163258448729
16113.926574756932
15873.427425878856
15669.70962459146
15523.401613180304
12734.097704380618
13266.927593845234
13734.469301797084
14049.895714908394
13911.881439306753
14089.321398440761
13991.02178664565
14244.598143387648
14232.751017393832
14626.207271047928
14770.779613166369
15237.182700862231
15384.17895878413
15816.745227459494
15484.075059104562
15356.906853366549
10919.653235213093
11076.926304641744
11254.347388450711
11442.29780109748
11931.2451224712
12486.678345105838
13108.507383707167
13101.497708492478
13302.081288752162
13236.962424538477
13427.54828045023
13425.868150651702
13732.655791967763
13861.746546475912
14286.798635283298
14528.057830128708
15008.454070345404
15112.485800420078
15125.27671528348
15270.443638903684
15681.176251263827
16093.764095477152
16347.75418301424
16497.582234138055
10775.546721595587
10992.490176715988
11216.89673713272
11187.327610788549
11425.549039694806
11705.471666911953
12118.954449864363
12434.134179618894
12449.606279531832
12630.978832978688
12632.851433231759
12867.988832738993
12990.441128187336
13372.038544100282
13639.552970782592
14129.097581175816
14437.84953992636
14917.653882296903
15057.29988483313
15407.603967226905
15995.851786484107
16351.346349619587
16529.91074332403
16656.50713110124
10480.40883893821
10821.077347913022
11344.756880190027
11020.582419401086
11244.225608151775
11199.0664478003
11523.527178410874
11606.86726283008
11830.496290394432
11887.251129090047
12100.4528339405
12212.978719893254
12529.668270367476
12777.252420750436
13241.016373382858
13611.221131254235
14161.90173364532
14560.081111539199
15176.073874926202
15608.202484085765
16428.81972771315
16631.849060646105
16735.032982414792
16874.168881801572
9915.357119469196
10179.505763183673
10460.037138232981
10641.834505996687
10531.846107182093
10696.472844433674
10741.196082174247
10971.215516621129
11075.925257727391
11320.123805830372
11457.186403900672
11754.310315516967
11984.481222658647
12402.890181484026
12774.420962290878
13331.908570452722
13800.923972734758
14438.279964939691
14963.402827972017
15712.880497643355
16245.596211015436
16930.593503517863
16952.93295959622
17184.11487453596
9795.360758592098
9780.413610099697
9700.966776587788
9491.55364971523
9487.01161436809
9631.428072336394
9973.947490375776
9850.259253231714
9945.750110970677
9914.53555605709
10097.934852570146
10192.85989398002
10448.478988136028
10620.903717092198
10928.990958736653
11170.872190456394
11568.750988935159
11935.008972351987
12481.057660621886
12981.569762112784
13633.336220863357
14196.397593433701
14929.28019275607
15538.826978468458
16303.405950388295
16734.537049988736
17076.26319033086
17595.52276644755
18330.39610527082
18895.566771678736
19179.164205476645
19323.64245368943
9818.367768314287
9855.480616538283
9841.601484803594
9468.88216314409
9270.122788238823
9113.231020840583
9178.98613541514
9254.909466844263
9149.674175370794
9254.468082290867
9299.828058018265
9522.519523941388
9689.24123047383
10010.027463739501
10269.638256958764
10675.7544801251
11040.456146542996
11586.61414703028
12106.712348689189
12783.715723795462
13388.159942872284
14125.966233013729
14768.821597730483
15559.42464263371
16187.615077888611
16933.67989467758
17396.451249232556
18025.617888757213
18779.2795358473
19214.395714169128
19390.15864058087
19481.10936067734
9770.740924769925
9910.51830726588
10176.434443149143
9501.469034286974
9294.953660302823
8831.5485268702
8743.931304109503
8527.553423083997
8517.102350481255
8459.947940010174
8604.747833504482
8713.429706735438
8997.677764327858
9251.344364593027
9662.240158186347
10042.750186902189
10598.381989739213
11147.091512810399
11856.048932771355
12512.473440534764
13288.36576628812
13975.781535379929
14774.058614040669
15458.322534548377
16260.19944921697
16918.924190618833
17750.24100816583
18371.5708020585
19287.274509447754
19546.703081051983
19623.9063760437
19664.227322004615
9465.807828099161
9522.968532699228
9557.1779310335
9369.991148236197
8814.805080087737
8508.358994464987
8127.2751449719835
7965.647129679501
7779.2971085616255
7789.573538224813
7793.170684618846
7984.600116763491
8174.066236174109
8551.122687373405
8926.800752211435
9492.129115328662
10073.063456313928
10828.205227888022
11541.353718436903
12375.042981056902
13124.12397999995
13962.008728152523
14688.000121948073
15495.743270802051
16192.63469419557
17015.65156155628
17718.718152405014
18589.87096253986
19210.69704161108
19921.986114701293
19846.124304483597
19828.13049534792
9147.914151775502
9225.766669588562
9365.209946837978
8837.985744361375
8460.569075181947
7916.430107566191
7603.926669627544
7277.486129024082
7151.442527057986
7031.8146058156735
7095.989717610634
7172.750820662836
7450.704476498645
7767.605613326067
8305.279370501079
8895.096046126562
9694.229560999336
10474.101444848866
11371.938938148724
12193.431860722065
13092.323219911026
13880.587374883396
14717.368082168767
15435.678446131902
16237.887476273469
16948.54071740805
17803.108557760945
18521.85225835163
19354.258830263934
19742.55116745127
19837.864421396505
19879.73023838304
8753.801456544083
8767.405803601088
8744.599345359578
8484.094332297864
7870.165953978566
7433.7269905042895
6944.995700535783
6689.261841829986
6442.591848574087
6383.730966401436
6336.6627939842265
6483.163519009372
6680.304601428803
7131.52966193184
7679.190382634435
8485.796337672009
9320.26925807225
10291.246520447803
11188.89037839298
12158.038368926833
13015.203707379143
13914.432532750438
14679.379905466349
15480.86779833132
16183.792750987202
16993.808112649105
17733.593131614958
18628.422167689412
19296.00598798134
19983.69452951482
19977.1503742267
19992.677552058747
8426.394474432396
8456.158700243039
8528.141254040913
7940.147063508496
7434.468548570844
6790.762981255848
6396.88816473781
6033.919040159304
5871.734328127971
5723.326070955067
5748.249553562703
5809.241132473468
6119.077400362886
6558.562813587234
7303.56065300121
8139.721982048369
9157.781663066009
10132.36728954102
11175.396084068561
12097.447881112517
13061.751721620774
13897.589363542442
14742.955686490921
15459.880528387335
16235.534503639565
16939.723042382346
17804.157023433654
18592.52219974718
19471.889229061955
19904.522346306792
20021.821560111624
20077.97053026074
8130.115173862519
8102.689262146268
8026.164223249858
7666.640108442434
6909.2392347884515
6337.990552810445
5806.962889257675
5545.653801909611
5310.705533187806
5245.320953750788
5218.668400853381
5381.26156564211
5704.493897295728
6335.772729746148
7096.31617215139
8083.332614014255
9077.313315137699
10178.541674772763
11166.871283765217
12184.046827507158
13075.21167759018
13988.221302028522
14759.183981405382
15543.295356305403
16237.11805753833
17027.357003799123
17794.715561453366
18749.639818229993
19480.591877788604
20181.433761182037
20192.773274719955
20216.737588099448
8023.28536115157
8015.118121346255
8025.732278373866
7378.499785269944
6732.521294274184
5936.731320571751
5440.186317831556
5084.297819802836
4956.713240879752
4858.372075047893
4958.171500215972
5179.416770744504
5708.218823286411
6368.335460882397
7249.5020630692115
8177.280455227397
9249.08014531566
10266.470417980352
11326.07276979809
12253.998187948257
13207.000942869077
14042.254452996436
14874.35902717985
15591.742279765578
16359.225952166933
17074.71200001605
17953.12681787212
18782.012858380036
19670.431574461276
20115.014228218253
20235.672731491708
20292.653322418424
7992.0376926426015
7950.501776918845
7853.3655032963015
7459.1188758391545
6651.557234572047
5922.291353838265
5214.193727237339
4862.730364916291
4704.623067090788
4764.6108979784085
4947.237699315817
5412.18793599167
5986.44104691611
6760.617169112252
7577.2744282055955
8546.002354438193
9497.780622496333
10540.63194266888
11482.461006723119
12449.984775197154
13312.566712503762
14194.502177133823
14959.246540765706
15739.663331734882
16450.29586929412
17253.43128634653
18039.80243262703
18970.638386498966
19680.058398044264
20320.02488194596
20346.062075281887
20373.276844376694
8053.873518106376
8046.29734445136
8045.979424642705
7481.729337182921
6867.160641640929
6049.925901113129
5368.965698725746
4840.2135370959295
4779.73880739312
4947.583231470371
5356.879689948803
5870.902154085554
6564.04604841017
7286.419796116888
8142.429666770373
8986.349052762389
9932.494328805331
10829.92907227416
11776.823066310404
12633.855231121472
13522.826486987997
14321.146310300323
15131.659472256842
15855.805869988752
16638.50911491165
17379.560493501474
18243.98413881145
19020.134748493365
19810.654156585355
20213.04547221442
20322.26365831818
20374.829132974446
8090.176039306126
8069.272708978845
8008.390894492375
7699.959753789408
7029.906470111903
6397.349236165005
5680.947027977433
5222.695585559395
5182.32741292254
5523.029410166049
5971.434992831437
6592.337999478454
7237.405501676682
7997.888919427776
8746.229506769268
9583.153567264924
10388.742475846197
11266.34629659897
12081.150449640292
12938.480873912582
13722.645559683553
14541.51419697435
15279.056336003276
16053.10786561371
16773.662534415867
17582.86201722037
18340.406151107938
19179.604089107066
19801.580065117956
20349.233913892873
20369.338080230944
20389.28729087645
8149.043394988303
8169.086523161658
8218.48543580956
7791.1793217542745
7338.0828594222885
6717.416425042068
6230.368673894455
5850.182131282133
5938.120487815093
6279.363969010813
6817.363491240667
7391.541418640377
8063.352005986265
8730.337641959593
9469.51752474031
10186.426869789111
10967.742882222516
11715.75435882744
12509.005276453865
13245.905370008939
14026.385668408411
14748.967769826926
15509.940574671486
16213.543437584232
16981.99448403235
17698.994901362745
18502.102953484893
19202.34060100148
19891.609456441736
20231.96386980049
20309.774268366597
20345.187725445183
8129.6653088022185
8125.071198166835
8105.379353088401
7973.834145554325
7493.314123250916
7163.593694568599
6808.051687467411
6688.865589473147
6806.16954687315
7231.437221837688
7725.363373911192
8319.420754532124
8903.161528928975
9553.165943765294
10185.824111886077
10876.444655700217
11543.589396516069
12263.15253905894
12941.72733270303
13659.960267602262
14332.836394134398
15053.968306972365
15728.408107752708
16461.868154406337
17140.227758115376
17874.568785155356
18514.90115615145
19276.48816464767
19791.30745182844
20305.694657409284
20301.259424057
20310.23303120273
8091.488300755757
8070.548325905421
8023.127684924528
7888.857753561382
7643.015984384342
7518.445184224266
7554.836189753046
7559.476676526184
7838.732672629368
8222.103351940568
8739.969598508695
9240.650808888448
9803.530973821056
10346.400807426928
10946.66007506194
11533.820304801122
12176.547267879945
12796.110185450372
13455.937909629292
14080.172994572193
14741.088356578888
15363.470016824322
16048.60346767501
16696.71717182185
17389.574624973666
17942.010973301298
18458.825546466982
19094.5638793185
19617.444871377265
20036.60904272073
20155.1984971595
20208.801136325354
8067.3293864971
8045.3647543174775
8010.68359806522
7965.325765716449
7984.829960038075
8094.326657050887
8305.922885963828
8569.193843614894
8853.03855492249
9299.487085599214
9725.599372071061
10212.959047190334
10666.426567725724
11177.085454424232
11672.435949572693
12233.35916675509
12788.487117266302
13398.160591292242
13978.873234634848
14596.247578672432
15169.135328701044
15787.937734665642
16376.826825904362
17043.02373756175
17610.930203629185
18159.188398849517
18476.230072167422
18962.909625879132
19463.01711511522
19860.058667862602
20035.553194982196
20120.357011884877
8528.451888862513
8797.465415733512
9172.767707882185
9457.768547192012
9882.261554408959
10287.3877295075
10754.017158823244
11145.837877624854
11581.88524234803
11986.422331871438
12452.465554214636
12926.3866224463
13474.361846636257
14015.558600412121
14600.640809266697
15139.4017166369
15704.372646514195
16219.422690268328
16794.287078668003
17333.002175518293
17884.294115555953
18235.014232844398
18444.33863273768
18753.036203654894
9064.582036016564
9350.621955118793
9721.32684403945
10232.9104561764
10679.425072034452
11251.582123969381
11710.847270781025
12128.774001993472
12472.217879063266
12865.01127101592
13239.550128870324
13710.567670908487
14192.717777000686
14745.279546641523
15261.097401621355
15793.598506139526
16253.331527727507
16730.97804392292
17129.553109011424
17642.382607104464
18010.508788024836
18365.84200352842
18441.02315623122
18594.817318430185
9457.256718578585
9725.166308736552
10114.131775545546
10713.445335701042
11401.55997993402
12118.622082813428
12706.707475979483
13054.155888046185
13416.521139008499
13738.829347050707
14141.80263349891
14558.699731123777
15064.49580822318
15541.989409545433
16045.331450152513
16461.50719595656
16881.261718570164
17187.777719148304
17437.700840232308
17779.489784611924
18053.615678925846
18287.91745971322
18377.36551888193
18474.301155268695
9744.558816043245
10046.93190548955
10558.290173044074
11378.987649307403
12340.88657192633
13060.953363548464
13563.992960029433
13957.867291291022
14268.150099832896
14649.225743195382
15033.748322806689
15519.73954718325
15957.10948715737
16429.37255731208
16793.60748347115
17164.93219997042
17446.399211658543
17709.83260744026
17823.36760976156
18029.26340248516
18181.013071141184
18303.267695463936
18361.644763393833
18421.639118012317
13359.023120520496
13875.528663675188
14307.321336672638
14636.770609892768
15003.962119880305
15369.315723566811
15837.714804824429
16299.122452748285
16767.202855632648
17135.5470170832
17452.87232952066
17692.735342072236
17917.3259588549
18034.997390947345
18080.932112273018
18196.112654557182
14031.133316425725
14365.970207873945
14689.481444190029
15070.667123947462
15412.228594672279
15851.08118584919
16294.409286965623
16813.88862452969
17222.57826408311
17597.324457699237
17813.559034160262
18027.316688797597
18143.216780523886
18231.52076088534
18222.124352455194
18267.162826278978
14359.37718136848
14588.00220452819
14856.87534729732
15200.117763208116
15560.583080485034
15992.32288551278
16456.588511057238
16953.780949732918
17369.049076072635
17708.697679960253
17918.87403994237
18087.939838229206
18184.22275992914
18242.14888998817
18244.272615603688
18266.874021030573
14535.004818092339
14720.964752107562
14970.097066074984
15292.69964547284
15657.270226862358
16086.171974263669
16554.94771465205
17039.192502019152
17451.031269874307
17771.315827486815
17974.72952030567
18119.434265026353
18202.106115186747
18246.346239196333
18252.019455711652
18264.361498202943
18556.49767860001
18883.36788287011
18872.85394939626
16612.284921617396
17443.496441721203
16364.948826212678
17860.992036471467
16727.564417518395
17737.671057561023
15498.280492337735
16444.155406686834
15782.10906384889
18233.429414438262
17322.288018781586
17234.50856410338
17240.067213169885
18319.211023189084
18900.35345412524
19262.755517578422
16289.141489409436
17682.7264410693
16073.388066124688
18239.763141373536
16462.39718816109
18232.134427529298
15324.00343042899
16667.803140623957
15644.673271297688
18713.412756076526
17172.09235030562
17197.016829971803
17245.440002965574
17714.40204688409
18680.658752215037
19823.429306512986
15767.198360422795
18091.025596993288
15606.665946434397
18869.52490931612
15964.368325115092
18960.931651997096
15209.719075948962
17039.759528385093
15568.324784330689
19384.366227308652
16893.243392646185
17212.110363932556
17299.24861093809
14995.865273549009
15271.443019234624
15007.713710249023
16705.232702650184
14970.850473539838
16430.769751557218
15241.00729491519
17228.196064224612
15452.681776462716
17210.77897368443
15129.322840012284
17260.40093101147
16338.332071750734
18953.968465321414
18195.226335199783
17591.91910351397
14528.94244912816
14609.437610753257
14427.333346699244
13203.529729875849
13996.551307304218
14778.589374075695
15678.786199207629
14090.53336849242
15193.589928273428
14130.84667227377
15697.711865261012
14488.530195332882
16017.937878788232
14818.571317565771
15999.455273373565
15296.179576303133
16929.65986987064
16013.69813731423
16428.78266909299
16649.942007223286
17846.22795410648
17849.786616782432
17909.853242743782
17980.395639955186
14452.606996548144
14726.40649349841
14831.483966910813
12744.981011618556
13355.70082612112
12769.325469399402
13030.016568875662
14145.755895735636
13257.41045445758
14166.52829568724
13495.49744684337
14673.9704387097
13833.552390955743
15092.612470084616
14343.92840718643
15590.149870413077
15186.81086339426
16807.1472953769
16828.71084403197
16760.75121740586
18519.201955756205
17873.795255986362
17947.69081883817
18053.91841473878
13994.746020749006
14653.29797329936
15496.881022334033
12260.148853038912
13702.911807711833
12107.175867120632
13160.879814983939
12399.494659582278
13191.147790167313
12602.891584212775
13363.628622649114
12893.369989740639
13757.726983594905
13426.116824200104
14467.17008546256
14260.721446009811
15504.808974566055
15304.984785864577
17056.10080721536
16509.183807631503
19199.67352993773
17679.938288154946
18019.214046663204
18241.2348583175
11952.997675225815
11998.886978810873
11729.691207045651
12930.345088320852
11542.825114394938
12369.017218535397
11549.595290139352
12283.398473262592
11787.567799240047
12498.035263825868
12114.671319598634
12862.569972670206
12612.714887276983
13492.32740002675
13392.921787450454
14468.97081506765
14439.009429634209
15729.800768125304
15704.486715784844
17446.806823038125
17175.049382668054
19586.428912422074
19115.072674411327
18965.626441921035
13352.333735915608
13236.213328801809
12899.800093976242
11340.212157377038
11445.343943551532
11708.15063099473
12375.608068055979
10883.228397008552
11625.072985739103
10763.237816131785
11414.866911859195
10928.21956540251
11608.340195111414
11296.316887749448
11999.873227814214
11805.611211206506
12604.046284870768
12546.217420614706
13527.652662050936
13590.045627014691
14729.248468968202
14823.635234022213
16229.188876387807
16257.99466169498
17969.706583089224
17558.702590777724
18135.405739957132
18840.86642614422
20347.193761463033
20535.34437928286
20589.179326382196
20640.31437855232
13511.485847715025
13559.727777015394
13446.811561844455
11125.7784338565
11188.5295649102
10193.61219883859
10161.45129298791
10916.354875265239
10024.430307586686
10623.047537273042
10070.40688255554
10702.925961527733
10398.490085181818
11106.676363936314
10935.321142118619
11716.602656333343
11673.989442114995
12600.063509648966
12718.805190683279
13807.548096870194
13985.311699339374
15195.437503717143
15386.247150496109
16816.803615294943
16881.20966175385
18602.222566406865
18940.145765505604
19276.745443806092
21070.999115985916
20593.706242770437
20637.362009330776
20708.899392823183
13412.858483105052
13747.297566011404
14214.933730938657
10777.064945684375
11602.924687993178
9811.670226281769
10349.018916942296
9415.498157268834
9850.315288197386
9260.760424895256
9812.032413465753
9462.676825023791
10134.826764207923
9963.40629601105
10777.910875373916
10733.73769657625
11666.343232084208
11796.273107635538
12880.860995750007
13120.90274996136
14288.523329616743
14557.26785246737
15795.921617864049
16043.534281604627
17404.543418121826
17573.73772597509
19315.922131348387
19138.741527966144
21734.581166259028
20431.64318909726
20697.65872173751
20872.976548709124
11428.885043774
11218.219230314206
10862.434456444971
11672.806311930282
9897.280214831268
10141.703226624808
9041.111326744242
9298.92128820602
8611.573599221732
8993.354030886918
8579.305071834193
9136.802993966156
8927.5694401318
9669.502610268755
9660.156288310129
10601.186828872955
10766.175153134203
11876.260550544435
12178.055960479089
13367.04403005357
13709.002332694392
14914.524402453319
15241.056143884985
16456.283092694845
16746.579951664728
18113.486694981995
18348.071241773912
20075.226386074308
20027.18127884563
22456.804679909303
22115.71307836134
21901.965767087873
11587.122863575276
11746.709495638013
12016.7713127911
9980.26829213937
10184.103508136584
8870.067275008136
8960.366023879671
8136.916701945174
8357.106724298661
7848.857753043857
8264.008067052326
7969.063829372424
8596.776691261924
8541.869006968494
9439.89319293252
9642.209699329756
10770.551691582503
11156.248745409004
12376.454003194049
12809.134308498376
14026.15570975066
14438.816563146811
15597.434023049203
15956.515689649616
17147.31838487341
17481.02424118055
18903.2433911217
19148.12378485896
20924.642185786324
20494.25515581807
20816.191389795775
21015.705875462798
10449.470164244492
10252.367011428532
9935.801154367931
10450.159069641324
8910.675793704904
8902.889337523944
7840.883497057861
7915.037448790756
7286.750265748166
7539.498088197315
7167.146748118101
7641.256045616362
7497.406223944034
8281.541470535261
8478.651510202337
9617.810165650386
10060.04854955455
11336.715500476228
11845.340802657247
13113.464296712142
13595.786772729642
14790.554307102382
15199.20479992217
16307.728870411098
16677.586925638545
17896.719750364435
18276.359377901183
19835.848134660624
19981.05677881741
21957.342806706718
21771.012476301927
21667.05108546242
10888.540086822852
11073.271048540264
11392.691587492347
9208.701640007943
9323.55254735369
7821.064891771683
7670.922525904759
6901.356391661822
7022.278981758459
6569.279396761078
6909.851365721538
6662.412589249793
7280.856514994304
7395.405937149167
8481.43629777898
8943.963919747785
10287.327523043095
10861.590639234082
12171.08854223883
12720.199736434091
13958.001009903455
14446.968502062286
15530.50630572173
15940.08821694621
17016.673753319992
17415.59045193791
18929.611942865286
19271.276956345668
21168.236221525563
20720.62012492428
21044.523888008614
21237.174122875607
9875.959234874832
9679.809921135165
9347.57546471288
9860.701281100673
8070.43202985361
7918.5444611080675
6717.462095871247
6723.173202002797
6175.610804455595
6375.031137913494
6091.837882938954
6548.545397218084
6574.175490959259
7489.921681159761
7934.9965700184675
9230.624191414128
9851.682104778947
11246.145193130711
11835.082600710442
13098.980378143735
13650.932468488918
14814.90011979822
15252.830989537806
16277.226294228565
16689.96197421398
17815.936258679925
18353.491386801914
20089.401270497263
20253.098378063383
22397.193919715206
22143.047940703655
21997.600694164168
10305.50596729895
10450.836725408837
10702.704357890763
8642.786267357413
8532.237744617565
6971.58199775987
6677.954312914014
5973.750294267654
6087.611905579784
5734.41695969333
6114.909853344045
6068.466840965817
6858.589698953735
7219.444282739734
8386.919692411242
8979.566549777232
10326.692733938116
10987.508183628524
12254.309606749111
12856.704804495239
14028.496553311044
14566.916950403656
15592.962555591123
16044.022974822436
17057.551763953634
17509.72159030174
18943.165563853996
19405.63693885962
21153.2656704946
20845.89680229172
21156.74336994512
21344.650226615948
9526.484539935149
9359.26419037572
9078.388155565557
9407.372745236733
7762.350982043135
7387.198660112743
6134.2013764779285
6018.181384863869
5589.350373303748
5878.609329242643
5836.735600090606
6545.516258806064
6846.238388392176
7849.987876476608
8388.085716490892
9604.215098789138
10237.618756972672
11517.317115931528
12118.355649362971
13280.915661279778
13858.326792830218
14942.353263684781
15427.012102661318
16406.563358140855
16870.530613706265
17947.087247472813
18526.688821869386
20065.216747016028
20316.32109489317
22062.987076421974
21872.033709187348
21771.072747355247
9818.111659990307
9871.357362515952
9974.900643977322
8542.629155618093
8276.19645086704
7004.629203149793
6564.032959302019
5744.7184565204725
5885.051133130202
5826.285793094464
6445.672949537188
6722.577345361937
7614.774429037514
8085.017809072014
9137.351990618992
9719.166522892509
10858.923129976298
11485.787007985002
12606.359241978253
13200.892607930042
14264.45990915604
14814.133628235943
15793.535951124028
16283.36618327605
17273.127650446302
17779.441270004914
18965.030668572886
19464.93590999019
20777.853509368746
20701.12804633761
20940.961254599046
21096.39157370346
9383.810830073622
9253.000185696208
9038.657419997304
9209.97553331126
7996.415440631529
7634.197931651488
6589.694904001606
6339.461598280502
6056.278850563113
6579.3095369412795
6811.5899421667555
7610.266502310811
8029.055933006545
8960.66658286376
9475.675601679932
10477.142441270838
11048.751663034096
12093.27056924843
12664.366254018692
13681.660054363056
14231.374666168113
15213.72411627034
15720.508160177571
16665.78009934787
17166.550640919253
18206.258327017396
18728.05031827449
19933.418822735493
20251.448275819428
21503.703692869138
21421.95806370509
21384.865913718913
9803.431565827466
9891.19018184163
10036.453525838437
8810.35429265688
8657.842509886532
7629.300631670617
7357.314972443806
6715.61077023436
6972.579437068489
7102.955061330533
7797.040068709407
8168.80866441609
8987.357464222589
9451.282797384429
10329.653726891736
10843.035758142916
11765.001151462973
12308.561506118112
13230.585010173949
13765.507136816928
14679.765669979244
15203.649652354608
16106.302746979789
16611.770845611016
17557.100574459288
18068.240605882
19136.91186763933
19597.927478376467
20742.94080993038
20664.380994316365
20867.651919777913
20994.03866609459
9306.127474412773
9215.199612390312
9076.75694938742
9552.819965475848
8410.267208391811
8366.197566477631
7667.172773216254
7727.470943911578
7616.589600432476
8182.757395697453
8487.213116165498
9209.785876984371
9613.608052593212
10381.979754211747
10837.404214263412
11641.011737291312
12134.352336507385
12970.157375468294
13466.79933249651
14299.68762250725
14795.460696574884
15642.162446943965
16135.79244005485
17015.76319189183
17508.661629339156
18443.510039321685
18854.06156233273
20019.73837100922
20196.79729716202
21563.562307602642
21471.12879203542
21413.71617070395
9228.206746902895
9190.16113379837
9163.811678555341
9347.540586835828
8664.860732793823
8642.955817030252
8662.305667359424
8378.693035379321
8800.77958064755
8973.226734174257
9602.439921737812
9933.40521081873
10594.362248523248
10984.200371477315
11670.26603538411
12110.459800082996
12839.351253641024
13314.645609698813
14065.7761211598
14543.887376601357
15304.38819501751
15774.795845546401
16591.71347820089
17076.353147463138
17938.962126472274
18257.52034988753
18799.293494326877
19816.491638611285
20274.06543984069
21263.36192624038
21347.05566802847
21367.72995734872
9218.127088417328
9207.426802367892
9218.170283205309
9306.219748434396
9075.447667149241
9145.127383187586
9128.259231005772
9580.052325161496
9615.053755618848
10175.35689757899
10405.875819654599
10986.116283157273
11289.910990706914
11886.071104554789
12240.269076650491
12879.227402784363
13300.15924097509
13988.603753081477
14438.849743329116
15143.603880469334
15580.812115073722
16304.002926929392
16756.493119420073
17572.81745279782
17973.017569628046
18730.61369238932
18913.09453165771
19639.411745782203
20259.877075569875
21036.02017592197
21199.846385052177
21272.897020032302
9814.60209051482
10060.705414591237
10283.587230530395
10236.586359105651
10776.179544804289
10970.054589720114
11514.807483392558
11755.74427365181
12270.008580604213
12546.799103463056
13080.33861761944
13431.945372276474
14046.020489643144
14467.637688435012
15126.026101790609
15546.203338418349
16192.944750098455
16587.57718784338
17279.73314916479
17689.629990032314
18393.055722298002
18532.373086265598
18741.54525875326
19196.12370701085
10230.972972508904
10363.798277626474
10436.263455065584
11170.651252529398
11322.819827979236
12011.90590291158
12310.011536645054
12801.11944283715
13022.764700861484
13479.83038977377
13734.318207073142
14264.55166970571
14634.886885618982
15246.008757369522
15662.730498821347
16258.11239681052
16614.516248315747
17164.336453063886
17434.290613045105
18093.499334783017
18304.19485443806
18938.827375322202
18924.189139808565
19038.122175472465
10417.521463272105
10523.814903697232
10668.88967137165
11339.886220927263
11929.722717257047
12889.7660384698
13383.515121850594
13602.733973006634
14017.439569988483
14239.419575685333
14707.908508486313
15029.179745203613
15582.4232763867
15966.815941402449
16496.0489697054
16819.61241179287
17288.440329826954
17479.852878584177
17710.290970032795
18176.60434790625
18416.91995734983
18844.38882801552
18891.002311319393
18952.86918239026
10560.491735700876
10703.173713653881
11004.356110508017
11978.553774851725
13156.307622652079
13934.470101311243
14108.853875848721
14559.063146957282
14778.715612504035
15194.217939276317
15527.91027338747
16049.6999719846
16406.643668457193
16904.487789020048
17158.1079532169
17555.078778445237
17765.56438633556
18054.5821633745
18162.80214670538
18515.59567142647
18665.349584016483
18850.485728331507
18884.366541269894
18922.02040636252
14378.720876928674
14742.431457058674
14896.864803737162
15150.792175836614
15531.674123505265
15837.208807631903
16331.79462685478
16752.14304264191
17201.367155798333
17536.501904854733
17806.63084170353
18012.20372895402
18227.34624697737
18282.01576569976
18362.30445806015
18598.96770250772
14918.211278552404
15060.576918891808
15131.697399496352
15557.079375116644
15846.853793897775
16277.062564680768
16694.747450379615
17183.63858132178
17565.92637982908
17900.535858361545
18087.16314292328
18269.074669036163
18379.79138162352
18408.962255919505
18429.756158495402
18522.643414758688
15034.88020507878
15133.108579940466
15226.774786000144
15612.410547481359
15946.81018819638
16359.056638342397
16805.42234824918
17284.241651584805
17682.46074845796
17999.322143050947
18184.17768754813
18337.620237006267
18436.732943488034
18437.794820324703
18438.900344722995
18486.823469137635
15102.232017397131
15187.063267836353
15300.838473577793
15661.80256329482
16012.698827475346
16428.02465161309
16882.795522824435
17365.33172337213
17764.892853880334
18076.806961934057
18251.295587987093
18391.045754978426
18468.40271227512
18460.47106319749
18449.981034008757
18474.656942140326
