63.764286696360905
64.32225411700577
64.90707180780895
65.20377325353734
64.37738560391038
61.696275093555464
58.410060644742494
55.764372046340014
54.58695116049036
55.4630056004598
57.770739879179374
60.95217207962774
63.97935398222816
65.45759277779491
65.78357060250237
65.61240878067751
63.27240120237839
64.06300478667777
64.92155068344915
65.66669981973459
65.19764968530453
62.05118320258409
58.27115357188763
55.33414560324359
54.071804189448684
55.03360382493516
57.591435654493324
61.253350188493094
64.86354877972921
66.11927279776015
66.02503788044963
65.48397482094438
62.273517695782274
63.47215806630427
64.7523573053333
66.26447641149373
66.65077538104042
62.511613948281784
57.95679222747961
54.64969490294293
53.29929459522056
54.353960902717354
57.23081842299406
61.64170062332827
66.42589118252812
66.97726987839368
66.12990298216906
64.87486195064541
60.3483956127442
61.92071633479419
63.88936864873728
67.05652001256725
70.46564732661201
63.060331252885085
57.02671012273098
53.30081550733574
51.89477215079928
52.99008034452053
56.24611814761346
62.108925189093725
70.4939601114338
68.08489915042946
65.42107812529159
63.067115478726286
58.04272183144671
57.98335670917818
57.897121318915666
57.80893440701755
58.14893731647178
59.25513521404557
61.44422920615016
66.65526566375482
80.93986264181258
62.505825137889445
54.826206190028365
51.13907519524231
49.86923085442477
50.799764426477
54.01895843942991
61.48073911730075
81.41300937134359
67.6965387967879
62.56001270895614
60.173385990863686
60.2526035859007
61.816601028994114
62.96927846937947
63.73265987838424
58.14967977005964
58.14346941555172
58.0919625610486
57.848050727691394
57.11205174314674
56.122831295790355
56.42442066636991
57.67806611396574
59.223034022880356
54.36214150607118
50.52652751582106
48.39131656333657
47.629580619756815
47.99416019379909
49.74852336453063
53.350550046517185
58.61146672852228
57.52795025917614
56.579659185936826
57.49371549880469
60.45593707843545
62.658180628210495
63.828841213690325
64.54939444626639
58.24927503005163
58.30581686971892
58.45461707803569
58.49968489654511
57.674853055006075
54.663584123844316
52.65181177013467
51.66560787988466
50.77113482473938
48.689782915162844
46.940391647519085
46.146795915487665
46.02049267438182
45.624434078840835
46.02299522894383
47.59714708270558
49.91276532750997
51.397774902077934
53.21832141517607
57.01146406866143
61.96599405786467
64.22559908645209
65.10649902311918
65.72791754389232
58.364331741665914
58.29747160840301
58.79381608079376
59.91337114408745
60.67668492316201
54.44777623405563
50.29574599844226
47.8908858742947
46.29227419364995
44.914638466891866
44.209798923416834
44.62774653600765
45.929031364072124
43.971085249465375
43.1077613075234
43.72365360363939
45.5525497841163
47.997396969620844
51.74816495083233
57.7674174746433
66.3636110884379
66.90496446184103
66.74517518822992
67.17996683137228
64.44652622343492
63.9904385986481
63.068207398197806
61.25883322594519
59.06537609308693
57.82130077173403
58.25819999300422
61.03476357086575
69.85085312568033
54.48370510224127
48.3713039422869
45.222698427937885
43.2493747467233
41.950633260805326
41.63696820067735
43.27796850577504
49.65614853641631
42.54676953277513
40.38600029986892
40.782695969164486
42.86632683010761
45.999613522006726
50.67838132360324
58.872107975565655
77.34630978233871
69.21730605976948
67.39469704720112
68.44736836644113
72.20492449479084
75.64295065036512
77.59464366303797
78.68640550440333
64.9557890013954
64.70267551187392
64.15223277301367
62.73648894228688
60.286950292699295
57.29177435574851
55.63083781106547
55.244739107500465
54.979263555841044
49.70279805960431
45.69100285369883
42.95040258874973
40.91382183285577
39.26677944415518
38.344430878752455
38.48866590861103
39.447821904840204
37.61877774590191
36.977741090754336
38.47232221673214
41.1952910543995
44.60924728295413
48.95454788500047
54.71571469114337
61.85448911894865
63.487157954462575
65.29292015192696
69.25849272988937
74.09338371817755
77.45493718650818
79.01679554009166
79.87976493068275
65.50484458686833
65.47817204117636
65.28526372555206
64.47679336474961
62.29792415647385
57.81889209520723
54.203141937139776
51.639151624644676
49.47211416263169
46.37671597435228
43.56173182300248
41.331826978074545
39.42114443089719
37.09722293009997
35.22844365046167
34.15340199100958
33.70542453537896
33.193204101188556
34.1785594965218
37.17271762305853
40.81968625505376
44.14495062028411
47.93839408482434
52.309869655187434
56.99410131264963
60.76946780295561
65.06351984651243
70.56010544674541
76.7457628967868
79.8245836888118
80.99160721715278
81.57667386152136
65.8472331923937
66.18681971744567
66.6240299874744
67.18148863285668
66.73257211227693
59.11443874947434
53.67043803412033
49.95464043574343
47.030445810000096
44.390452237766844
42.17073605022512
40.647764749697714
39.65130468450723
35.8225998080647
32.709341727847516
30.69799659131243
29.739754573389973
29.9699448141035
32.71703253817592
37.20641909514407
42.38483905593455
44.68960005400935
47.704512796696314
51.43717776994899
55.652112320945754
60.131511751642435
65.51037599214008
72.7970241163095
82.42630163992735
83.8058328852411
83.82540006548372
83.66698921501252
65.34099062105629
65.95618853413683
67.07412837062225
70.05572151107081
78.24095113888065
60.63857646073065
53.22967153619828
48.97124968647386
45.84778548903647
43.21156779040586
41.196744960964814
40.67139652868803
43.93157571351007
35.277115607942676
30.726571845191696
28.179518921312653
27.254631994365507
28.421410308654092
32.234112258127475
38.18013933771222
47.86242224197146
45.98948174751906
47.9542192298153
51.461980710022985
55.53170524997859
60.11527255324749
66.03478108142848
75.46884450137263
96.09862987462861
88.37976541406596
85.92723705961264
84.77523896794989
63.510593359696024
63.72086672505105
63.99791264948423
64.3119675826811
63.72864814784101
56.826953038936566
51.751951633899495
48.165617986711375
45.217842690220685
42.429779129890946
39.9206669613849
38.04808001741511
36.576561778148125
32.289330324051825
28.75241677924713
26.617415277456775
26.253460960954353
28.055494046375085
31.803958676835524
36.76241327856132
42.2007822608143
44.81818482425861
48.17436693278692
52.01709226524381
56.091858826975965
60.36144597914746
65.47383159996296
72.31349770128685
81.15547853498107
82.59666789363462
82.7300550646838
82.68575755136214
61.32251490931115
61.131843476015455
60.767906437730105
59.826553265909645
57.760180979752214
53.90743656342661
50.56510986105772
47.90273197190786
45.37044019521375
42.22434867303281
39.07963805430322
36.18471374740443
33.44511275747028
30.207022679082577
27.55526873564645
26.2580684365906
26.842114792765575
28.94203863959084
32.13652454178171
36.187480660459286
40.664831822254605
44.8142256904752
48.98814440512614
53.24676425443646
57.515727067459096
61.20762416243302
65.24372385164659
70.27877294842828
75.67404542202367
78.45838929174556
79.65238988289377
80.3346843183642
59.632297425734826
59.2116886036968
58.54620587863426
57.23570898194968
55.11588801810351
52.38041278314062
50.144521221318115
48.488137314758816
46.998675708864994
42.82728867706668
38.84889783781865
35.281986633113114
32.066085775342124
29.217873428847295
27.376519729254575
27.32170387293873
29.833256826830997
31.291170143557395
33.649129641850735
37.0649878638654
41.37973993956825
45.853439358769336
50.45274702802577
55.34155151642813
60.551498203859616
63.119639479170154
66.019170405148
70.00960161747138
74.04008649591204
76.79760563752274
78.27350109576763
79.23717969002269
59.01092112925448
58.538490595635686
57.82001852928288
56.483725017524975
54.481179626677026
52.10916237727148
50.220267822327806
49.705456243004875
51.924014363106515
43.93133500182453
38.97104853160395
35.02624641187412
31.694128658815657
29.11713712561248
27.919742841755703
29.69062792201829
37.085034578746146
34.57497697685084
35.79461715103316
38.843091420336975
42.978902296789514
47.42406056856389
52.21244865051483
57.978403403127594
67.03940299857875
65.95880902280045
67.92313879190847
71.44452484770743
75.02622316264262
77.61014201407085
79.04785625452953
80.01262811770398
59.87731154565507
59.49843729769154
58.8970923470527
57.67913753733822
55.66592812739031
52.925853085833985
50.390756238662185
48.490472381967066
46.9526557871195
42.774246487669906
38.78471531248292
35.211433376608724
32.14384830541896
29.751647234866656
28.833074333348197
30.511813481023943
33.98570119155066
35.513730480190006
37.68173972363761
41.15155410088625
45.08845056712858
49.18848423033709
53.5494351537419
58.342606519374954
63.515299659997176
66.38669503837724
69.95283186244134
74.04889424133489
77.95488290267625
80.45739881162271
81.70956088005117
82.50442988675435
61.54051107519766
61.36627225317618
61.04290551173133
60.21377444737265
58.377233917000346
54.72614087567281
51.21657872848357
48.21685020583216
45.420827460873866
42.222349701430765
39.04377261885721
36.19701939359947
33.80053892257853
31.580820099666116
30.961557060542276
32.15731781738939
34.56712637996968
37.048745645244914
40.187230233972016
44.07875847619196
48.02586514336285
51.430705260929706
55.16703297873138
59.34559026646219
63.72146927177539
67.86415592356505
72.40727071964186
77.44404576894586
82.22286560742953
84.43210410810563
85.30217566268406
85.77353133596233
63.58113442790463
63.739947360935936
63.940619588520256
64.14684712162378
63.57328423615618
57.5536808771143
52.61742478637765
48.817136612112115
45.610927302181246
42.65798572586342
40.134018213057225
38.36193811293748
37.16011728472139
34.83553349567926
34.06302832181532
34.754836229118446
36.83578837582135
39.73604653289553
43.4212165396272
47.64866792152915
52.09215746729176
54.49088713068262
57.3568543435523
61.150836453826834
65.34898757265859
69.94412882851492
75.32923841142218
81.78059232011084
88.8478559783504
89.6897121017991
89.63884055668225
89.4841850545236
65.39583749212402
65.91640672962373
66.83996434979767
69.2137873024349
75.35262259349552
61.10341283294381
54.203747696879645
49.883652297393155
46.6154936622413
43.88972351785443
41.958900174705356
41.342289571226836
43.72740256386801
39.10040307490313
37.73731465555428
38.28520906998895
40.247142254515445
43.067808152793845
46.75152694730494
51.48940134906154
58.56038887471281
57.94161387813059
59.89350966935293
63.49247164770587
67.66930386068181
72.44151167454415
78.38987427031304
86.77383046331462
101.42110851253369
95.95134760007987
93.94785859794696
92.88546426671543
66.17398409983464
66.5289738296406
66.98091529998342
67.51442442585564
67.0636947447355
60.06244337518279
54.881935923039734
51.25427555091844
48.39254789026598
45.862608602315994
43.87037429671015
42.906712809021066
42.92471731943144
41.52106100967413
41.10141417399116
42.16686826887597
44.14746992402228
46.522601785582125
49.53124165902358
53.31875745241437
57.40464910189962
59.589609998214485
62.43712292118808
66.20576334345162
70.327978632116
74.6677744213739
79.79857746271837
86.39986772926173
94.11516305599051
94.6900435360959
94.30256675496099
93.8460372795251
66.25256883767219
66.34274299953546
66.31230642415625
65.7062299446022
63.64251609548996
58.99746332350228
55.66503862662821
53.41386064761272
51.51632069578283
48.88710140889746
46.707509294735964
45.35899228343338
44.7439716665022
44.37614428117451
44.877189116779725
46.29787331969483
48.27379279309601
50.236811833987154
52.567894196536905
55.54275316937521
58.82195479215461
61.93457015824618
65.36313687637349
69.6893732952874
74.15291673795485
77.3493688019507
80.89408218158873
86.02996811328975
91.42002099967863
93.35645261035732
93.75847163137688
93.77360509301181
66.06061835805548
65.90495990628347
65.4157135829129
64.08274226886431
61.69850609589553
58.95678548096462
57.610647656755006
57.20642483646377
56.84281117380505
53.170123811791484
50.48449966587007
48.8819836384917
48.106914220251284
48.01941097262376
48.78977981689138
50.556153132957
52.94264374451074
54.2252278283472
56.137879212537335
58.7964028786644
61.855800049268055
65.20176784536363
69.17364878116351
74.3580938460296
80.15521381418407
81.62673857010236
83.23527916446096
86.27691107757771
90.19080488215045
92.40602050120246
93.21794479843965
93.4968084023273
60.8424239694838
60.10814715995024
60.30069266878333
61.909908290676306
66.4141718407981
58.28275734014032
54.4980684586885
52.89271905464676
52.202359693882904
52.07174915089371
52.69640371443874
54.9053005967485
59.286661014465096
58.437726803238235
59.94323840937248
62.5116021879449
65.54160930120607
68.81981193366252
73.16881369046367
79.62402851173688
89.42869397332916
86.51052537585332
86.04270307536963
86.98767848050045
61.04304024478856
60.950991773955224
61.28739970204637
62.263795736984314
63.31123569572042
59.958450861462644
57.94674679251895
57.2022212978771
56.7656709525682
56.44233042390204
56.52337020512795
57.73068558656526
60.10177208560606
61.46814567601055
63.83193449535791
66.66381876003318
69.78698117471791
72.57392002012391
75.83460231537585
80.62858435807267
85.95281357339158
86.24392188653943
86.36757292262246
86.9429305325937
61.28270761703402
61.35967835271905
61.730122652753195
62.60994961341376
63.10362515370214
61.888738202434865
61.82347873092913
61.94786647602647
62.09914900770792
61.386572040824
60.82181273860448
61.04365460018798
62.773614471559604
65.24659409083742
68.15399155063434
71.41519634320198
74.78432862936893
76.78765718455456
78.59547643310121
81.68369454001093
85.07782903232463
85.96112929328206
86.23307606131718
86.62077110237323
61.48874786617951
61.69344840455782
62.376044474999375
63.513849382691475
64.5800510161766
65.28384025236801
65.97579652119987
67.14814257215637
68.61919137360867
66.90794884755267
65.6342540673581
65.44717660318251
66.71890456260424
69.33289808112333
72.6698977478578
76.55362441708412
80.6317201859983
81.33073216297139
82.1658177015317
83.63834259973817
85.4431896229046
86.14678674326039
86.29447046232086
86.46953243143994
67.4917929700026
68.41172035694662
69.62612532135383
72.08627423357898
76.74091258715195
72.29593982835365
70.08250344285823
69.46796471537634
70.5534599723365
73.08076542837492
76.54453859586212
81.08557012799332
86.60459206844288
85.054607915872
84.75577159844566
85.37004062936099
69.4134166313955
70.15393957453284
71.15386749241326
72.85195367146532
74.89264416845774
73.40671984215865
72.26586881350578
72.03176432818908
73.1488364579882
75.4754530882079
78.2776854730861
81.63555091531904
84.86466052669475
84.97866167284373
85.05444288871922
85.4772675052164
70.32143041580875
70.89071850299608
71.72407093780245
73.0281122260383
74.28294744869699
73.76099321934427
73.25663403316798
73.36200471859463
74.53600253066122
76.66371885801438
79.02753753422492
81.67639655701409
84.06445488073315
84.6755021667814
84.92581958929334
85.22620003725903
70.80196157545763
71.29064405418733
72.03571493353247
73.10678969325024
74.03693193307643
73.96784363883197
73.86811814693971
74.22250780944512
75.44291300748957
77.41676676368728
79.47997376345508
81.648207587817
83.60166830605158
84.39736124972745
84.758887399491
85.02127874447237
64.16063980526427
64.52338511788876
64.92588266704274
66.13088430967025
66.40667510827558
62.5109456107595
58.131465237464546
54.76645597302623
53.41728079664255
54.569224376786586
57.42484784636812
61.68354994558429
66.40266733217994
67.32295872723554
67.7674015353336
67.94313037598506
63.89904943920447
64.36225674197668
64.7434846837739
66.21366356722386
66.95629376540377
62.54515382931534
57.95606155871977
54.540344577957896
53.190240543896
54.340818368189844
57.24769013471704
61.725012546441484
67.01473468541926
67.46935515019965
67.95736809572388
68.07777693490037
63.420925449681164
64.12168197751656
64.49752045487016
66.262414095684
67.69516197713813
62.52528776728809
57.716169093264114
54.283694002859185
52.93861227825286
54.06774789765786
57.02236343031194
61.73315860955311
67.82674956844589
67.5435149586259
68.29183597088327
68.22956066368724
61.535036468457996
63.05721926961336
63.93096668331985
68.71006293622737
81.1571501093052
64.52716667916003
57.03691148812241
52.99309590186572
51.57454895468578
52.75814943705225
56.210937435559046
63.58628898605493
82.19523918323455
70.82178048318215
70.70198952620233
68.2729163050194
58.14852055981089
58.11268447972115
58.04362977595132
58.07182845842834
58.60437698438901
60.31446108509655
62.17548466997582
75.62739340084455
181.29213755058026
70.43947416410053
55.4426760458516
50.875139257299836
49.55314191576715
50.60276618479921
54.43689176201261
69.20663750309544
186.65849154771314
79.22874191039263
71.81360942541987
64.350587902488
62.44277057404836
63.54900818854715
64.35658477294696
64.93787399458797
58.19794626939527
58.179013155255646
58.1412281102274
58.13763746530887
57.45476833016963
55.66612471374356
56.24668961881004
58.496391669285565
65.4903296863757
55.085665315823455
50.31647534467614
48.02560700893784
47.304001591464306
47.686946156793795
49.60402098606977
54.13139319021329
65.35115674611187
58.85814195363501
57.142921227443786
57.65710876006863
61.93924811387393
63.955876205648394
64.85856875553367
65.53477049805414
58.26090802557588
58.23746310660104
58.19301782363449
58.4447060134814
58.23210567861659
54.41907867285864
52.31746932933987
51.426006687552025
50.871186572019184
48.44103997453318
46.589510765082906
45.857680545476306
46.00243426698104
45.367602099849165
45.764961957694915
47.44814268197921
50.164373812504515
51.333315673408734
53.02865131426293
57.07450668565357
62.98602309689903
64.59323663624026
65.76269915188045
66.74021628348754
58.52494604132314
58.49140651746089
58.720390307045776
61.1131727632699
68.19891347072779
55.122368821201746
50.03981720467113
47.57427006387064
45.99858595470076
44.60511193367845
43.945315529162805
44.85565022113683
49.24788313878282
44.2402268040143
42.906773798639065
43.49639560731379
45.361966049010384
47.793097149293246
51.64027480595268
58.780328031203
75.109225704628
68.89373620412097
69.68475113216928
70.05198199749344
64.63882936322351
64.40600194599898
63.97969512314151
62.258616052518235
59.430764895383504
58.08918259467646
58.777261736799225
68.4880963360013
147.850168330686
59.69408803134199
48.41029431813655
44.934124469800366
42.951344687218445
41.671946978229045
41.59253607609736
46.32208609083158
90.66208414253707
45.64677185735266
40.40719737384194
40.57062757578409
42.64502853978957
45.783973141480296
50.8660110733052
64.75856703312748
161.4475996925296
78.76581869850845
74.1453369648538
71.83690588352397
75.08164155641174
78.05234015478514
78.9538581482503
79.56462082910203
64.95915006771239
64.81388224383045
64.59706177498538
63.62032206250905
61.15384424031452
56.8245855800208
55.350512060991335
55.88146221917269
60.137355680227884
50.11666549091222
45.441604773106995
42.66369312458389
40.654341647676425
39.01311173037067
38.14845490263696
38.741614761874985
42.423144260987506
37.89488372701647
36.82239003797495
38.26537985091104
40.98451599023834
44.36332782430598
48.761067621932796
55.28682870345836
67.54846910201682
64.44975177512437
65.56458028546808
70.00919243338761
76.08673917313412
79.0121465538112
79.79107131561364
80.39225025388197
65.31903341473259
65.15438926498167
64.93531919444666
64.37953681815354
62.7913810173906
57.571115907372985
53.82422050147598
51.34445476164456
49.47948138997121
46.11433926920284
43.2724091154633
41.104833665665566
39.41589574208967
36.92436938024238
35.038697296055894
34.020692724862506
33.784483164836324
33.072861198272555
34.00517340520191
37.02015333293131
40.831496421746024
43.943150677714506
47.68604633926178
52.10154927043571
57.09733627354525
60.56518971940917
64.82557530613913
70.54195371585973
77.58971510262985
79.94938461587161
80.95597628379547
81.82174052199028
66.3859419516144
66.44135078031671
66.46773989111739
68.36653306024789
73.79630848253244
59.68530101587963
53.36019368054062
49.584568063065795
46.694850078718375
44.069723136140325
41.92272722395513
40.87818498548294
42.58386802225995
36.121376093186036
32.59418052856721
30.549160032396387
29.60864434696108
29.82829965347581
32.59465722556128
37.47569765064583
45.151139253731536
44.90036567795225
47.46820823285574
51.14431020654442
55.359775755307034
59.8178939812958
65.30085783555457
73.63687197969293
90.60275700852503
85.59044071803429
86.57461117605541
87.13694686664564
66.73137818552301
67.16325176565759
67.74564821430666
78.3296586043732
154.8961287566775
65.63459485209121
53.20250093836012
48.605947245950006
45.48529426724752
42.89476655825756
41.13811824700975
43.568493579015865
81.34529854944729
38.284835133505936
30.850317562671368
28.081873001890845
27.14957232924314
28.31027492448589
32.298016739571715
40.98348641743235
82.689094408662
48.66809902414841
47.83634757594711
51.15416938061863
55.19730056788694
59.78939132099291
66.14053439280771
81.14511109173863
177.78102674924142
98.89263840713039
96.18355119859105
94.2900870976159
63.83850835137239
63.850252579796184
63.819767990942594
65.3174997116049
69.92191123553945
57.288830098059606
51.40603913063993
47.770068176207666
44.85443267443448
42.094973873309954
39.66572597719555
38.26900444256875
39.504175259182894
32.627230118433644
28.69443778553601
26.538279968993493
26.18673473605445
27.941694601811143
31.67840255935755
37.00644344490705
44.8441994853314
44.94166408760634
47.90174636558479
51.68675435855584
55.74875982629463
59.98164495885201
65.17328097670686
72.9689819666074
88.21453229190006
84.05836619220796
84.97088806057732
85.48563699546267
60.75135040198292
60.58654616012765
60.369442336860665
59.64325103697711
58.09739368423233
53.57062310037384
50.11475254993092
47.52755995119064
45.177647607984866
41.91524288355618
38.778581296012646
35.9577375181915
33.4695062637196
30.106767549175867
27.465738623594756
26.244772395610312
27.04451896964362
28.888508055280553
31.974693307190606
35.993231288956146
40.57625779084583
44.56017542244251
48.68570548810703
52.93999824252492
57.350608462205265
60.81640975587315
64.77812436287027
70.02884264430375
76.1812196797279
78.32060713026704
79.1096114597165
79.75500072786812
58.49897845614535
58.28578721195536
58.04362806961408
56.791453381775575
54.714601879097366
51.896076917498426
49.72881986143275
48.47810498228556
49.08321073500897
42.8498459330119
38.57461738327092
34.99858981501016
31.846596065119186
29.060763327243798
27.32689353771821
27.79766955633623
33.075037770583464
31.718781055010698
33.509767383907416
36.802954006708205
41.09064999655279
45.56008864894162
50.167915953394726
55.35766769111525
62.698522822434555
63.145573563831014
65.58838242480708
69.55200230555006
73.63670723215324
76.26547801975958
76.8192656543692
77.33416508266677
57.756245311035904
57.542585230892776
57.30376299570419
56.00905325325164
54.01576101212953
51.62566992157648
50.00171890101366
51.91867730769276
79.96644983409378
45.967270068649
38.86135750734287
34.73793881013969
31.440610110293235
28.94156066719407
28.05372118058947
32.83869848411898
71.8969348253748
37.62556038734616
35.79609398147958
38.546980583216914
42.6546761971264
47.11124411777591
52.04933161016026
59.928232859143456
94.29566367986493
68.39475205498628
67.70884260640943
70.97185657805673
74.51828660279813
77.01062241492566
77.49370676164695
77.94717962251679
58.863555282410566
58.664146633698046
58.42446734934922
57.25892834418159
55.2872107042704
52.45346567182721
49.9572664709025
48.47597416041711
49.00728537483197
42.78723401857302
38.49801048528768
34.901200221195765
31.876291861027372
29.525422298134927
28.70368555756719
30.86662717557457
36.96511313272521
35.80344199824715
37.421540058863
40.807531345876825
44.739848433153036
48.83324675728144
53.20772484737653
58.301418696348904
65.56056243885578
66.25342816975139
69.48618024884063
73.58816362810519
77.54466004628043
79.92443422692699
80.45933511158636
80.93032512631625
60.93081141522445
60.78674912233922
60.60574912150262
59.912564796725775
58.44219629782081
54.37681820545953
50.780339921451066
47.82963395183811
45.21420079022999
41.89635442692386
38.71011737970347
35.910440257458184
33.6814883994044
31.34226560397378
30.71711652385195
31.947886370918003
34.51371551357006
36.76607083557001
39.82143568733362
43.73281499842025
47.81199312148502
51.072506080932705
54.75921964420981
58.93107968103689
63.41647036295565
67.39297517804495
71.9055919878214
77.0475401483149
82.30730550520347
84.04375441080781
84.65508625474672
85.16670894283283
63.69111533043397
63.70326339326289
63.6913195598239
64.81324853423244
68.19686678342332
57.88368998779407
52.26598956887013
48.41079035219291
45.228760513515866
42.29494179201895
39.822023630329326
38.37805909840729
39.01966720100425
34.8719682750563
33.780281773800745
34.4173726989145
36.47720667243817
39.35148269899109
43.05885185123761
47.58324875045617
53.7334405981694
54.4061038128481
56.93715384769035
60.67761667154739
64.85600467346774
69.42034004757616
74.88635336331008
82.14047906089465
93.52532388836784
90.45373657995783
91.0534846275126
91.3816193087864
66.5409141924199
66.90443386020956
67.3870867856341
75.65959948251192
128.49063637543685
65.24736772421811
54.177716152679956
49.51169073662772
46.2323520094762
43.53408356743238
41.789810730732505
43.13558560339395
66.05286381755548
40.856854715374475
37.5575546680405
37.92066088753448
39.85536998627417
42.6774502789038
46.50628290494215
53.07729327068066
78.78711031593804
59.525550207313955
59.530684574668975
62.996702798703964
67.14604059697533
71.93238909000284
78.33667472630381
91.01272769111229
148.70631663698884
102.76718438203052
100.97271308003786
99.68196663905941
66.93263362022368
66.99389468750087
67.0068824607556
68.85495794909032
73.51620524704524
60.72299571535741
54.59447785508502
50.87457855397117
48.0246509280771
45.4946516605231
43.557772753232214
42.9136654009245
44.679848567092186
41.50728390650798
40.77671152985952
41.798490056250714
43.77233857898894
46.12715810109768
49.14085007748014
53.1972594475849
58.947621749854
59.37903468203704
61.95150142601071
65.67235915125727
69.80071471157704
74.1137548254814
79.353062181255
87.05980769394127
100.37448691985648
96.09817210605256
96.87428965608177
97.27872828465615
67.14867381897109
67.24211236668596
67.41375957648903
68.70904578431521
69.16393579179385
59.17035945757224
55.26044114077209
53.110025818615206
51.45597480559719
48.560168839125765
46.356034913063105
45.03314822758516
44.52382548171971
44.040237878169705
44.510615688454365
45.93827702399886
47.994213237190536
49.84177142930116
52.121791762666916
55.093987977067606
58.45150696574616
61.43919681854777
64.81447499320588
69.21232469309523
74.01434219687465
76.80432730442833
79.84703942586002
87.11867810350356
97.45901937101756
96.44245679418697
96.6182585180379
96.81609327570074
67.21038605736365
67.25968009616362
67.29433378317079
67.17568344422688
64.35535508683999
58.517341551772105
57.37291050249988
57.588764897234014
59.89206323172694
53.37025721508364
50.16745126683079
48.51737331767922
47.74030773680304
47.634910172479955
48.417207539687894
50.370852755246844
53.86561486782622
53.999697531250334
55.671545553102675
58.2922616640711
61.33525889984175
64.64818348342433
68.68477900815627
74.53264092094956
83.2897144268893
81.99410983263115
83.34059309250648
87.86810267634804
95.50628470645219
96.291478935591
96.47137081453657
96.62084895786006
61.81447895114194
60.35945221106651
60.59724440877341
65.79089844440587
94.5711288612541
61.19040777540811
54.40973212003169
52.53049054736698
51.81594260071419
51.67647127122411
52.39956802655301
55.88151898470719
71.45611323654755
59.362071389800526
59.517352108863214
61.97905428323518
64.98857680597185
68.26453894541545
72.99929125618067
82.66665198075725
110.76283844494348
90.3689540762857
89.23885840597086
90.28778488677231
61.37225494733032
61.062771466684595
61.21706348993697
62.99162703521985
67.38769784521624
60.285559566299575
57.62525136354797
56.82793952918323
56.3985968119553
56.028479067286426
56.06550897741858
57.5067777697069
61.15022585408851
61.08813929711429
63.30170833983412
66.10120464413937
69.23853135032742
71.98225999482752
75.27121286417558
80.95760797509465
89.69460756160827
86.99771202138048
87.57961287095763
88.42227690300497
61.42542038302196
61.420740048540786
61.74578019679496
63.53392080335379
65.93604982940568
61.72370150797969
61.49328937316756
61.66962054609021
62.08333838428416
61.05821704807711
60.33416541519629
60.52751971712568
62.33294487547717
64.70548507295908
67.61198956827515
70.91411962891125
74.58635169442435
76.23975277636984
77.4946780435598
81.90483492739286
88.36309484546855
87.37380757590914
87.49556868741792
87.86203983714401
61.593345639958876
61.753111605534706
62.3627584832583
64.5422830338411
66.2905451607485
65.59582521839594
65.7973305594355
67.46504036619875
71.08038599375669
67.17679464745854
65.3339212303865
64.96166558511293
66.18430534342244
68.82884178153373
72.2033868159674
76.58124805894141
82.53491490735016
81.41181740448343
82.20946064376949
84.82092830726302
88.7281181637546
87.89866812497958
87.66162578709833
87.76373426572182
69.10712323680076
69.20218780399453
69.84318942111923
74.66729709360908
89.6381559655895
74.79375415888985
70.22562755394402
69.0370418031651
70.0138766338555
72.61074402034167
76.38414597263653
82.82839582098255
90.34826107277624
86.68322829314721
86.24687631670623
87.42297060821228
70.36952573329583
70.59744749411873
70.99353865913741
73.25819512387314
77.57222936382487
73.74305457071556
71.9569650246682
71.48298756446962
72.52534965371704
74.88950845985374
77.76098850961516
81.63626107235538
86.3206615975841
85.03119170422742
85.3524137002382
86.01076160053982
70.6872928801167
70.94446584113129
71.43474607860472
73.64709826434147
76.95554252725405
74.17245142501645
72.47668879502767
71.96641072589115
72.9973450352186
75.37327440155876
78.20238378604388
81.93677059813906
85.8711860283656
85.21339341410736
85.30717738834956
85.66557456276426
70.91664696443739
71.20813616072249
71.80459939500041
73.88098020877035
76.50751845350777
74.43687032423159
72.90268752057457
72.41044742022454
73.43478770068494
75.79534705955844
78.57118824205783
82.10470078635072
85.51259709662988
85.27607895165733
85.3055416539145
85.51897759956036
