108.34607984623048
109.16086858247327
110.05420817687876
110.69539352843907
110.18756583573187
107.72134868788095
104.54612764734742
101.93709895045673
100.87533485790723
101.86938588623413
104.17229934107648
107.24628598326632
110.11005403666256
111.30537218085732
111.35965893443682
110.9411124152321
107.61308178646745
108.74311472444121
109.96168636888011
111.12360288411564
111.02127675451617
108.0625843978815
104.37267997698491
101.4603993259922
100.3112073635728
101.39377966512899
103.9533781877898
107.5265776230269
110.99124530214591
111.90611317484213
111.48674074567364
110.57040849286972
106.1402191176338
107.87202232553956
109.61600805766233
111.66719453599143
112.53036376951403
108.50541892742474
103.99938964610767
100.70256190291931
99.46263339860282
100.64204129663564
103.53003644206008
107.88606599944251
112.58005657270105
112.68468531262346
111.35628604610464
109.42932445636183
103.22378150581552
105.6919945091079
108.35546652994422
112.32713529686504
116.58179114183488
109.0098645237628
102.93335702980636
99.20943194856159
97.91392116317472
99.13659155061357
102.40929869600735
108.28505140531733
116.81695112749503
113.58561526178855
110.01047518030124
106.36272092935639
94.72236148813855
95.34269782417473
96.20068352327013
97.42570080649175
99.53321450742689
101.99315941937127
105.1791170043146
111.56328531792315
127.89840547961171
108.25890597509303
100.44423891911967
96.81201156037964
95.67202616966439
96.71757284432607
99.90833883353739
107.43490341797055
128.5250683704688
112.6237829159854
105.87327870537837
101.29713896168606
98.43844703707639
97.73539895755957
97.52419405531857
97.30772242076397
94.11637294947869
94.82630305252881
95.64155025575704
96.5418249837545
97.07993179363123
97.54892081468093
98.99432605872477
101.24040911905934
103.71754021983733
99.10788276760647
95.61250411996805
93.75068067750124
93.17910557529687
93.6114262349465
95.15765324093087
98.28019508010658
103.02792426182486
100.67078857348675
97.90581036825986
96.44430423873001
97.01504761506841
97.49675901914546
97.43223623002656
97.09872117386784
93.14991377830464
94.06944717225016
95.1568241721594
96.38909239601696
96.74137033523759
94.77323854254578
94.0081403928932
94.04857558647856
94.03946860985087
92.62943856815842
91.52887633927115
91.21147782466105
91.38010224844425
91.00838566514824
90.98970941141745
91.6920371873532
92.91542681588466
92.84887533239313
92.67882581710325
94.16758470282623
97.28655708959366
97.89613539393547
97.41913558217901
96.61803928510128
91.5063368397406
92.67546543536375
94.23197020217364
96.73766711356112
98.9774825285959
93.46998292250942
90.33357274264827
89.14791310487043
88.58633253979936
88.13611527571335
88.31461832487666
89.44071618668625
91.27846321421805
89.14348146422184
87.62700767746664
87.05069199971545
87.29881268109551
87.83313668230575
89.27918040870703
93.22431995592875
100.290471789622
98.88309401262971
96.98976164092264
95.47662807544555
90.3778090716154
90.37066225103811
90.25771724741011
89.95752866897114
89.74069818717872
90.26545785631293
92.04647149824004
96.39033623211967
107.62247252051912
92.23992777633653
87.03168438417458
85.15302129198017
84.47800504659726
84.34515406104062
85.13665900576774
87.79784039576279
95.30771790477617
87.43159134177323
84.33763231070719
83.15990987274779
83.15037340854619
83.85631646884777
86.08490496499249
92.21916140299072
109.97875249693286
98.9274638515884
94.85001162470604
93.136494920101
93.76603588495257
95.22361922775505
96.18231884563686
96.73912385238796
90.3940349467266
90.47780652992458
90.4503032051481
90.03339345203496
88.94275405028314
87.38040563533771
87.24858394403066
88.23260867542409
89.45303441035172
85.34182267413127
82.60727409465399
81.31375019810157
80.78467116261567
80.51763723334369
80.85960634028852
82.02439891278884
83.60406985330705
81.59817660644829
79.9960248289377
79.32360912711478
79.51694468461872
80.14308097852548
81.6821476585745
85.07107017561106
90.33152740255096
89.86345583654287
89.32562185979282
90.76273130808221
93.77815489160233
95.92937037035102
96.8817669342481
97.35309094678269
90.27658282670653
90.56760209715719
90.80687362465854
90.74653509782195
89.52456741864025
85.98744812618459
83.47670389836878
82.22497652983391
81.37779652244191
79.63570729869974
78.38038991828398
77.80447333374343
77.56893058933744
76.7616389729699
76.30974325969744
76.37164819661487
76.51356569267607
75.94996060600704
75.48910453690532
75.68118064505992
76.4941987696325
76.84495908273904
77.6369924334178
79.49781438327521
82.15719328031416
83.86515381062429
86.06791286957045
90.0314964979874
95.13266895878922
97.38975998896909
98.06633972269927
98.27492868049649
89.6375536361403
90.28760362298505
91.14159895604482
92.3930523789639
92.79513626125083
85.52672491311915
80.7800210688675
78.01158275479601
76.34008435474459
75.08832777491241
74.49810046272691
74.7877332519597
75.72708875281964
73.44804499444112
71.7798027007471
71.01955270216607
70.71035371677229
70.67120319522323
71.10565591481354
72.60715112637773
74.90029232842781
74.15304944484039
74.14042899076986
75.34102612471966
77.45983158766975
80.126341119286
84.1274347923516
90.4429207142706
99.63574849893921
100.26330175558535
99.75538605676152
99.18074597646977
87.74714587745359
88.65557510181799
90.18610110605806
93.96133673748646
103.64557014491625
85.14506593390495
77.99396033331911
74.4538695209864
72.33384648174906
71.00230612472156
70.61091966113378
72.01699796489521
77.68620030477233
70.2379885770874
67.0898011176659
65.73177742892422
65.29398944354674
65.5177294552744
66.67031423597133
69.69925604405982
76.95447557499071
71.75131979210778
70.74628116196277
71.7662424078187
73.98936732280025
77.21715319044687
82.15365837218113
91.08067068628314
112.4360749607932
103.26650979670525
100.13424472285043
98.52688464677357
83.99871052326
84.44438875366953
85.02189642406631
85.76319557339961
85.62837432047874
78.6896002764688
73.85257875664243
70.82482824368877
68.69120896293258
66.96326935464018
65.84151300535022
65.66340562966712
66.0411133111964
63.35792249997178
61.31182947677024
60.20791723029144
59.890678450137315
60.17719530951849
61.250573696005944
63.378751008418895
66.17161602878772
66.09162869502612
66.65826429138393
68.41962029950335
71.06944620034439
74.31628154034085
78.714691770027
85.08128110582766
93.71092048250514
94.63852773644781
94.38798160793209
94.04735441522152
79.48124761121954
79.40954029263688
79.18846758217859
78.42938335757822
76.6128527161583
72.83300844219704
69.66883725192248
67.45561336193146
65.5740217782916
63.215500638744864
61.094964901564836
59.57985362487578
58.341913401566174
56.592486338558714
55.273555046181
54.692493604681324
54.83971564081581
54.96823214302547
55.73191277175759
57.29862956276186
59.28310579961855
60.87383091055139
62.82246877621268
65.60138411049175
68.8806626129507
71.8170745307586
75.33133155475316
79.9147538158258
84.94038030672885
87.51372089405226
88.56538579296574
89.12792563643534
75.26419326567103
74.87368109380168
74.23603696843107
72.94255880334067
70.82201123348588
68.21634099627441
66.13699009793868
64.76033000593165
63.7581060387117
60.031408215751796
56.6802074550983
54.038150671966015
51.98738351402457
50.27035299636103
49.399503368202325
49.87161072033335
51.34899923228425
50.45094758881005
50.498328248538755
51.79231269171268
53.899676737713115
56.437112064995105
59.56317350560785
63.59126876711427
68.26123110968341
70.33371947426392
72.92991594965962
76.40330755159128
80.3485879381889
83.08303266909815
84.53400498915549
85.47138050872063
71.94683335458342
71.43270958071028
70.664198187863
69.26026848102302
67.17715371120781
64.7411935979301
63.01405064398556
62.62984138635373
65.33687816906054
57.09536013458568
52.32416891716131
48.801333452336195
46.169150533261394
44.26320987138975
43.70802363282543
45.277309357778115
51.27402775014967
46.314554170714736
45.623734049177884
46.94339672633655
49.42342824066723
52.65255578038261
56.70504748394241
62.13820520355455
71.38549819021186
69.88968950695553
71.4312306136175
74.75223382109667
78.34701741862217
80.96676851497439
82.44471669651288
83.44795407428072
70.10480485564771
69.60941648428059
68.86719337292956
67.46717255190539
65.22933783568345
62.2562882008782
59.51515537518832
57.62459434593775
55.95517730508373
51.420104596196126
47.23134251741695
43.626076168592746
40.67698595572049
38.445922289710595
37.385879403421924
37.771722187616305
39.601345669280505
39.5148296529138
40.56856117529571
42.760171466679694
45.80464063185119
49.44533280455832
53.62159997611916
58.503154045632314
64.00066576805186
66.78637433746195
70.24213645555956
74.54375558074864
78.64841681851631
81.31833729220591
82.7006938203308
83.6030916769709
69.47988759414739
69.13010724528817
68.5887234179536
67.43729059187997
65.156788627397
60.932401650624996
56.870851200144884
53.30988202925646
50.03096375949464
46.153466905452476
42.276770688466556
38.811995134324064
35.84412536663244
33.17178692487192
31.49698864110431
31.167042935072544
32.292721899045226
33.94998558933292
36.40349978985377
39.68440289052785
43.55684447921693
47.27620828803505
51.289853331792145
55.885397552437695
60.73687431109309
65.34918237261492
70.31693759502842
75.76149668508748
80.94978094836124
83.45197210059723
84.5054972341062
85.11906695418436
69.62564899689161
69.56582128487757
69.48590986236569
69.23343769076979
67.98374172448973
60.8021655519023
54.76431664977306
49.90364822231974
45.626304721854325
41.56221522691491
37.854806502653524
34.81484616951787
32.680891845587865
28.98818821158726
26.52925002226836
25.95746043183849
27.47288773422561
30.12385051344729
33.798550361257405
38.328132066096316
43.426887884391626
46.616348514623525
50.130228329705766
54.56707649817256
59.62473026403634
64.98995385538085
71.05245734566562
78.18124653814615
86.00164094306115
87.29801604640788
87.49923057556157
87.52820404512735
69.89449449572024
70.1426725907111
70.71286747638786
72.54344589086094
78.17304451999388
61.595814924703234
52.92102921079635
46.957308119993556
42.01671435457998
37.62407711878161
33.87813994034008
31.65567068918563
32.65411389608428
25.812541407883835
22.704196685064257
22.741450438309695
25.13896178545823
28.512012440393605
32.799134999375646
38.379244403084805
46.659307449204114
47.01901565157353
49.9918257804872
54.45155007479433
59.63500132977232
65.36577913799644
72.23017880750157
81.56501193524015
97.62837441276311
92.37264469292022
90.60217728397559
89.74606813951407
69.39555988002583
69.37939795192685
69.29803813851126
68.81512884762009
66.8156153903913
57.49823340687318
50.048441719301636
44.342667998871214
39.299402650363824
34.387712686320356
30.0245997753344
26.752694818385134
24.57388892482034
21.46549256212037
20.552654975525012
22.01485595996678
24.737733896323974
28.198326741426364
32.41754466577486
37.301374768876435
42.65174644731866
46.06829249763157
50.18984185964142
54.97619441856158
60.29512279084847
65.70725049204489
72.00959961382287
79.78101426754888
88.70402292701293
89.9871967697807
89.96095806957162
89.75759180204095
68.47861630378756
68.08992572612823
67.26743684851641
65.00723284602793
60.47757746870124
52.99522942753969
47.237684092040645
42.71671293083969
38.16606262066732
32.69862186220591
27.47804391189758
23.260966018796786
20.517884760213136
19.535792743842443
20.34848377564399
22.628338154141844
25.645386244774485
28.738698815091066
32.54351577800393
36.93223879050744
41.60558464387838
46.1756682574746
51.03404879910368
56.45587917725028
62.17306776336558
66.57223087994541
71.32953152193377
77.95668683619515
84.81815507047848
87.78877759760952
88.70143853536776
89.02881917393137
67.47547422730608
66.59230353295641
64.72053702944984
60.71525753903521
54.82749712569421
49.2350113890138
45.481280217288095
42.70904310300173
39.75076367841662
33.01948219066365
27.251394117877187
22.86601062572037
20.62519573295502
20.500672515843295
21.957029295584107
24.598018983513626
28.008896523892343
30.397528841365865
33.73769999818726
37.952597323027014
42.51037469813289
47.34874937698574
52.78437996188891
59.180273482446886
66.23281647845873
68.89845666555708
71.71550918460416
76.23404121999596
82.14093931136092
85.89285960167558
87.52021868493037
88.24645783853612
49.713656341371305
46.5046581216973
44.826671099959064
44.429312179711246
46.71444711613106
35.52674454547333
29.227859978226807
25.528268827490948
23.54450324006228
23.223797973122785
24.74098979796349
27.76898793387804
33.068702043102824
33.0967116233827
35.90411283275417
39.974619963596
44.494402079185726
49.306821964728314
55.13130862688253
62.8842268753213
74.09630988503727
72.15883942431557
72.58580218531257
74.665595862298
46.203183134697106
44.60216238318499
43.50539116206524
42.531534433619825
41.192539964592875
35.400407974626546
31.299056771086693
29.058248755593368
27.58813639621165
26.949980774934208
27.5951820876453
29.842401707544465
32.92594217788952
35.27351068760696
38.63383103287649
42.801696329816075
47.27204985661833
51.50208255244437
56.33726541969207
62.53377154450919
69.23265867566899
70.6547115588283
71.55292159748711
72.90331966189629
44.472884113784545
43.44671650711992
42.43773671196809
41.145213691659904
39.21072967105305
35.80674144468959
34.21070318775697
33.23895327791102
32.658679492007046
31.611517325046567
31.416481514096557
32.492575769057055
35.18860075290582
38.37430666833148
42.17609005331052
46.541553501814285
51.0204295295014
54.24868277246444
57.519486340254424
62.293532544619005
67.24697681806758
69.4515270964571
70.55915348858821
71.54874583808278
43.50322328184834
42.65828017720852
41.637147931631134
40.30621269174697
38.869915876909914
37.935032210768284
37.64495584234865
38.07401810517786
39.09317015631247
37.11199078376809
36.06173501150614
36.428188140338044
38.55905697028843
41.970332376843835
46.13616179591872
50.942901860404035
55.89730430794318
57.53162405649342
59.462313355009925
62.552236702445995
66.33237097360806
68.68962568472001
69.92010642503288
70.74877627022703
40.17487241037653
40.17643369948269
40.80859320909725
42.88528255956178
47.329610839259864
42.477030720038314
40.33470830579127
40.189868655830196
42.04418399044384
45.26599734813418
49.59992667175207
54.97666646296795
61.249362867943994
60.36117057623408
60.75074218491599
62.38646860736731
41.143696705782446
41.395451307102746
42.07010215450612
43.531596607190224
45.27649912566029
43.504199574408595
42.40185989603258
42.58835256902927
44.46838102868769
47.33190539302725
51.04311931258188
55.202472707076105
59.07713298756483
59.7369452492311
60.27374122632895
61.25330904417094
41.623091749219526
41.91411343336281
42.53798468400427
43.61263592669815
44.567032201133685
43.80477756445657
43.33177904632
43.828812284037944
45.75672471809141
48.40174975153774
51.57770499647733
55.05650685661599
58.05053925458649
59.158939584253815
59.79074063414315
60.44244787875938
41.8998829074633
42.203656448363006
42.78385321299438
43.61418044709065
44.25532096764807
43.97210280895067
43.90276710302874
44.62940210153746
46.593865981372176
49.07842790141853
51.858187092523416
54.887747823023226
57.42823798721938
58.694196386920076
59.41069294436383
59.951404510087684
108.55919856849428
109.06939281988907
109.62806610881788
111.2765598136026
111.98471848217562
108.19272269541011
103.8659472378806
100.50892594287785
99.27125336645453
100.54691546380457
103.41518267714656
107.64162134641849
112.32308064773638
112.89715815324709
113.2556163990328
113.32067077987875
108.1878266027843
108.8440160611083
109.37314501002436
111.33494010233296
112.56990940539515
108.22067529710513
103.6703862038322
100.25990292195772
99.0194024456279
100.29629024257997
103.21776281093166
107.67190343655754
112.95749254832839
112.99720994133794
113.41376430375959
113.37291823090987
107.50053366275084
108.50744861089022
109.0392226146514
111.35205732371057
113.36165455999802
108.19042245371229
103.40541165437274
99.97720423036053
98.7399641183915
99.99728761414902
102.96858312608938
107.66410091949751
113.80775567885684
113.0100914155701
113.70608155600429
113.34297791554017
104.66738866435944
106.96594678347235
108.12275206911193
113.84467700930665
128.04753183673182
110.29896281605501
102.61616469943337
98.54835414618506
97.23560693118627
98.55143764101433
102.03980507126354
109.59497592706877
129.40109796693648
116.32278097067612
115.94623112581525
112.41933025946349
94.59675099205306
94.90579303731595
95.41641315073782
96.96823865564633
99.82236925786687
103.2128908868369
105.72301762210517
121.1490123215423
238.07321391859142
116.67144841303619
100.7941576204878
96.19903014545126
94.99835439741886
96.170733845651
100.03872453984457
115.63051198351211
244.115054188221
125.06377098593126
116.28271892254998
105.73623327328511
99.70962697799341
98.39021852179873
98.40422805331066
98.49896024362477
94.2929845533847
94.6265906147012
94.97182081473107
96.11920971105046
96.86280552206954
96.83954585641199
98.54303371669944
101.84682470199769
110.31414007152553
99.57929300812006
95.04953011878706
93.0248802279857
92.4961304185527
92.94356845474276
94.66870058580598
98.82648388754357
110.14809481266596
101.8953730011582
98.3905484442891
95.74260794182607
97.62586240126609
98.01914142892188
98.41336682354105
98.59722873060804
93.72777990806411
94.29196825044362
94.63985888938164
96.04828256284259
97.06403879765209
94.21712902673048
93.36475788948299
93.4920487637957
93.84574250700338
92.04035411520088
90.82137793950056
90.57329842785265
91.05521999496901
90.40459791019055
90.38277782742836
91.2160768988191
92.89431517408022
92.5061869453579
92.18254530771557
93.93442109129798
98.13740999262629
98.12366456436082
98.79860107356528
98.92262221267927
92.17671220894009
93.27260326900763
93.98084497215827
97.83304015831257
107.02490332145064
93.96529038063761
89.78708916102988
88.51462967798346
87.96393201682787
87.48588595943959
87.71096842997126
89.40579436187667
94.68860656456094
89.13478792401702
87.08920090870254
86.49385485412546
86.7990449301373
87.35060123314332
88.92836339577738
94.11514411472443
109.69391337166782
100.97739117417743
101.06599562963957
99.56294061103041
90.27437670490933
90.24166998762666
90.19074431903091
90.06055518122882
89.8860762737231
90.83607221409413
92.47237917869406
104.39420738259972
193.3728495011203
97.7480310355201
86.82626573036237
84.56113550303004
83.85975785817912
83.73819404957383
84.79871601030635
90.92691727202944
140.29110005902933
90.60784440811332
84.0627853967416
82.6326269195257
82.63152416949848
83.38224473311344
86.08644682067525
98.47341156225163
202.2114216009313
109.33144634828318
102.86037106441832
96.76084045567477
95.69919673796558
96.6245487099386
97.07623835190729
97.45803802830991
90.32185187165379
90.29480253058401
90.25167260161511
90.1312393740727
89.0771105685227
86.59015412806168
86.79082507604241
88.7338661498285
94.91602844797156
85.57476198062483
82.10280442739548
80.7440546466561
80.22489588570691
79.94789833713635
80.34895241506676
82.02652406617177
86.66090445058984
81.61643101581694
79.52476194660612
78.81938431303061
79.03658071670624
79.6655359018362
81.28178939252206
85.52265213439603
96.4112813275546
90.8574682732985
89.48017997458015
90.62748315473547
94.95708277686082
96.89507733904381
97.4914303793406
97.97473152071775
90.39065599718374
90.3637426539014
90.29975347540858
90.4741026568658
89.86809098329633
85.5100878146585
82.89494448457751
81.72191490694614
81.19045679937861
79.13379453536912
77.8442296678081
77.3196971656682
77.3046008642813
76.2894055102862
75.8103202781654
75.9369837629593
76.3250440426144
75.52388298970352
75.01565984517181
75.25848585812092
76.28523456916355
76.43887893553455
77.18553377746245
79.12643613665945
82.15708723917228
83.56974060544351
85.67072953785866
89.88415254742394
95.96321170859437
97.50288909795508
98.36941006870235
99.11203082681777
90.5855954619186
90.75229901415165
90.89686391966617
93.59933047527927
100.45512606783285
86.03077676252785
80.30807453474408
77.45779743453515
75.80959207628925
74.55365760675889
74.03357132393157
74.83637395364788
78.7391586826795
73.52569785789134
71.3718830001319
70.56970377983119
70.28192359417017
70.23450179407271
70.72064369246529
72.70237572883832
77.79079186137601
74.2404020487076
73.76174727923642
74.9243182618898
77.07435407296849
79.73833586880325
83.86575587907174
91.32786627380887
108.53338708689606
102.2488593244361
103.16125886555146
103.62763081149707
89.61722009662716
90.15936625282085
90.87350524611593
102.99602124492202
188.09100248855114
90.54138249720745
77.86208546994023
73.93629076751859
71.80361912415519
70.50398713209754
70.39509906906709
75.04824705337835
118.65343538431492
73.34319540171451
66.99107955912162
65.37351071564478
64.9308548486954
65.17018916028462
66.57230607291001
72.66588775978215
114.96941143497774
74.61755592150934
70.58975023494321
71.37829931380689
73.59189241388772
76.85228784880218
82.27222970360383
97.23685449359088
202.00517693488433
114.80649145661559
111.73798644792835
109.57076935126705
84.76172918074913
84.81805709588568
84.8237410051438
86.84543879142942
92.40213262249858
79.1615619230552
73.40317025580869
70.30619084344336
68.19359839446663
66.4796568842981
65.43926006304297
65.78408719268783
69.12735404227857
63.56961156800866
61.0814142662797
59.95080495493387
59.66380660272193
59.93413068262121
61.01602366589049
63.58338947361872
69.05206296746248
66.23444137038283
66.33450382267478
68.04406050858357
70.69936974783523
73.933928839092
78.46930213450217
85.8771692085067
101.46587934234529
96.35642197091428
97.28192347448565
97.77252996175957
79.15777319253172
78.99624076872873
78.77008205974143
78.24404198351994
76.99583917849466
72.46914963504791
69.1395172065262
66.99352591438743
65.3019713851707
62.80092244239641
60.683181938905626
59.255543941204174
58.286236526986094
56.37718903599447
55.079193186857864
54.591239558345364
55.01048840366669
54.877903277901126
55.52988364656111
57.09100376459349
59.25313776921165
60.6139214944265
62.495958571523715
65.29073194483435
68.73965380811916
71.46555041275978
74.96016924498642
79.78548439404514
85.624596370565
87.52075402328212
88.3434274211285
89.00506664134294
74.16254671438246
73.939773710412
73.68535752222333
72.4514150706937
70.3787938995405
67.6913391061195
65.66893360902718
64.72101154363861
66.01670261441123
60.02898601483727
56.35089332878967
53.70385400434627
51.72612684040038
50.06687458639457
49.31423692806963
50.37750172371861
54.894785585120964
50.95190977400701
50.396799016385586
51.57544786708247
53.646854763737196
56.156004113472086
59.30529722658808
63.678874842201736
70.66124421435978
70.45058819390401
72.59284179208264
76.03438758348572
80.03609676477593
82.64168916314401
83.20757311015987
83.73454439534812
70.55761082099401
70.34377947316896
70.1046233782467
68.74542751830992
66.67240053648477
64.22417377815017
62.782478063103135
65.05523037174046
95.99525608534228
59.33119780769684
52.224006565015316
48.51367729513981
45.93039773301232
44.113108252635776
43.896872342816806
48.75851568717521
89.17079337078506
49.736981555666965
45.764630668765086
46.767135710761636
49.178764665197825
52.40615024162406
56.633832372254126
64.35225902845328
101.02432203446776
72.64002224810034
71.41365931587029
74.37757012506736
77.93438131207134
80.46093900899585
80.93477051863579
81.3822237335824
68.7684375364098
68.56133674346249
68.32484590310797
66.98452898226233
64.78987601225649
61.727940650621456
59.078173542137435
57.652667323033384
58.23929442829472
51.48673139944634
46.97144007490702
43.348625238220485
40.463653662574266
38.29467291869407
37.32159750301529
38.26102513124973
42.97273367198467
40.0025573678275
40.51465825018222
42.58875952732109
45.59021361747141
49.20868460990892
53.40593628930342
58.61403208243054
66.35123743943927
66.89960674452914
69.8680354784047
74.166250192065
78.3261781618449
80.86875295549457
81.40586331651862
81.8875042006139
68.48920418252415
68.31466444718141
68.10906695296222
67.11209077480251
65.22413604489236
60.563774046685765
56.45276864391569
52.95856385556221
49.89587509744044
45.88441854688758
42.001823321872976
38.590715106435255
35.79118979255451
33.049386400166604
31.379285484240786
31.13081395273327
32.4731440882936
33.90785414721001
36.28473807651702
39.55167446912986
43.53326539286036
47.08515186566632
51.04625247358386
55.639567128939575
60.63384785933148
65.02959924910915
69.93443951392321
75.48236875915082
81.16569488041004
83.18083486613159
83.82597527851155
84.37371760917921
69.38469635387614
69.33257645845066
69.24920488821124
69.99879104233214
73.02309944431178
61.21165425998604
54.459091069933095
49.55265550421123
45.31392084462421
41.287406848158405
37.639307990611925
34.94845670145668
34.8554850153322
29.221685792325996
26.4577509136019
25.88422797146227
27.40684722351443
30.022965497391006
33.6943480503241
38.511474676298896
45.398592514683806
46.74154241122018
49.91614723549268
54.28167815679071
59.3122189852268
64.63591105508331
70.76981221427732
78.71442138311271
91.07869610465934
88.25991535194728
88.94953294243301
89.35017248596164
70.7040589399158
70.96994128911781
71.35338977715124
79.60942575417003
136.33741370429146
66.13840010657016
52.98437104152101
46.66570844918579
41.728946980764384
37.386219718643254
33.82792995322053
33.76419129289695
56.92980012316939
27.93741564904918
22.77632123746929
22.649447000719338
25.024284836654783
28.390253732542583
32.820651455634405
40.33135932116009
68.44202188536096
48.9421486884918
49.89092370744447
54.17329057089835
59.3190093306741
65.05493747408433
72.37647539899237
86.17590305000287
148.94557873586433
99.82193053210291
98.01122675038556
96.73424519274589
69.80175264074344
69.66291069294687
69.43977311018155
70.43400170704007
74.00825952019355
58.42349059014196
49.872890818920396
44.0805730068008
39.06344622293496
34.17536250580512
29.86410715868664
26.952329978211605
26.67626275469617
21.700035964996758
20.471479661747402
21.89679684956091
24.60992792355427
28.052316571674652
32.28361590172181
37.44685656472138
44.55253150051919
46.18964127526539
49.95999448158784
54.68792391512816
60.00326769816997
65.37843938644144
71.8328314539886
80.74250735193344
95.5983112632331
91.7146587296638
92.68936554789362
93.25266385920901
69.58822546497755
69.51042889196478
69.43159981218095
69.54360049740465
67.670967826005
53.56530552293684
46.89795606027415
42.5451376103127
38.268057000980676
32.53260375081601
27.283432761587477
23.144655002315336
20.56978958059738
19.456721129810745
20.23988794670354
22.52936060100049
25.6296817699225
28.599343242855447
32.36329006839567
36.76023461901096
41.51767008635566
45.932856598822255
50.74035189087365
56.240317396749084
62.28940094859369
66.24085126889455
70.63076363643879
79.9092278652735
92.06039492740294
91.79348517294197
92.14798239564372
92.47245908272232
69.20156014969156
68.92577551804594
68.33358973693494
65.50885348314502
57.963902019921086
48.16241124840233
45.26445251037242
43.260222262438646
43.145918893476995
33.41546175453606
27.132297896838594
22.734396998389656
20.516367881939903
20.38727338398041
21.858003054175356
24.698045448786157
29.26983720696693
30.45488038289929
33.54878111111032
37.72780251828729
42.26616948764553
47.061639959929444
52.55547233238667
59.62441495569795
69.67581290215266
69.47925575458416
71.65634408710103
78.16183804137172
88.64159291385023
91.04698190633518
91.62068633498286
91.9826228094367
49.60778807897526
45.82535956670441
45.223239275807295
48.72314966847178
77.12070369457233
38.80338345918966
29.37582939417917
25.416517699113864
23.42212442136316
23.100000668901437
24.728880554885222
29.083875910679428
46.11290905915826
34.35338349717161
35.75743245163395
39.724242417248696
44.22254217950743
49.02383690309808
55.230953495748956
66.23970635026367
96.89892769712141
76.37230562712145
75.60989651682867
77.62964198250383
45.365537417490614
44.10859773346633
43.626221424160214
43.584833358078725
45.8087478819233
36.02262817404494
31.225079440310672
28.94292178066784
27.488982063910516
26.806037190957817
27.424635083283114
29.911247282697552
34.32107762335879
35.190900107361045
38.38848333196304
42.52334234258639
47.00714837315076
51.18673759495689
56.084948375712905
63.19735094406479
73.40561080985766
71.71779660465107
72.66162606490711
73.98754289651984
44.38031893772511
43.820324764637945
43.52755494894572
43.36615932971872
43.022248488037505
35.897609696212555
34.09517268110974
33.22296087939143
32.9210932529556
31.556079213784066
31.189155452559927
32.24955206085413
35.045846494684135
38.141246294663716
41.93329127883321
46.3263141604526
51.1033110237186
53.9408776772934
56.66242039013928
63.266412726080524
71.53218669046213
71.72808392014404
72.21170600190011
72.8704306101259
43.95786730378006
43.55154795095045
43.185125249152485
42.526138576520815
40.97406497780652
38.08795328330146
37.689644948113994
38.66542503602285
41.89729357793484
37.662864350458605
36.02249189230377
36.2118827267657
38.31352921062018
41.76289714302168
45.970866092067325
51.25564793305729
58.08988266113383
57.85145098332011
59.324197628414296
63.96712057346892
70.61069310756068
71.64828968500821
72.0342644083888
72.45507509270071
41.57642933067792
40.856387620840195
41.276314067664224
45.822358297214336
61.19018172968321
45.32974300640855
40.74749324060732
40.02595335445299
41.780937082836694
45.09381026994439
49.742599574864784
57.022180509717614
65.39436468361252
62.27056512351168
62.1085041918855
64.11878928137287
41.91015055636804
41.86988535723828
42.165192862439866
44.23025976113544
48.34707586567699
44.137243683755855
42.359165484052546
42.3084390466783
44.12389907869565
47.044495940807494
50.839758550676315
55.503143316211066
60.855391335885685
60.071199980170526
60.57621366141968
61.54775313438022
42.04517559086172
42.15624200973819
42.56665560737416
44.60370848076264
47.68383098720176
44.561901201413214
42.85904370954261
42.76029726507158
44.56758613388964
47.49788738085924
51.24412066309931
55.759115416319545
60.33304472232671
60.15660054926528
60.416524867089194
60.97244637393406
42.189700440083456
42.38398009758667
42.9065271318574
44.8182104181844
47.19923483841506
44.81851293890991
43.26877554677387
43.17667609837159
44.979956865772344
47.893556115093
51.573586962157755
55.88638566139769
59.91060038550711
60.13524775499769
60.339118613196774
60.70594211901302
