47.417232619712294
47.336395157292465
47.083580905600556
46.273052295041
44.19174425786436
40.303768715519745
36.02921812304894
32.63858357160597
30.87415864510868
30.962357746887076
32.710446203722285
35.30727699564313
37.89210944542328
39.27639300246186
39.706002154570236
39.716519782249776
47.49868659777485
47.48827966915053
47.42481105283901
46.9406249750796
45.116463491540635
40.801915359112385
35.996696934595555
32.28251090442281
30.403326498827155
30.56194384525758
32.534391659298386
35.54635173346903
38.63350553979926
39.86461379644377
39.98822962017787
39.744631730028914
47.549940024631084
47.58008307728196
47.74748943250725
47.8146914410024
46.62174882598398
41.46096796827157
35.856794951834736
31.712940643577728
29.70166047120437
29.93799899200338
32.20231460154888
35.85892034372094
39.93533614860253
40.646927022100385
40.22079545432993
39.515652144408016
47.58873784172609
47.431762227656954
47.883631040549275
49.11398981910825
50.21701469024303
42.37539841015762
35.33747984320383
30.59258389701256
28.433144538570833
28.707774069372025
31.34097309516822
36.24768380750069
43.278127085182085
41.73501413895431
39.97853482130068
38.5982004619395
53.54453868787837
52.873459580066395
51.74729388940735
49.95421028111193
47.91534193243116
46.82772648853256
47.08221293494989
49.71654591670156
59.28440416335796
42.59628146387778
34.031022211076746
28.861782087908814
26.605874554677026
26.754445069273558
29.459216306066796
35.79604317401531
52.15090084432842
41.75307098794301
38.19893295755747
37.01209232266147
38.22163480247996
40.34819356449453
41.969005005422964
43.027847568421706
54.23526467886844
53.633265786035544
52.779706988414176
51.22378638008856
48.84863587101251
46.016401091249975
44.442124848868886
43.703600771746565
42.97142953490852
36.8885975640385
31.290668455229994
26.93175678012433
24.636044974315922
24.28761916218283
25.92558742175408
29.395901354254264
34.27879685871698
34.08243794792212
34.000618525161215
35.79148766734945
39.02467639041487
41.65372212415254
43.162526704314665
44.15829269470955
55.25267579255776
54.55004834233927
53.89620651884215
52.78642251125039
50.59151638371612
46.443285894215414
42.92296916866622
40.186772122197844
37.31765843263465
33.22704164579989
29.167263206147847
25.839457214379127
23.471408956122673
22.210343933043976
22.842475225123206
24.97218827502746
27.728967296139988
29.691838564707457
32.16595570970172
36.06979877148193
40.993685481055856
43.58124018345979
44.82690658128126
45.88108935621956
56.810029187650954
55.75233788070882
55.27533209857257
55.09056821651032
54.30955390191366
47.70221311977474
42.589480257763846
38.6313159834877
35.03796758468951
31.303062267718712
27.859772316917436
25.460017733637354
24.183628765966574
21.207309406963983
20.650186045229376
22.31382011226741
24.889091490857993
27.86313591021819
31.85043527245731
37.68211153297397
45.51173662594684
46.687930204093476
47.29370703585648
48.632797107304555
66.12181455027265
65.53367169881341
64.3858706900355
62.11255370553801
59.08882301029459
56.859646526244674
56.214693262436654
57.35492912633218
63.06726589047542
49.3274946877675
42.697044583339846
38.19299147319359
34.255991884758835
30.427204248671252
27.01514609360365
25.334177298489447
28.248795706918894
21.297839852413894
19.80126846749092
21.341339440352595
24.12445235242792
27.612121992720226
32.34142442310367
39.88867593608488
55.77322460074342
50.137460753383245
49.56625590315299
51.64254891560876
56.10443205079439
59.78713014833289
61.78324029994658
62.87578532433025
66.778796823118
66.40870059937978
65.70712587013549
64.05478347311829
61.29908315739819
57.90186627325928
55.525625526278425
54.208702926632846
52.81755098479756
47.230936628398794
42.412773675139576
38.323651741703564
34.44802626163361
30.450173888239867
26.6004779833812
23.51931764868451
21.772336836173423
19.696155451563044
20.1448746585499
22.27206532261433
25.18238819340387
28.59293201335132
32.90556001675801
38.42076439567338
45.02447857712623
47.08577229224649
49.46407486076249
53.70290195869744
58.48788477161236
61.733519060822836
63.23152322006465
64.06453099883439
67.56730834353272
67.38630334372984
67.01673730518809
65.99372034654039
63.712857515184474
59.4212018685027
55.69082121298954
52.72067560053886
49.951918601332494
46.28778074775696
42.63605013838869
39.18648035913677
35.65910550702169
31.428632157118997
27.185080151621026
23.45890106160244
20.787171657297364
20.052713252232067
21.441902290485253
24.204069926755565
27.50005834114061
30.514212796594705
34.05462623530459
38.146008687497364
42.498374474106235
46.20501969199335
50.41835110498475
55.60462411054859
61.21411105790866
64.03624241679945
65.13544052790368
65.71039334423749
68.36725939943133
68.49180655759163
68.64511735362225
68.76877989891182
67.99675541033757
61.358324100762395
56.36012662731798
52.65806227586729
49.45682014749622
46.31916532495469
43.37566679555438
40.80660554206558
38.346186526440945
33.299300261017876
28.537332956252357
24.602228919093758
21.967702890092863
21.49605357645174
23.32981847289148
26.77679468613254
30.967846906969868
32.95956419885211
35.50378012770864
38.83192294857535
42.602668269787046
46.692733240077764
51.6081045896401
58.10974853325688
66.41054333241765
67.71888954565536
67.82792713127648
67.76530643847657
68.63900734039291
69.01403015842536
69.7515672355342
71.8748994798194
78.06164836511337
63.51495106428792
57.048946313371765
53.0538301778441
49.86297415643288
46.91312699627919
44.33103970249901
42.83633753084369
44.13423445047108
35.61382223285272
30.117708904814883
26.107398181208485
23.48691945176488
23.171417073732492
25.287372300258145
29.55901475096224
37.167769303014936
35.55095400960316
37.04619170283521
39.93930333873892
43.462106701761705
47.51237127919259
52.7610653642298
60.97155727497751
78.140194071745
71.91998005107106
69.96152379622049
69.05890708588839
67.89968078119087
67.98257429442494
68.09224949610424
68.15413246933731
67.38679447183458
61.44685008015775
56.974664776153396
53.63695923375112
50.716248612994995
47.790571128255515
44.961519091027114
42.54833415726251
40.33942532964403
35.6095406956339
31.261595327114687
27.724457457072216
25.202074694587687
24.84052336811794
26.695475193821324
29.906736555128585
33.88770541112761
35.72082111324813
38.21249913931402
41.31327855627428
44.72917358251285
48.397569354523405
52.844381697452505
58.77926484513414
66.30196786906814
67.57056235392571
67.7313956578943
67.73626514990781
66.95149799216478
66.72850094797063
66.34512270653933
65.4476221365851
63.56948910851964
60.111864295567784
57.1085304260145
54.63149826862531
52.19435836684165
49.13322726498157
45.92072086389889
42.759575242700244
39.65456029497853
35.98863583094887
32.61517603515479
29.806870535934763
27.633084008630377
26.925983739465043
28.25346116700318
30.56006637890471
33.538737804366235
36.41443865727334
39.60566461038168
43.00513293086711
46.48830844360892
49.583100412260066
53.05921505160457
57.398425656279514
62.10299164440738
64.54069809225922
65.60364874710032
66.22312144865106
66.53821064945835
66.14876230749401
65.5423488954537
64.3670287606165
62.48220740709152
60.03098802304443
57.87370043309959
56.33782465750363
54.859593800469526
51.11857650778474
47.401543210570416
43.842562440761505
40.45512463354376
37.15884702726441
34.56862567257061
32.73248363441977
31.695309300097893
29.998996150668756
30.37762481549841
32.00832116382641
34.68074484258335
37.87307589079866
41.352900992977176
45.21653165893244
49.46061963961408
51.59578837838469
54.08068344591951
57.549356867003986
61.14035050601979
63.610613699288415
64.94010319374568
65.81289315896653
67.20986332224767
66.80316701120452
66.17865123809347
65.00421069616517
63.229341218445605
61.10101562497881
59.30968673818521
58.64075646474907
60.25850089744687
53.48320530021118
49.11084333622882
45.47170832938017
42.131607484393996
39.0872943376517
36.960623750345775
36.28605209359649
38.92272611216386
33.852120646920255
33.01504030294281
34.10512817674406
36.55523957477773
39.68978168742945
43.31490097675185
47.88473762752883
55.33551787108136
54.401004596722494
56.07413642584454
59.24094391357669
62.50516820480576
64.86880681732444
66.18213469041642
67.06159882815761
68.92205362462161
68.62202299403262
68.1295449978974
67.09304604831236
65.34256075681091
62.94566055538895
60.68956113771659
58.862672414574284
57.44351448148382
53.89441109166023
50.44002584292347
47.25184945590111
44.29395889121616
41.41655882650107
39.06978171918172
37.78922776598689
37.27866813641275
35.681297866581176
35.39384472998387
36.61773562399375
38.886638053283676
41.68389650424582
44.944467735925464
48.67179112331231
52.87598257415464
55.22735556679358
58.399201766257775
62.14697203849164
65.75792652927612
68.05910924190961
69.19410801830193
69.90595840928701
71.08443752336632
70.97788771984602
70.74849299732399
70.0923178341105
68.57755934571921
65.43397527111715
62.38389961710594
59.798364177432006
57.394525600040765
54.61885558524998
51.852274296729554
49.420103910715056
47.03436909559124
44.22234077959833
41.60462828268458
39.72765236724331
38.45811555334658
37.77050222818338
37.97545595473596
39.54138524276854
41.877384235268515
44.12837200050044
46.83473500430275
49.989819367673604
53.508932131932944
57.070423960591874
61.18850052908336
65.86713329314685
70.30271939459381
72.28851912369153
73.04115743845564
73.43220044226709
73.38643548378047
73.5952063676118
73.86829704820452
74.20511004467097
73.89859761193848
68.75201987219896
64.47505163754653
61.22188895130809
58.53490229783694
56.05395642825474
53.82775510320387
52.154930830115234
50.71664893802548
47.5565110290903
44.673772359223875
42.49888219340564
40.93736036691681
40.4775853247362
41.079936219158135
43.012728046304524
45.84789120591336
47.25023250761935
49.15118234439976
51.98396743355384
55.451352098802076
59.44900136400956
64.34880061297176
70.34725330435194
76.8282154810385
77.507167812965
77.40357060595528
77.21480655669309
75.48323408985262
76.03294391177914
76.9606509359941
79.20845223586971
84.65982697571027
72.67147971843642
66.7270755517631
63.030942646214044
60.24422548743287
57.9158966256265
56.068683675156166
55.23271320974653
56.58249142337379
51.094723120071066
47.78500323610651
45.56178846400569
44.1702564097364
43.74535877954341
44.564833101896085
46.92712592590901
52.00502471050735
50.7816485729496
51.771596673061396
54.467119771060375
57.94126978441527
62.11805076282071
67.54437484660768
75.28574727362722
88.18951479701872
83.3045677358353
81.46431393902375
80.47104794573904
76.55922133657566
76.97943339770396
77.52337670863166
78.24394377970086
78.16684337215561
72.31128229412339
67.89081433329511
64.75021493097742
62.33816668767159
60.13637465720366
58.18071898421948
56.653102154405964
55.605958099866406
52.84311889514385
50.42246304339963
48.75570072387366
47.64442593298252
47.1573655352527
47.66816262648673
49.27111712746061
51.66389362134535
52.74160257383048
54.42560740685485
57.395496683247124
60.863148833177625
64.65996905780798
69.27485926814536
75.28326801931577
82.0991305420002
82.40203357902861
81.9515168143464
81.47622813633257
76.9081294964552
77.1126754753471
77.27556269065626
77.06476182050916
75.62100601600727
71.78847107441214
68.96528845716544
67.19997368285688
65.52561463444536
62.973384016834494
60.64669205125855
58.69716732432918
56.88813740743869
54.94839687226075
53.27732302349741
52.1106580182538
51.32829077661716
50.721999120618925
50.78695200057732
51.74734596421337
53.37142833417056
55.254445993207234
57.654433331997815
61.1196844771714
64.92805860019982
67.62081578034842
70.75139601199706
75.31642670318705
79.97918879750458
81.4339283418725
81.64277446298313
81.56504847204684
76.9497278946986
76.98160512264295
76.81411600080916
76.03830410873057
74.35251208376992
72.16250102925422
71.21945572375299
70.91854265218845
70.57311200753445
66.84814718297825
63.79986007163334
61.47494444308685
59.55800689892708
57.84871126707668
56.4671042016989
55.71297424420015
55.588822557059075
54.607242194175164
54.37077937292638
54.868196312198556
56.383316090558196
58.61753255138266
61.615730027114616
66.00693659412596
71.17140140866852
72.17456028734057
73.40634704577958
76.06736433235308
79.27039869212804
80.85325903304867
81.33754214252079
81.45446857222136
74.0793257396316
73.59369193338134
73.82901954004527
75.35631797383117
79.41647227504012
71.39565066525394
67.15982693659079
64.58659626619581
62.79236683319565
61.141280661409475
59.81802649676521
59.52269807458266
61.494947278431425
58.762137122078634
58.22173775970276
58.86209678799943
60.4323689043861
62.64181147894617
66.03162529339367
71.68329941927013
80.67226352439194
77.36096998996234
76.52514095923632
77.10339737447946
74.47648130386666
74.42280079316943
74.74284894967037
75.58180068066676
76.28317694387476
72.5895785722008
69.79886401629678
68.11718003921507
66.63441447145034
64.85888994027185
63.19995909749753
62.14518185426453
62.37185518114901
61.65461775274321
62.146162680131454
63.44655547012967
65.15679757097186
66.94640786760316
69.22630977549497
73.18403734969161
77.77319027382366
77.54464219919578
77.28700619086757
77.50141874578057
74.72522388224374
74.79805423220296
75.10566066138418
75.7221860102948
75.76525395094899
73.85723895703025
72.89181335001774
72.2702248764921
71.44112371255818
69.33085445400927
67.13455144511897
65.55955409992177
64.83500683355167
65.11534972612877
66.69511950405524
68.70678208361241
70.7969893477791
71.95157501489385
72.75233370320367
74.77651111108376
77.35497564479236
77.57663663469248
77.49418926486034
77.58093745184127
74.91317815202135
75.07975550873124
75.60085492235008
76.30180837156975
76.58024357920277
76.39859929279847
76.49657084054023
77.04427559580984
77.61389723697961
74.55298825609029
71.60286373008745
69.48117673011458
68.66709465667799
69.48437884732338
71.5569088972393
74.46383652622164
77.49076064102663
77.38976153784537
77.40851795234614
77.68442672478133
78.29956013889392
78.15009253433288
77.78851841649701
77.70267363974278
78.5554140492725
78.92891820315539
79.70377406191716
81.61187643693448
85.32253033192225
79.62388936328605
75.69095548825051
73.27794275167804
72.50629665110375
73.5484697923733
75.97471711751999
79.61930929018602
84.32966835631053
81.88644221700157
80.96895348703553
80.7893369114998
79.8518424610048
80.22268336411142
80.86351031611743
81.99981191438216
83.10794880112107
80.37193159098696
77.61600207096275
75.81777363950262
75.15373904318857
76.10126187248422
78.04299250433927
80.53193627008301
82.88025799586707
82.1821295297449
81.8142361238777
81.76502079487885
80.4112678951687
80.71350068933454
81.21140922087412
81.91480811702581
82.24272189705518
80.4811718301793
78.47585933304632
77.13568932491854
76.590249706712
77.39546104759759
78.93745334702173
80.78210915714732
82.2967139174315
82.12192710712037
81.93495969483844
81.92460577067042
80.68937684394939
80.94974865725332
81.34705370930625
81.7857507752514
81.79588517677884
80.4944896039249
79.00348157891203
77.98507632830636
77.53985496240813
78.23035487055066
79.4814807700932
80.91032694657284
82.00394291394394
82.04418537454676
81.92573211251553
81.93554072516442
48.61157405359987
48.60543435704651
48.596238206456896
48.54088592902199
47.30631819133855
42.38224704204378
36.418941792208685
31.403121341330877
29.169211447358872
29.34591568337109
31.49781648726683
34.94266469893146
38.862285346405145
39.76195584979017
40.178646036803784
40.384184254967614
48.61799801611851
48.610336056616866
48.60872586517142
48.72356985365883
47.825417477218274
42.46981596153754
36.33559741164228
31.23435161425097
28.97806518245283
29.15173404080122
31.347873489242904
34.976296785714226
39.36356934638389
39.90678933056472
40.35643572573311
40.53996805038938
48.63166613878429
48.612996363979086
48.592108937086024
48.88961737224557
48.5022768206796
42.51039418921356
36.1968378658458
31.04481093999344
28.766790792221165
28.921981730243782
31.15860913883534
34.98372768838809
40.025224778589376
40.0003192031019
40.66289866425929
40.75135532415441
48.750455199731185
48.694655395986786
48.931512395189756
51.50224784230668
59.75485965933279
44.619083396352195
36.18877057233757
30.206124546012926
27.611946817930935
27.78468624262953
30.455243004229413
36.47010471006119
51.51026458078419
42.76270841240062
42.77852802358564
41.21544597507377
54.32939056732539
54.00124954429984
53.389212235422114
51.62520392874424
49.10090968414685
48.062289353430806
48.64109617713359
57.90484438375838
139.87595189514715
50.033652158319796
35.652546515740305
29.054411900198346
25.9793039322686
25.94959520872906
28.964693045952206
40.97776129135797
134.41583328423496
49.69898480041988
44.08691963693107
38.879863911233755
38.777265373585024
41.07140495007898
42.37837682322651
43.18524148619568
54.66518799233758
54.35847779635914
53.992101875707675
52.81088509693842
50.40046447220987
46.48734337523811
45.249330274386836
45.43014543363266
49.09752892840757
38.70594104542818
32.41400035641686
27.7745497024707
24.524372163717324
23.56567382965527
25.03311177121474
29.053218884390596
38.51098365816768
33.84887461930479
33.00380125394221
34.68518598548121
39.40883424473955
42.1382424973943
43.20891377641342
44.05945078373284
55.23040978465769
54.73797243404517
54.37234596566744
53.51176575553723
51.869305201699134
47.136512525517205
43.59486613780752
41.04164383785839
38.560470715255555
34.31696917145604
30.272538203807503
27.023981407686907
24.57938283989397
22.107840539499676
22.002102484209722
23.883308499204823
26.733876613481215
28.3492028812463
30.66118780073917
34.920406654168076
40.80487967638285
43.03915033730734
44.36360419178424
45.735808379521714
56.99988522489258
56.0306046186826
55.823187400384896
56.72227221062966
61.004600976863046
49.027367737344285
43.25566349832524
39.359270595054966
35.92391333714987
32.35037637728107
29.121076662767976
27.187173776119725
28.29998885093799
22.573227412579453
20.598052631915042
21.51041645168474
23.756310483454076
26.625215655437678
30.710923905993997
37.62134271672538
51.97430337541709
48.10837603102272
49.2112679208381
50.60504120553205
66.88506007401773
66.59821885306094
66.07032648875389
63.880917354568595
59.99761006202245
57.31679481697955
57.189222020499805
63.897275407950545
125.39003274913355
54.183855116032134
43.51898697402903
38.855077208194636
35.043321082628786
31.41572185463901
28.384219991392822
29.36757036168887
62.46965764645211
25.24615629150798
20.731606430449364
21.49497509863497
23.73861255589005
27.055861635788162
32.22810156046605
44.66303324326537
122.94688994615795
58.07014853748043
55.05082083947028
54.82364071293984
59.36656801542154
62.634500184928186
63.54954541074771
64.1404477519241
67.2804695143875
67.10314865856013
66.84084148683763
65.63273517775757
62.87884598771214
58.145568223151024
55.85081280293304
55.31145233449829
57.54582307989594
48.22270336677634
42.92201134342879
38.88114154330563
35.129076913381404
31.28185137573484
27.67225299239317
25.131222162208086
25.741224096754134
21.210568603658874
20.91968126937383
22.729279151419675
25.453585658085434
28.74477166772942
33.09207646202948
39.24838510002696
50.02835739495505
48.24253632078205
50.15763347258144
55.118551198982615
60.91988483587205
63.685429988181916
64.39748992477557
64.93980030061577
67.72202162791929
67.51707940601369
67.25915919407807
66.46029327158337
64.67372167537064
59.791458863138985
55.937247078726244
53.047277857403344
50.541227340233064
46.69097503884972
43.045646603472846
39.69229895505392
36.41090516457754
32.130119396438346
27.974465487755463
24.373208498133334
21.7811138096605
20.848062922165663
22.05383136522568
24.702250437587203
28.042591504574407
30.82362819777883
34.29670651466215
38.407463176641635
43.00689287793645
46.46131683313084
50.679403740845935
56.052998869244426
62.36948585193609
64.5734870116905
65.46584847800223
66.23188541644517
69.06668065927545
69.05584164300073
69.01700068985438
70.2311328788599
74.17379932794695
62.34713959256334
56.63818442125999
52.89511837071742
49.732839190207336
46.62507376852065
43.757031744396244
41.59335815150223
41.318298886242005
34.21934875756794
29.17683901003751
25.24246931896227
22.606298537357013
22.087601997194213
23.860918520954066
27.564097208925453
33.73688656051724
33.619257644465826
35.76894089040895
39.034310051033124
42.795904594773766
46.86258927491686
51.867803500182866
59.255516544323974
73.54346023749359
69.60851515044494
70.45015035805271
70.94173736292956
70.03870598826755
70.34956130137378
70.77765415722604
78.98378429254211
139.21146359923728
68.05600276580637
57.54183082125692
53.27453891065269
50.091128604142256
47.1866403568629
44.81895258499215
45.68928141429929
74.46820819195904
38.586270087019514
30.80736245871645
26.631859993244547
24.006028526047487
23.67209068655343
25.895108501024772
32.364895215366566
65.75041836421157
38.214916252207736
37.41638899361545
40.13025911177005
43.62190366407757
47.67496122590687
53.294911750468145
66.15324166386392
143.97595021798423
80.9093960407246
78.72648659748032
77.20071533287042
68.47586750839471
68.465981139386
68.42312432362034
69.44344397465515
72.85266554731956
62.30882272649394
57.19224720212836
53.81773503431228
50.92535590362172
48.026980124381446
45.260231534143784
43.22725401987
43.18762969500508
36.385318237531735
31.721328522085926
28.167918749882087
25.66257888230377
25.27241668475078
27.111679477777738
30.603020425328598
36.53390882727921
36.315132455355624
38.443184625717244
41.48534619371816
44.88343298695726
48.517085987127146
53.026717122871126
59.77962085148509
72.58509949016671
69.21087956432605
69.97491865889482
70.40936084307192
66.82051387098767
66.67456216197111
66.48831016959844
65.77054546987944
64.31484559015392
60.30329732842918
57.22776240067694
54.816087282312544
52.53329404600966
49.37531436643193
46.165496416921314
43.05341515873701
40.139631120132435
36.37575595597093
33.009167501887376
30.262906569557845
28.277967644454765
27.374770641269066
28.621721205325034
30.894483455782577
33.96307082358756
36.66274893559447
39.803588586514095
43.19438849490424
46.791729262070206
49.692475822444386
53.098697765675624
57.6240000675165
62.97448519311932
64.85190473920515
65.52836921511971
66.08335387685682
65.99895073635217
65.81319733131924
65.60297355576519
64.47893135439531
62.62999484493092
60.10241462577791
58.01154401998293
56.812470734339314
57.03911232909338
51.618038064462276
47.654393427203864
44.07798652464074
40.726641714410555
37.470902618848996
34.971910135253175
33.5731740567684
34.83737792639363
30.83531069199955
30.762575289625882
32.28445823580448
34.91606120956509
38.08672016388591
41.56459721793602
45.6759446207304
51.693222894828615
52.05626758894929
54.16096827528869
57.59972843651133
61.236907902866555
63.59094351221587
64.08335348347224
64.54125470071307
66.63082786965848
66.43907925325924
66.2246353378743
65.08654113737822
63.32011439026716
61.17257317333715
59.56784715252126
60.921563112154494
83.45823291105361
55.62202347321662
49.48976423630696
45.69552293926285
42.368807299111644
39.36638908453946
37.49765920817535
39.32883555996775
67.90680005369356
36.855247057016484
33.513627049448935
34.35405809650311
36.76050465852026
39.890024125461174
43.632188085965524
49.96854412554138
78.26153262246227
56.88281723627792
56.3297089123491
59.278999509152825
62.51245558621389
64.79163151455452
65.23684864281486
65.65464620531377
68.61359100410355
68.437376427491
68.22136784021464
67.23023332976953
65.51819613334351
63.03689561238529
60.797887895385024
59.277239920619486
59.59594582140018
54.37075737205978
50.670238441120254
47.45706960015694
44.523927506556596
41.66244392465613
39.38348567483439
38.52643264614241
40.230090128779416
36.403351237126394
35.674551161230404
36.813484340184004
39.065842557492715
41.847086885398255
45.113619555675974
49.091440352683655
55.04886764974326
55.563359704085116
58.453544820549574
62.21096148758428
65.86875216042533
68.05357010737359
68.55480926925894
68.99387989280235
71.13532531918807
71.01473672836813
70.85941736960027
70.32208990462415
69.13620043621093
65.62295922926188
62.48425344148305
59.937461111338635
57.66438975989429
54.80248672211621
52.03562690750442
49.64307878371472
47.39466981906048
44.46503158161352
41.830385945629345
39.99256429352125
38.88789879921741
38.02634292774741
38.158863572963206
39.723682938656346
42.16436570962285
44.287326256162714
46.94721517487979
50.09708742080562
53.70371469241322
57.12029681457101
61.21649062244678
65.9953717116782
70.88308353204522
72.41937940191474
72.9829491118268
73.4510633950786
74.08445524000398
74.11645197655271
74.12921419159977
75.25641054392622
78.36131792478886
69.52806685782157
64.64033931844807
61.335253253869155
58.66608331819334
56.20203555505676
54.01714186737433
52.62915901714924
52.76208677478029
48.04433490181181
44.890206112399596
42.67976501944599
41.11449526482037
40.63449716522221
41.24835874789089
43.42907329312276
47.732323368686025
47.643288356192606
49.26053759168251
52.04365180090969
55.49136500993756
59.45710614077641
64.4311891473419
71.18640471281296
81.50465139941393
78.66834486427227
79.19617262317857
79.47921360146141
77.08717162997608
77.43793999542288
77.89340775994388
85.08924844269283
128.1913943080417
76.75811024021179
67.17512804194982
63.16388635511805
60.36531478657057
58.05833317097059
56.34821715286105
57.21528652448756
75.8248214933626
53.06461307026419
48.101199891134314
45.72866124456384
44.31800593356005
43.88669991274712
44.83042948845095
48.77971551442649
69.84918513272193
52.62814005104358
51.974534148853934
54.50638820722081
57.95371004990729
62.143217360003604
68.00689235264224
79.6635825148508
127.7121402276233
89.6377047397342
88.0828168977055
86.95474784857926
77.80465178707846
77.91309509311658
77.98751889158758
79.81919507771785
84.08177462016992
73.34076330763425
68.09343786158533
64.86825134453265
62.46317804080526
60.256819991056354
58.346078233516636
57.074714241966106
57.56607795072859
53.2870650823529
50.61121758953455
48.91452280018862
47.80333802624325
47.296210982531065
47.81218364237644
49.650669487703894
53.491212569114396
53.10015469031344
54.48371545387748
57.40346807115946
60.87326172708237
64.64276852814628
69.34971670861695
76.38469340728511
88.04110541835291
84.09739122431584
84.73579815805292
85.05327703641045
78.11131989317498
78.23847178178875
78.45367593083124
79.86428897068119
80.69042259910647
72.37833479681649
69.06159567095665
67.38248981536785
65.9412578972086
63.1280055435709
60.7697168066144
58.849812359097726
57.12348421314283
55.1092044505769
53.4235691036084
52.27568518618429
51.57458446227069
50.87029563282012
50.89628234990224
51.86501301471223
53.58223570992788
55.316982527713364
57.660141160165786
61.18706856857844
65.3248690449599
67.6261924959053
70.23692121159505
76.69718322404006
85.65588124422078
84.48616401172605
84.58862824601904
84.7280201106029
78.28613793768994
78.41315525062471
78.59593769213619
78.99224324373591
77.17832084356847
72.34914374392658
71.46589757411702
71.75235723507197
73.9401405283138
67.50667592293047
63.96105556249658
61.59699707423122
59.68570279915436
57.97190816831647
56.60272495622408
56.038805578197035
56.93372142995039
54.911701316993806
54.472337714684194
54.933710747851066
56.42945186054928
58.63304710286925
61.69043052137543
66.73462088042497
74.82107819658474
73.10075649160567
74.17615385147862
78.14327631772075
84.44002233205624
84.54652275770242
84.57451371494543
84.64051679520614
75.59099186421788
74.32981527349956
74.57413481553871
79.41145859336325
104.01632919142222
74.65298502240519
67.55018053739093
64.7184673017519
62.90874771155116
61.25664218967769
60.00311741399279
60.91602514698653
73.0228758359246
60.12906606330441
58.391337521474576
58.89837270438247
60.450011638585075
62.659924473444704
66.42680333090728
75.27851325455356
100.07119363159404
81.6221237081819
80.38755300802626
81.05925349511587
75.27473302315475
74.99620116564697
75.13475723848151
76.72685343117479
80.55296356029444
73.39397583118262
69.98287537599123
68.2442441190793
66.77838836388771
64.9662714839362
63.27517142573291
62.38834022981067
63.851930981984665
61.913204364757775
62.174996293560206
63.44771456201754
65.18002501237615
66.93230363111877
69.22148162577592
74.06832033015915
81.92955146537534
78.83566412450254
79.24355043761287
79.81908179230383
75.33152235680981
75.32574004553135
75.61642033788783
77.17841479514756
79.04381999445778
74.23232500814721
73.03990128739709
72.5008252276496
71.95966562666678
69.55225803889597
67.20879682238763
65.58795383717094
64.96521370394152
65.11118590189962
66.69961644763919
68.76749121992975
71.19019138455579
72.0156785768499
72.27548256745767
75.37823932567635
80.87780818072845
79.34721902536874
79.31628558328727
79.52498357734834
75.48508444002749
75.62499148318062
76.15982275381442
77.91632013246458
78.8549008825113
76.97450222712398
76.80449942559021
77.89766345418401
80.6830337104074
75.40567950857167
71.88509681193337
69.55733160971334
68.68731835571013
69.51109435814907
71.64175289751604
75.08851723168095
80.13672167966166
78.13011609562702
78.43795684308317
79.55615165303274
81.84898014548257
80.07189533267085
79.5955198330462
79.56666984872962
80.3849362025946
79.97328057862612
80.4286671432283
84.7144628369745
97.55909425886492
82.7446946023845
76.43856292818026
73.40277658727236
72.52400513086462
73.62274517539203
76.38595868143705
82.07725077589224
88.76840431236839
84.25041614794165
83.54769325584691
84.00873918453503
80.98043312244904
80.96400352920747
81.21877357764687
82.95667816009576
86.29893275154546
81.31157727501463
77.89715709568125
75.82435799911961
75.08665311107384
76.05570704346728
78.07684680183594
81.12496001978546
85.0035693537556
82.85990080821445
83.03286096803039
83.39747266495594
81.13231310219491
81.22719314670496
81.58294226028201
83.27422927504766
85.64467291586455
81.70861590131386
78.40937516822022
76.31721325096288
75.56279580365974
76.5557692561497
78.56135436193333
81.49437463459485
84.61411128119629
83.15681232304868
83.07876225677427
83.24185308486945
81.27019352038212
81.43312274133265
81.88272219736241
83.43959366651654
85.15441601933793
81.934749042862
78.82313103054622
76.76987681650107
76.00504885337627
76.99729517934642
78.96945522526778
81.71891401743837
84.31400169969099
83.32216342562705
83.14637853707217
83.19858172162864
