107.10143820856074
108.19926895143061
109.47276917740518
110.64213562583625
110.79556331383638
109.16065932276302
107.08158617225027
105.75218943119398
106.1332956369437
108.24322597341151
111.43224931082658
115.23152455110464
118.85332581529177
120.67606424140963
121.13578663019874
121.01001576231077
106.1314425947644
107.59789851223134
109.21347189101566
110.92116571111296
111.50889238284395
109.41829308887574
106.86502858858631
105.27901310210798
105.61229284564565
107.839602772837
111.30084569316183
115.62027041564446
119.87543605795348
121.43723978266665
121.43845587038558
120.89396300667458
104.2394037484735
106.45494331500404
108.6382600001345
111.2615205584485
112.84500598003822
109.75870745359404
106.44699390947781
104.53407822967448
104.82181288969574
107.181710685788
110.99188931057004
116.13287184349231
121.63741468520728
122.42147765303014
121.59177237751108
120.22951816251393
100.51262147104038
103.77850547480307
106.99345055544563
111.5776638235602
116.54921671071159
110.1231386803986
105.34821364576858
103.07974400619113
103.36653538067125
105.81918615152276
110.05830437168744
116.80357354856147
126.09187201134046
123.68853882580781
120.8348398883009
118.17768794139103
85.50468873440889
86.81076866095795
88.73511625538848
91.66327429335213
95.6562378150453
99.38617890900946
103.37496213095898
110.39719087322455
127.16370612177758
109.24628555098282
102.86624731033794
100.75541168719046
101.2536860626381
103.59907708475907
107.86000190465573
116.36124167354774
137.82328747270537
123.30541316868772
117.68261974869218
114.67256902420907
113.9543116548339
114.73167169460456
115.27767867338983
115.53517357497483
84.26762198592132
85.68180846625935
87.40346821384948
89.72215436559493
92.04949875664246
94.15813347469185
96.7589849892893
99.95834515203771
103.52033763191473
100.2462881161432
98.12579435698272
97.79732686032797
98.90698228284636
100.75186347840985
103.55013399418948
107.95036069399534
113.75099269042134
112.46586565926462
111.00869565773645
111.31024072767538
113.5854355790812
115.0893567517539
115.63810186158558
115.82028168931723
82.25620576165322
84.12863960887677
86.12939193612647
88.65679225662045
90.69193759974034
90.50696377867123
91.23106075229884
92.51738276566032
93.82713151371505
93.81117685669818
94.0948430692471
95.33059726532014
97.27167284178992
98.39428740132047
99.83383361665352
102.03209055470023
104.5766237430222
105.71118913806502
107.01006994791811
110.23079636969142
114.58930765939658
116.05721072549493
116.27459065773475
116.30163335262976
79.21332199894674
81.46484211566377
84.12204891437229
87.89961869756999
91.76120457470172
88.29708160714262
86.9528605830354
87.25216697412887
88.16872889097783
89.23906687512532
90.88878205929691
93.65331270797329
97.25584352170344
96.80334565508554
96.96796054432535
98.06502214450897
99.83532393847365
101.66553204558564
104.85808309658202
110.31810459949057
118.31242704949703
117.93725468869455
117.00005689021707
116.4723896040791
73.29807231794574
73.60347198370722
74.02322567522857
74.67222175574882
75.93973032438019
77.74469729947546
80.62802800072807
86.28902715620677
98.85545086791446
86.0121336594452
82.86791175216523
82.79297880409646
83.76910021468692
85.30170170040755
87.71092577675653
92.08601464735901
101.28464700557578
95.44427151858069
94.27005052896708
94.9691503008482
96.58866011680513
98.89310169343621
102.90180592358654
110.37373074384857
128.77846275668458
119.18198522971386
116.20894001565236
115.76275329571669
117.92819804449462
120.38624744784211
121.87732223102256
122.71261840719436
72.96202690045983
73.30244996251291
73.66353256801656
73.96186660961807
73.84615198747207
73.63747659032403
74.73082895965875
77.04950070655387
80.05563855969474
78.13503826305202
77.62994715970011
78.35734425146609
79.71146042636792
81.30898404196097
83.48347572743533
86.57413368366812
90.20324832060211
90.22876489637535
90.684949119297
92.07513406779537
94.03291477862724
96.47263676263525
99.7878351307327
104.66692476021194
111.0272538915211
111.62696602031362
112.17870061096005
114.89423724921723
118.83704230556825
121.66084873337762
122.93881783818138
123.61027263074764
72.3296555087056
72.87497104877517
73.45878550047121
73.99704439686846
73.5918837264317
71.07102290313458
69.90171364220974
70.03365756413692
70.9753931863832
71.42440885606035
72.4578777774312
74.11010941369484
76.03507650160084
77.3911566892161
79.0114798712262
81.22206413724642
83.65610412677037
85.31885487778489
87.09932614877576
89.56323822218967
92.34071572452135
94.515269390639
97.15348913174846
100.55509876140664
104.32326201240865
107.0165465531454
110.34400787971957
115.10804215487522
120.86229806972008
123.57754361879428
124.50358973830056
124.8913505967783
70.90432739025178
71.79861934425297
72.97203878454258
74.74773766181113
75.8714702278698
69.7051594420184
66.08967109337318
64.79289970515387
64.93690888886707
65.8701928827476
67.66502803780477
70.42944324750854
73.71114354238637
73.80605624751774
74.57119768175384
76.21547164326759
78.47670388513752
80.89503573333918
83.92463300130578
87.76411095218943
92.1214566314617
93.33144925379042
95.10826531274914
97.84518957025584
101.04289416277904
104.73906329391754
109.4866445869065
116.4248202841024
125.96335543184766
126.96089092155827
126.6829340100415
126.2799672272877
67.93363621793584
69.0853100768129
70.9083685340746
75.10636617657617
85.18280127114912
68.23678815055861
62.300130008894875
60.15370417867557
59.904825281115144
60.82830925202472
62.948166358288425
66.92939770136621
75.06367908247128
70.48566365569539
70.02878673166852
71.41097699231017
73.83395815536163
76.86645497120661
80.81046708980594
86.32507873940632
95.60853920345434
92.47941721874402
93.25568781061085
95.79524822152334
99.0883594340233
103.0659988934485
108.64190769842551
117.96526528798036
139.1335029834976
130.55124728834718
127.68976518346261
126.28494350298102
62.63050863849267
63.390156264362325
64.35890060963393
65.70075890357816
66.38255974032185
60.661725353948285
57.049882347431144
55.4637164011029
55.27693114923147
55.912969634257806
57.44101732362774
60.025064448876456
63.3178908328867
63.69802281126816
64.63601086065117
66.61440399277657
69.5436867305623
72.95407434283723
76.97334803213694
81.758620493592
86.76835508215784
88.60382909755376
90.93332453194387
94.01729035970267
97.4811484229413
101.41288946836922
106.31762880248674
113.01939284786326
121.7730606482716
122.99969694693027
122.97933826004837
122.80741109739672
55.897447399885046
56.171820002724196
56.435388479491145
56.49230846279452
55.758289324141764
53.30172882340236
51.56896611245546
51.04372461289579
51.242680732097185
51.35425165618513
52.02035247528142
53.473879433496094
55.464057308070764
57.13376530883861
59.19647502981098
62.246902947143525
65.98480763565611
69.424228256658
73.21887270304521
77.56457747859349
81.82857121295685
85.24809403183104
88.85366489934701
92.65782401792805
96.70779966435622
100.22539908198806
104.17761192473891
109.04866995106472
114.42898326802613
117.17267953855051
118.3008454293427
118.91723447364741
49.63010466575474
49.44254981776575
49.133044891115965
48.52400020817513
47.64703511511611
46.7485636955487
46.52050489997177
47.3038411927682
48.65018144668102
47.5028106983652
47.00608070520178
47.6135534066863
49.15837428160858
51.33375767529004
54.44315030109331
58.88125913179907
64.24394485245044
66.85011839995919
69.9828098353568
74.06261554947608
78.36711183625758
82.76250227220306
87.28958530959116
92.21115580965038
97.49966624065637
100.02413365444372
102.9046690614637
106.75269136506942
110.8128800730393
113.58050358609168
115.05002442329707
116.0016181805061
45.46971082542784
45.02144158260711
44.37229491454766
43.269884675674234
41.91872980176709
41.13104055346797
41.79334674850267
43.9555211861705
49.329045485485906
44.17756422138326
42.436313509857854
42.39275341681243
43.76426225070682
46.25189925406345
50.107656387187944
56.154800142714535
66.18452844202761
64.90252251553
67.07955338907125
71.2080796770683
75.94142594039153
80.89813132989453
86.05316984498698
92.14091157016408
101.65771534074861
100.46601251986401
102.2577633200611
105.87448539877667
109.54223688854579
112.19849365767759
113.68779423321985
114.69404888072276
43.59906227088146
43.14814204613414
42.47862938402653
41.24142787019476
39.38481301353263
37.408016709096
36.85951311814981
38.00236185941979
39.500339199364774
38.40748962166125
37.67725607191588
37.98570152417137
39.50928004876489
41.87418647519643
45.715315473671794
51.03078178822562
57.052624889872824
60.384064853248155
64.09465547010703
68.95878408663405
74.09616398057184
79.16010871965499
84.2203196214331
89.60041208849496
95.30621880240554
98.29504396273795
102.07860142323933
106.41313201537783
110.5333261806552
113.19588848092855
114.56334555270851
115.45079308622006
43.45306770014073
43.1941439420268
42.78320949468162
41.87187665613632
40.00737932867342
36.48774385185124
33.743251401642404
33.06904283963028
33.52968302382589
33.52740902888746
33.67236590423608
34.81295390391757
36.91666706714692
39.19524861312108
42.3329453475006
47.04134731222173
52.193006286361154
56.86141756738007
61.94571002124666
67.49669599348373
72.89058507779099
77.84014276227883
82.69156953716976
87.71044873556073
92.82288228613925
97.54043060036132
102.54210042009775
107.99617774135406
113.16920089335497
115.64666514208996
116.68205478463769
117.2813360862678
44.408055070817035
44.49976181612125
44.629415083045735
44.75231194321004
44.08531631208379
37.770803165584994
32.82468109593298
30.138426831699057
29.908413323988647
30.261467777677773
30.989997709926957
33.0131568820907
36.29510414792096
37.96593609137041
40.38474232313773
44.393990458310874
49.36016827032542
54.75058362271288
60.70234230412158
66.99257076843945
73.27147041586507
77.19763015832086
81.72109770741584
86.7472326156397
91.96077175872851
97.3878558612574
103.4971716917494
110.63586597291375
118.37201488459733
119.61937737936687
119.79677654996127
119.80869826654414
45.5650390278902
46.021589684758716
46.87738314060605
49.198441299590506
55.462352638662466
40.19359235638168
32.79981432115079
28.89872065962007
28.146153433905564
28.6598284261357
29.908361327256408
32.75905420526501
39.03263561384336
37.61565878838744
39.252567905886416
42.80552492984835
47.92092209242979
53.64701766575848
59.90349498646211
67.0015533735689
76.3249308060641
77.42262625724875
81.20520823627253
86.32869440571352
91.76781452885491
97.60857593003541
104.53517023079309
113.89947088524193
129.78324168408213
124.66480328357336
122.92827366072613
122.08052689447364
45.871314301648184
46.12319532688279
46.426018874320484
46.66471344793728
45.71840608612922
37.765512225147
31.848358430195145
28.42688125406487
27.798537866953456
28.300231738883046
29.364639988448282
31.409213984396445
34.10961632403886
35.73818200736691
38.26348326012352
42.276982079281765
47.5147123720532
53.08691890319876
59.047796712615984
65.3775884330113
71.78544477997254
75.96017215157437
80.98370856407271
86.49962564079112
92.20104257855395
97.90340754716011
104.31268448122157
112.10699858035348
120.93302062051032
122.19280653325195
122.19333265410181
122.02401689142985
45.58319203051421
45.514301838755365
45.20630216790781
43.958103684099726
40.816707114627306
34.886236191246354
30.920241951289732
28.846153717042483
29.1376194034206
29.255236302610573
29.74182388177552
30.875550949422873
32.61716212207992
34.79457868690592
38.0756162745434
42.80462235074498
48.12221165586631
53.27264690213723
58.783996050237086
64.53366569702989
70.23076461265778
75.50669758134744
81.2788194622045
87.49207733780716
93.67963646129841
98.38948261834662
103.56150250286866
110.28646387502046
117.1199203390266
120.03304850520229
120.91552488913068
121.23332199401364
45.07444813720579
44.63681371716631
43.558181559205025
40.94045326762925
36.66520126204012
32.85906309532106
30.84473349347049
31.03834968064495
32.983837856265865
31.569771238734763
30.97150961231933
31.38653722633551
32.59887720309048
34.813121237909314
38.7319285355104
44.16606340776582
50.03902851251176
54.42152241940507
59.434106936436216
64.960203290213
70.46345904393517
76.00522581958941
82.31467941524356
89.58392291673903
97.24510216191509
100.30183306905043
103.44149171907631
108.45176809447194
114.46922370457649
118.18386266216183
119.77243520107402
120.47116673175573
33.4846463646145
31.76663829218882
31.863683461309282
34.93308549791478
41.642904959312666
35.06938378468779
33.06682568232497
32.9727206356278
33.79213217196121
35.754759816749605
40.007617914685554
46.037670960777724
54.131129402194084
56.501635058902046
61.03310967374538
66.52115433395461
71.98472693728013
77.58396807578403
84.10894068363699
92.57328112109343
104.36254467754637
102.90484786006667
103.73142865836132
106.22838794817939
31.50256181426832
31.2187790516357
32.33834629133871
34.79176054025592
37.61786837145775
36.1998190310624
35.85777872682018
36.260595510362045
37.02939569260434
38.32052949079412
41.630632002476396
46.7088848598486
52.782804499181026
57.61883057084297
63.193797275419556
68.9417113424475
74.39777029383355
79.42748550342307
85.09742586759822
91.90392335388685
99.10420933287975
100.86912827374712
102.04980752278675
103.73437512161289
30.8003095003271
31.341671452826926
32.69300281928749
34.97926021726663
37.70286817247728
38.716408117665736
39.79328344080799
41.139306092189095
42.45039995830917
43.03201360455934
44.63896862760974
48.27160449213797
53.64390570773325
59.675015707244306
65.97124473930225
72.12862810270126
77.77202575907778
81.79233608566527
85.81976603586635
91.44379407237659
96.88375611755488
99.42923646720409
100.76844626278897
101.9404975560885
30.8515166838413
31.711712263454505
33.37225722798473
36.594493395707026
40.41056639281867
42.67385669459832
44.62777167848707
46.90352868331149
49.41981675503317
48.86290646723092
49.29180480071546
51.52788578718835
56.148965853688104
62.26597719763456
69.0596784267642
75.81239782717482
82.13597478877777
84.6337698591629
87.27713294237972
91.1730218494594
95.78450189006868
98.46961744290705
99.95581098871082
100.96300376316948
44.65738807317707
46.8986500436713
49.0427238932404
52.459430947366464
58.14926592370187
54.64489986844685
53.887277117769045
55.206156099664376
59.034426220434476
64.8444020144504
71.74050194454503
79.10550918507094
86.87452113801173
86.88010095365118
87.93897473956459
90.29511962418911
47.89966032219927
49.44692836785517
51.10778924263464
53.53513371532643
56.43645250032894
55.94933981271335
56.19214936650969
57.71742891590998
61.24323185560144
66.45997621474699
72.59087234894628
78.68661297192232
84.01632569879548
85.62884976366759
86.79263177869207
88.37934969724725
49.493036959053626
50.583631675407084
51.95339218350077
53.86931320304503
55.94447072687297
56.424234143942364
57.26959786193079
59.05533647935359
62.50959203490586
67.21998560579452
72.75377360264683
78.13437681431435
82.56130876792588
84.64492990528939
85.88638689236981
87.01382894969399
50.337527141507195
51.2259001603588
52.44496720034969
54.06071322957742
55.799713522286574
56.72750294738492
57.95077071895792
59.93559345960195
63.35695128182116
67.68410931928966
72.75557563834346
77.649585601538
81.61177053656263
83.86594357223343
85.20873324126089
86.16947456933866
107.6426679354147
108.31460726749744
109.03890866719557
111.17622718172257
112.5473834760964
109.63271939331715
106.45871808947001
104.49559767280344
104.79093925826004
107.24813379086099
111.00767216178672
115.95168968233519
121.37090791499426
122.54656020627155
123.06789968808037
123.29049906143493
107.15785394927984
108.02333552618828
108.70719764450125
111.17866467224633
113.08472764673368
109.6486242165966
106.26834641520558
104.25783050408296
104.54845666803003
107.01102332920331
110.83169220371863
116.01868833327987
122.04937951063704
122.72659201979486
123.28808145966244
123.45390805319681
106.26666611439768
107.59094690100606
108.28638847356277
111.13630831679625
113.81850118651457
109.61113901788416
106.01610562120264
103.98783933575189
104.27880579146702
106.72320159609994
110.60357875475925
116.05306281011786
122.94120578370222
122.83183655346225
123.66764437909501
123.63336433275728
102.59851781515512
105.61641085886532
106.99364582392282
113.22728666338864
127.76941428571207
111.52465817519916
105.18605876927579
102.59582674971337
102.86464470487277
105.41530217175779
109.85040959807044
118.189679075828
138.3195114018952
126.4035504042186
126.28379567605626
123.6198315544424
85.77480382152349
86.43046348409418
87.50978103562764
90.84434205424807
96.22616475841588
101.16615338004554
104.13874040284652
119.82198193792811
233.4525893486105
117.50997315865554
103.3457764113597
100.31695548903997
100.75546327460192
103.23318781701671
108.13456543916342
124.3766144952486
249.2438469038067
135.35504925245897
127.41520487418595
118.96104295647883
115.82751808861704
115.95872520424675
116.37886367900487
116.70358682074544
85.14000698076336
85.84735970324755
86.57214967741386
89.01554697230422
91.7086516050226
93.78518492279568
96.5676125397585
100.73941847241254
110.0567591745705
100.86218336881902
97.72756896941252
97.25049821099464
98.39918246827855
100.26941932998098
103.22510424769374
108.59416729129401
120.71524668365481
113.70820563574534
111.47707337445617
111.12792595528248
114.67899175245445
115.9693938353057
116.61164539168313
117.03094840749864
83.95633957065101
85.15563211626933
85.88217162978724
88.52376505065067
91.18551609590047
90.16070435617227
90.8270754005279
92.17970150117924
93.8273076572025
93.42039817746117
93.57759315607217
94.8694124528387
97.1033950734357
97.95122021470382
99.37609700695091
101.68473378165885
104.65829059597343
105.46974963529996
106.63424644990059
110.11798486659546
115.50129597210932
116.32713630331986
117.24316591746467
117.83668181167853
80.63454911284497
82.96014489806683
84.18092876456372
89.19603290223809
99.7396242102578
89.00492071379284
86.64441525948219
86.8459250634965
87.76001668895768
88.79311173552925
90.4749945851052
93.77432872366651
100.68344875051994
96.9202636175102
96.56999568185232
97.6335994599883
99.45026086127083
101.28337487259782
104.5887107077701
111.24491701559506
127.44216580990786
119.95819078225689
120.46063379833366
119.95874672543646
73.37259566268412
73.48277039726804
73.68661114263716
74.5657502079712
76.26728375247723
78.92163818882236
81.3467727578753
94.25003077577271
181.64667475068254
91.55879713956003
82.89827139811314
82.43240519873835
83.36869460032379
84.89937892618646
87.56046570449038
95.2544951049852
144.75223318454218
98.6332311381101
94.12021135507582
94.5584543857603
96.17899373954813
98.50766450295387
102.9623532484785
116.47213927350425
217.7276079550998
129.22654059163614
123.6364350791651
119.33929749807776
120.3077117922568
122.30093144103526
122.98173638712373
123.4792647518584
73.22278970160556
73.29096084854389
73.38505402261814
73.90584552836853
73.88209945996098
73.08331493639965
74.56874000547741
77.78184404925491
85.56141302003748
78.60413944800084
77.38191236647823
78.02559513287575
79.37262649757821
80.94523996373823
83.16157752902447
86.72842713264637
93.28692409524243
90.3670967291496
90.33767193948367
91.67867712068926
93.64957147441487
96.07474796049378
99.45584028305878
105.15518643421085
116.94817059973195
112.59490024007282
112.39431387216415
115.15087793683446
120.42497200704103
122.90743995936437
123.60120256224491
124.14725193171118
73.05607586927086
73.14454074915767
73.2108725891735
73.95200237476524
74.1284925674257
70.82340510195546
69.5850202839501
69.7982289113297
71.04463636816718
71.18338210695559
72.17744172135865
73.86521182259065
75.98075029481691
77.12015099954905
78.69600275569087
80.95451157880701
83.60814111074002
85.02263934686214
86.74166979118476
89.24010428957484
92.21701200066911
94.18573696050494
96.77089179897771
100.23834618347007
104.35596361227816
106.75363492121657
110.00538234613376
115.00912096133547
121.69237037385761
123.6828780294542
124.62515267705193
125.43287093456628
72.50906957530674
72.76384039091242
73.00533032836012
76.15768050435324
83.48133904443951
70.42885944234872
65.87740719956564
64.51281667992166
64.68597017186246
65.60926685212046
67.45995154710106
70.70734459349458
76.82468478082312
74.06546866304008
74.33922382157893
75.92942965288286
78.19229816372746
80.58035635210182
83.64429888767265
87.93114247201783
94.98204873490826
93.46104095088937
94.77583007431954
97.468428548952
100.68355961263141
104.37264078474385
109.23757677903663
117.28336672289255
134.56873984916987
128.85689648865335
129.80556854057988
130.3155696102596
70.48032591325334
71.07905996342406
71.85018705869349
84.06145942657818
166.7027109862973
73.67038414082174
62.413875679659846
59.90633846290581
59.658503723448256
60.610152217117644
62.99991091213307
70.09140637770999
114.77256578499676
73.67122588059499
70.08170553026507
71.20455590734227
73.6023504868483
76.62195745152341
80.78463913045307
89.25613078213306
132.39417392753597
95.2970885864456
93.09675416951171
95.43379019751607
98.71045903041843
102.71147782732592
108.74897898831665
123.93181176821996
225.54171478522724
141.68128736846595
138.75509206529082
136.69575893421575
64.28179070832076
64.41259825591379
64.4932935051857
67.04081760713349
73.184227412154
61.391884701727285
56.87465316968239
55.22367607937914
55.06507144991112
55.713897400126015
57.31556029669365
60.38952998271121
66.51754004761725
64.09295849954977
64.57012337944222
66.49818461834462
69.42398519513114
72.78240335050039
76.79147791885373
81.99626990331471
89.5898945570088
88.7678349335614
90.62973334771625
93.65991574362654
97.1223839894433
101.02707400143582
106.04437245303642
113.75713932307193
129.253975702589
124.59370660692608
125.53093930942167
126.04715322672538
56.58068674018242
56.518514336354755
56.39589542501921
56.64110068628194
56.43874503772998
53.2709419773443
51.3456521021719
50.87416040412173
51.251116962692
51.21978589097559
51.88818717892245
53.419599005168955
55.638537281731146
57.106875787260236
59.14936927193223
62.26679894374288
66.22764220792372
69.3893128633827
73.05532855177265
77.3799054768515
81.81003702095502
85.00285528194934
88.54735074837521
92.356281823206
96.56054977751057
99.85096942539742
103.75442375818918
108.8621313766572
115.02440002598618
117.10191401706543
117.92052845842812
118.5832677362272
49.24019773773644
49.10099931645655
48.94136104693299
48.371590598222774
47.53590613079834
46.57843420178673
46.3879107340911
47.57248847861256
51.106909821621414
47.77112531829483
46.94752153747578
47.55431343244909
49.134892340688126
51.30444590338191
54.480091558290184
59.465530677247415
67.75413663095918
67.38509898360054
69.88872482814958
73.84722091778242
78.11837711108453
82.49888197668658
87.03773419621179
92.28042420622
99.81505964842712
100.1028545066074
102.52595277007967
106.3343690463831
110.45051184077725
113.08803724779652
113.6542564748041
114.1810730827464
44.52902506619852
44.35233839065649
44.15783598812593
43.09237149401093
41.749088958881295
41.00027271322817
41.923990705816145
46.60008818848739
79.23748059135733
46.59612940892
42.59021493824942
42.36897438217314
43.75280460273498
46.25750894918643
50.393812180334436
59.618071386616464
102.97770745832429
68.26607575539823
67.19213939075914
71.00857374250224
75.6907085935676
80.65165961002931
85.96495235988776
94.27601560302843
130.4017558036494
103.10781348862147
102.11794339967398
105.44963346632454
109.07944797648715
111.64124182132163
112.12738465025203
112.58518827273024
42.69524831455161
42.50625595768174
42.2903427956043
41.11066397717469
39.29355311834167
37.25321051600099
36.81572584096847
38.3506119904122
41.99834334046457
38.743478150603636
37.683137346677654
37.969834825394614
39.51328295098847
41.867234093767834
45.74842524166723
51.57053982522177
60.3653962747796
60.868847595051264
64.00117974690411
68.7555951154726
73.8586296874917
78.90675126012823
83.97603279556085
89.66703097865987
97.56111417585616
98.31128908335266
101.65347085320373
105.98643802708158
110.16091376182595
112.6952453877295
113.23640131940711
113.71966970538061
43.00268947993098
42.85307025234298
42.67180272447361
41.911360154283685
40.433673706309634
36.49023687333952
33.68487540838974
33.06420717662307
33.69713054303885
33.54344190026129
33.66712024323519
34.85207782047197
37.11020905045498
39.224225724116366
42.31043208186043
47.040523902369664
52.35964408086581
56.78549545352092
61.78510621249574
67.33070337337652
72.82687075756202
77.60471125180194
82.40459139495157
87.40499387164286
92.62608168658271
97.1581309231434
102.09957379618055
107.65646963121957
113.32162179298273
115.31128980248036
115.95288961240075
116.49656189177439
44.78639209371859
44.78224247522011
44.752447592893816
45.848899362352455
49.36372789120006
38.51670000340003
32.860051083323405
30.11171790415397
29.895938813587268
30.25093278532158
31.026294323982214
33.3870647341715
38.60004866171419
38.3193196469175
40.37875197506237
44.31292006525746
49.25067792877843
54.601628784730735
60.5589598171903
67.13694574806402
75.17736087177883
77.27418506032554
81.44160199995721
86.39746108815748
91.58334356150218
96.9676304304379
103.14834018926197
111.10164182981374
123.30606055402137
120.49652234728114
121.1721708593811
121.5628168879714
47.04413315902297
47.388239979599554
47.855684781834945
56.42652033605093
112.12278508665035
44.97570089872901
33.17717823410668
28.90157144201118
28.125457122279595
28.657337747746343
30.08258353923864
34.993232598016846
62.815532506787676
39.78734358356986
39.36438609205533
42.69021113499121
47.77052362197576
53.49444343107003
59.89093384847038
68.88218201781304
97.60136196090005
79.26707055056428
80.9905991477783
85.97213385999389
91.37437765576621
97.22151018567473
104.6098155923862
118.38790378266368
179.52459752639282
131.86622362264924
130.10250804495055
128.8574236601215
46.95585143010012
46.9503668709877
46.8824271076192
48.53222223765454
53.009913825804
38.940301279044625
31.964385108027003
28.437545011729707
27.791538801130326
28.2728205967044
29.36253924397671
31.723800788473852
36.26076868682293
36.01106776960502
38.20045113541209
42.143168270286104
47.35584861966902
52.90841493132161
58.87832200115535
65.47752298946338
73.608411053375
76.00002534898546
80.67671789649151
86.13052414866368
91.82730636412035
97.49345819068552
104.05764640195447
112.98339517230545
127.61487206612834
123.80460554019717
124.77179317027526
125.3380917327118
47.02432586622424
47.06155384558079
47.151620026902634
48.08689718752486
47.66416858967312
35.69138569522502
30.915964184463096
28.92255978199817
29.43184489425701
29.255434261420362
29.683707719441905
30.836960811073922
32.70396741903757
34.72836434867353
37.965111077879904
42.68926506992807
48.07186938408782
53.09346278317385
58.56392448172569
64.31400375062343
70.08691844242007
75.20434701244908
80.91568498746251
87.19760221653841
93.71443364815423
97.96549261134383
102.78622393175199
112.16073673818306
124.16182152351182
123.8767616752985
124.22502479488824
124.5466917437046
46.91657491219406
46.84457881025114
46.635667474636875
45.34474804208194
40.0240993703698
32.597023724154454
30.977372525945462
31.772415675511144
36.48964003281536
32.080372883967755
30.919111406316784
31.263793145824266
32.475195859932924
34.67718030173721
38.611764610321046
44.23572981908782
51.25423297139873
54.43850097308796
59.1993021863525
64.6930243757879
70.17448454115565
75.66432656633431
82.02133822265813
89.95645447744388
100.61383309410678
100.78296121833351
103.20010178876446
110.3309196957583
120.83862189484267
123.16344424444708
123.71091059068767
124.06039121785304
34.302260286759406
32.159528961458726
32.53049730027671
39.270897966776324
71.41531450686423
38.35462901183132
33.17318092689971
32.775035789137526
33.57670614253021
35.5582046281883
39.93584471746236
47.29158632401682
66.99123794275194
57.710019454134304
60.81168737155683
66.2252057251408
71.66549904692639
77.25356816127146
84.16246253518113
95.89456266164406
126.69125453541369
106.99536960677756
106.42992722259935
108.91859506734578
31.885440447138627
32.1449063417445
32.57214108695794
35.78939794729089
42.071726506074576
36.68592031796452
35.649615275850294
35.96502747108822
36.733238461675235
38.00220250795348
41.336799866678014
46.694046335935056
54.11624836541211
57.49423868137778
62.894123217553926
68.61311877725636
74.08244247864678
79.05690047953327
84.79919660588601
92.53255501274637
103.22196330514657
101.86412757413467
102.92346348872638
104.46117299774882
32.06744228814188
32.58047739639699
33.23807060557644
36.22275555827387
40.61601870623589
38.94156182004261
39.578193222114066
40.919137430374896
42.49247354921206
42.72915128696424
44.18172225805897
47.899328318328294
53.41133913524202
59.41759858871348
65.69486738483549
71.85862903148023
77.8033789221261
81.40442440737371
84.83836932720894
92.44748680610712
101.23718665909509
101.77062559712974
102.35669044860498
103.12729880955155
32.31853895183592
32.81698688306259
33.5891409442207
37.18374690161729
42.575584049716255
43.631379879581765
44.5664523261973
47.301593998353056
52.055216772813324
49.172831144381135
48.99449761421235
51.089213718335834
55.74168979542837
61.989566491557746
68.84610317867887
76.0708961445909
84.31854078831729
84.87175379604291
86.81384128778195
92.51736750323406
100.14289759092894
101.52292350446527
102.07176240735235
102.59771915019215
47.125507206626025
48.373821694687905
49.3781030831353
55.24086328283927
71.73337983717381
57.29918907690644
54.05136682091561
54.79108454154762
58.572095189115274
64.56573153672883
71.81970635304879
81.12346104716563
91.01978763253858
88.73460578561455
88.86383872875473
91.65235288550237
49.71738020189957
50.40912092572682
51.0274957877007
54.03403743356585
59.31308989686707
56.3369914143612
55.889135918177885
57.185435717846296
60.68332289860847
66.05924548487008
72.3130142668996
78.92299528082353
85.76862582005457
85.88627553664531
86.64901334205493
88.06040456415391
50.34567561078231
50.89295032059452
51.596537715643976
54.49305879522315
58.70110019760997
56.79414486415034
56.41546106570063
57.64799686910816
61.115975149248804
66.46623170762375
72.65907064926867
79.08743323329962
85.11646642189524
85.8289814488408
86.3364632095839
87.18932864740935
50.738458267097826
51.25026484869628
52.07523648501774
54.785061229504905
58.26353393973161
57.082683607585146
56.852376579401046
58.07686493839286
61.52367866856945
66.80755430628192
72.92486016303324
79.12801892555528
84.57473309052979
85.67631463885789
86.15198467058453
86.75562317290996
