354.70812927600053
356.29137166882197
358.1617835187228
359.88364551138693
360.08023434441026
357.64246067535635
354.7443640194756
352.84050017039124
351.40836489642976
349.1245349606918
347.7463644659196
348.20135125990817
349.29634737306833
348.56431610867344
346.7260002663837
344.67472058933953
353.29349745193537
355.41807892599167
357.7989309701499
360.34384620609455
361.21017582379005
358.0002805302776
354.5800813739877
352.9623549810778
352.058692027795
349.0455050176204
347.22426635847035
348.10593439401856
350.0104176635465
348.68072258914583
346.0183832916639
342.82850486422296
350.55412040459294
353.73125960638146
356.96254998244035
360.9359034487196
363.33806858619164
358.3635365762864
353.9843059866885
353.02469903933064
353.5720501111649
348.8470480118735
346.1814306296111
347.8571147148149
351.5843468893469
348.7363577520604
344.36269490136175
338.71898364830713
345.3178129532668
349.7447781393115
354.48488310730613
361.5440166623894
369.36510479209824
358.3602485591754
351.7721438612899
352.5736273264082
358.51017940491744
348.03084524169134
343.33236597200994
346.8663327045834
356.70957518278374
348.12630655605994
339.3638187440567
329.74072205931543
331.19632248806704
332.0320813138872
333.3997752943301
335.52627055480923
338.96597956238475
343.2888671770059
348.8722535764813
359.7571282137562
387.13672502460116
355.5151509100444
345.5750847231235
349.1622228137152
374.5855853768743
344.271079072651
336.44646048117227
342.719047872993
373.38924751626297
343.72164766369826
328.84544447995756
316.96451645152143
307.43942919099186
302.04011757870194
299.15701774237345
297.28292693321384
330.4950919426805
331.32848731259526
332.4559025590213
333.96584824249487
335.00827632067063
335.7521934885642
338.47520316340456
342.4606519612094
346.4966834636237
338.13597357651486
332.26789032725526
331.26458722257735
333.57294016612326
326.299517482431
322.5209204405924
323.8893030298826
328.6251765596776
321.0448734727461
312.3063634107278
305.57169146236856
302.20913608212993
299.66109758332124
297.5142452288274
295.4721147563434
329.49657498150765
330.46748707908665
331.80608125685984
333.67575595169933
334.32893081394195
331.2512167964629
330.2763267736438
330.9812362192569
330.8580103998174
325.7220682454255
321.1423666290466
318.8988173403492
317.7005876704983
313.48834525502576
310.33100809937844
309.7432200013901
310.1199320857799
305.7665832886475
300.94588905337616
299.0051158153566
300.28765443832054
298.3278083310992
295.57720615122844
292.494835200373
327.9093212149151
328.9488173927632
330.7998781504341
334.2673784217914
337.8824685509836
328.9039104026103
324.28634332324395
324.03240438348377
324.9077073547157
317.69852746233556
312.5488804043966
310.7001965192022
310.8817669067635
304.60410674257764
300.338615627796
299.7805151857286
301.6483222570696
296.1342327958543
292.55105125817556
294.3305719947861
302.3881804835168
297.24822510547756
292.07421904042275
287.8091411007523
331.8315363688888
331.27849233995113
330.28539869991204
328.57240068965143
326.6065850781656
326.0989041971679
328.1011511682522
334.28854561735716
351.953012520297
326.22140769017403
318.20781690885724
318.4743752183116
328.86712524966435
311.06341987911105
303.98798127515687
303.55521495671655
312.6116105779958
296.68577978155537
290.26040661706924
290.98916014941744
303.0888869741112
287.71893878749813
283.1379953489264
288.625951154911
315.13329355646584
294.15216991579416
285.7518246503241
281.3111809658141
280.80620458616085
282.4568315964076
283.6411335716069
284.3383595241814
332.4883049310577
332.1683179550569
331.4271213619195
329.70459100073253
326.7110218402631
322.79337362395563
321.27374715730446
321.76335246782077
322.168668508046
313.43188237229924
307.92177698945073
305.3713019207231
304.7101035028194
297.3662888950943
291.869183691823
289.27512452913214
288.3581019952172
281.5693243207034
276.4580899255187
274.75694615660467
275.7009053102469
271.03354058035706
268.83335451276764
271.6497778375127
278.3964470850408
276.3388282423297
274.17425702087263
275.47723389259744
279.86298755761976
283.05636327560137
284.42981631599054
285.1068763551568
333.16443982188474
333.21243580063185
333.0016188067059
331.82227119087713
328.7306933800577
321.76513221947323
316.57496793352544
313.3224296666282
310.2718046849793
303.485407672519
297.8499082812274
293.9721231776936
290.5925710232641
284.52593518070836
278.9674564216929
275.21146942269377
272.1370836045206
266.58944872420574
261.7647836139993
259.13861042669276
258.4315793362638
255.89410348572946
255.1483934904767
257.6187058712754
262.4109146399615
264.35505654439163
267.02696959946996
273.078736274322
281.4498843832835
285.0131405468812
286.08676654149724
286.5025797210814
333.346426242509
334.0338229777384
334.91096214098985
336.047358975893
335.3621117895064
322.0654425601345
313.5429274881154
308.88340378183057
305.799623944423
296.6429859959543
289.1564338346696
284.70008998825585
281.7287818165655
273.2986755154333
266.2423598592803
262.29827736315696
260.1164314210046
252.6784701143228
247.1821161778882
245.11659122510724
246.15112335071038
243.0556837745704
242.91686030568238
247.00021358221093
254.62085154966533
256.8221285383489
262.22380577568146
272.5163710747596
288.2729213978717
289.5622275062121
288.9564395363075
288.1968327553195
331.8341048394988
332.9816026930378
335.0296443457718
340.4614554668176
355.44754124917256
322.4375717940944
309.668262702137
305.5058860844499
310.26443598890694
290.64831891647293
280.8918357212006
276.49209504873477
280.59012285692836
262.6591470441427
253.27739924949324
249.90404952623848
255.1301665212485
239.17871039656342
232.02550143405904
231.77740148988156
241.08133432436773
231.14026349212736
230.45939854633644
237.40548058038223
255.29079119753777
250.39809889803252
256.3172282238762
271.74337554142187
309.6008101801674
294.79575289157924
289.92757278113186
287.49516293369953
327.6167060244031
328.0727919227384
328.5825109834525
328.8298507766857
326.76809438393974
312.20370984505945
301.49185033033774
294.7633005427045
289.74204327605827
278.935175145735
269.4622051903161
262.48645713482165
256.6848500888294
245.87449140473146
236.83975053709025
230.80444298002155
227.1077442282636
218.90653044089802
213.3300622131441
211.96745356779658
214.08765697680167
213.11694871678142
215.23584373270833
221.5860389748188
230.8542171552099
236.29670146891326
245.19262322272357
259.0068587535458
277.0886160658763
280.4198868205903
280.79787596141097
280.60675967560843
322.5893232336745
322.4836800701578
321.9977923776416
320.1208969508876
314.89762585187225
303.32123602703257
293.2979639654388
285.5103847159851
278.2452549467832
268.44241162349704
258.4238290509876
249.48055955297622
240.91027246395439
229.8761774429945
219.71121865623314
211.75186564936095
205.42978436662955
198.33070329521314
193.4793519999216
192.21635621791293
193.96854303406036
195.7652234737009
199.90406635049342
206.7328363935122
215.22275909445997
223.32127433329333
233.85965711441955
247.9644183467923
263.22186844294373
269.7392485812178
271.9436904025034
272.8451265785875
317.885236074974
317.8972803071398
317.7812406853721
317.0288058613354
313.6553772255031
298.2684404068392
286.8834952460332
278.9048271408694
271.98444091651663
260.0881921118713
248.69396382434212
238.71247404878852
229.95172955506158
216.21191576341727
203.59947226197244
194.49296060407877
188.4826418438625
179.3936984291266
173.97143318448363
173.98479210638595
178.1184158766381
180.15684284235397
185.43672355543652
193.99185186417986
204.91164030958012
212.790561225132
224.35372472362192
240.6519378059273
260.40238849406524
265.07585272608185
266.29922540095555
266.76462987584677
312.8970943332725
313.2123779509623
314.0783922007262
317.1569964921148
327.41447257096854
296.01760570692005
281.43891173037997
273.9899696386819
272.95791414840204
253.22606953406822
239.41917598972498
229.48508363756082
225.86097440252712
203.70293647020358
188.2701681335521
178.99112982498065
178.50306433032546
161.6831949182502
155.15992434718748
156.8332025164795
168.21988868010496
165.66225023475732
171.25935861839895
182.48846945816612
201.53822910658843
204.15550151021452
215.69417130841435
236.2238218940576
273.21096455219924
263.7376538303124
261.1268758492126
260.2099120709122
307.1976271915219
306.8769722662148
306.3779873903008
305.1927436274452
301.4263552407317
285.9954023877674
273.69646825102967
264.28488419998337
255.88025619121754
242.15685913373488
228.36898087726968
215.85337020383636
204.00425882209132
187.1495457610436
171.3156414697612
159.03580291279584
149.7658662110252
139.36221171199384
134.3877603794307
135.0242296802416
141.32947892887938
146.79318793979127
155.2855573459414
166.8702679807446
180.53184952968806
190.77019366810637
204.08573002342231
221.8425045721421
241.91232678247277
247.03505907976785
248.75244539227054
249.68243505638554
302.47081955288587
301.7439303920732
300.53904644507696
297.75668668106874
291.60259075242493
279.20177057614984
267.2495162591062
256.5337148704155
245.63645865157292
232.27979796872498
218.07692790494858
203.86030050435048
189.62451471139894
172.92100703923688
156.31000317621138
141.75222296800015
129.5740420361409
119.123005618478
113.96051327610859
114.00772223012804
119.91246480851942
128.38033347511137
139.28636076606205
152.21748374922626
166.00724391452624
179.09840116884462
193.7184185339271
210.53017688154898
227.04805415269948
234.73320465374354
237.9724982845265
239.86321598527715
299.3199876101435
298.75176828283855
297.903123357707
296.0449498606753
291.5457657524699
276.2623601186461
262.7160006068658
251.33655265194466
240.56851646361912
225.0185079315082
209.399463749844
194.71608162158967
180.43564750514656
162.24558654896836
144.4693657429329
128.93386357577785
116.67660673812283
103.17977853075884
95.42838316659896
95.09927746890047
102.715433656528
111.45991779866755
124.14931050383701
138.93959648511787
155.51326695813324
169.40593499764515
185.36567644765614
203.95806326910338
223.32213901423304
229.37354370907548
231.7922943927167
233.28454667082045
296.96541223964556
296.7343819460422
296.74691262854265
298.0549472820565
304.63449313018424
275.34743990033775
258.6190980164224
247.56787669758936
242.0299652210842
219.4802911212938
202.11549419764262
187.8468299936744
178.04310303732532
154.18790883799454
135.0222384836896
120.02233944022935
110.99726212363984
90.7412021575793
79.27193657106326
78.79709148722539
91.1104083114088
96.2252588309246
108.90401379545256
126.43972086596082
150.65121720301454
160.53629578137605
177.5265505926285
199.94779835222536
232.44525819344383
228.34343246017932
227.9372860583131
228.32548005410277
294.04017880173416
293.32930159790294
292.2279474465474
289.6956434871317
283.9735833052608
266.1136998453898
251.12734441164068
239.14080558145488
227.65491769263232
210.75994370837296
194.22509111648785
178.7995971517849
164.02503519697123
145.18291104578455
126.75612941874587
109.94577669629294
94.88896496286698
77.70263162255961
64.08238992083832
59.85640461753809
66.46360132196338
76.84170545176927
91.65248531628613
110.53532839996284
131.372535786155
147.83586874541248
166.4154472111837
187.55782611573963
209.62879531747902
216.9803569424603
219.85666894855385
221.62982697760253
291.19134729539223
289.8552555842181
287.3939931392052
281.5666455002612
271.2100465716234
255.4441291055917
242.53967728727667
231.65911998735857
219.6765143020372
203.8263736976174
187.76474220266297
172.4182313953972
156.94330701228424
139.41222745871258
121.40754922030467
103.66883081241109
86.6067803218501
68.91299482826368
52.42380084315932
42.312855895698085
45.00508445077814
57.08591789200995
75.94155544897846
97.43307344272314
118.53083970757132
135.52400738605482
153.551869003921
174.99995947233975
195.86395196855096
207.5883582989132
212.71592128502448
215.60109212779366
288.6113898573292
286.2622946442952
281.6320042021375
272.0899668307494
258.0579185825257
244.86482200236946
235.45868218829492
227.21919014145874
217.63796574893058
200.39892574089535
184.1751486437184
169.76820725195086
155.5640877854698
137.56994541333918
119.5343532203385
102.06427193216857
85.41923443744307
65.80326544180043
46.2719140133022
28.541586160878634
23.80624646194889
39.94868378172334
61.99561109151269
86.4047312357147
110.87727034222524
125.3588029287627
139.63624240120978
159.34382999682893
182.33692077871805
198.34451446794887
206.38670308299237
210.69920319981435
244.30189094577634
235.8782066753731
230.15761004756308
225.7730336340317
224.76419745121115
199.9719737246201
182.88346866561477
170.08459768455964
160.61781492366973
139.17908566673728
120.8446367399884
104.38007665074244
91.45255629537313
67.90251536582453
46.180516378963894
24.358902632621586
3.834866218325685e-13
23.497152069131
47.95373209249373
76.2962790326032
109.3123149506864
116.47882927554708
125.79457405864382
139.35035062402244
233.94766126688322
228.6270989531052
224.0723233674363
218.35229159413873
210.7590697316567
194.4705126579102
180.49374811004478
168.65462541942827
157.20885338718637
141.13761325100893
124.48076304865369
107.9626931235112
91.26157372529259
71.03110664341206
53.19365187166464
37.66919160707029
22.503996765349655
24.768333566396564
40.527094791442835
62.25451516275158
86.67903493476253
100.70321306763286
110.38515988546102
120.49916281103283
227.76857458919767
223.87921648149552
219.25106779788263
212.33160496297515
202.5881182787296
189.36571074807384
179.04103787687546
170.41709916945288
160.87248385160765
147.27341078870217
131.7439616805753
115.5835940183581
98.77675961320939
81.88416905054768
68.10769085968472
55.52616548107209
43.813106635695576
37.82998599739705
41.641299766115836
55.68050822770691
74.2221753486784
88.39626794238526
98.95653018795689
107.29115599423436
223.9393914030167
220.23768253957223
214.8032292728594
206.34526316651477
195.61779507435244
185.97918138393086
179.7706065588897
174.84898201133566
169.39957904867856
155.8909994829623
141.43603146287833
126.84992084880568
114.89321629678587
98.69310409191452
84.94736647183939
74.26771601880297
65.5687363278019
55.89591377591076
51.3552310811953
55.05641625224646
66.73720316031365
79.90555117999801
90.02940068883092
98.28137023196611
189.41333579799465
184.19861814497614
181.36123897356396
180.38721248811098
181.9984474011948
164.90825835571684
150.50029677863907
139.4333669828844
135.67708764265566
115.09000036096377
99.92567331740223
90.86157424458135
86.28273025752841
72.44929092328073
64.30316498776575
60.169065336478276
185.29313773809392
182.55520160939182
180.72774472340524
179.06574354718484
176.14893800002264
165.3955602914563
152.9792893550269
142.36724868147508
134.95674775497918
120.11614662663591
106.76929962829988
97.03638393272577
89.2842901466396
79.237151099989
72.85766609118292
67.56866726319976
183.24114454968063
181.49674747697225
179.9261676969068
177.6313061479632
173.6155050009196
164.6337042828061
153.18503670596908
143.32104162649114
134.97603439350544
122.24174445465468
109.85492266895555
99.91443206215239
91.37844018830079
82.60170819324055
77.01147462649217
72.91285607908311
182.07045922271723
180.76796177782953
179.1160151810932
176.40679673253132
172.0104437574813
163.71344568994243
153.01166166343472
143.8638724959487
135.2279378830158
123.54966097053916
111.80487972398635
101.84751538477921
93.10489824166707
84.97965001323067
79.57757642050078
76.00871044595787
349.7616990477701
350.7647289652577
351.88868710985093
355.2843887168984
357.6921422226808
353.56164731987695
350.1398617264081
349.88605023588485
350.9155047565418
345.6728368325005
342.52684043036425
343.74537111619605
347.22943195436994
345.3242441026683
344.9639070695647
344.2582782939933
349.0376298433832
350.31391079649495
351.3607344695966
355.2752225423517
358.5272609057706
353.48341086701447
349.7664727385299
349.8299311350161
351.8836543152206
345.58422441205266
342.08070172564237
343.5387197504238
347.9255256104725
345.031880433701
344.853849002676
343.7549740505588
347.7120596562139
349.64837699204406
350.7037084018791
355.1920144362148
359.6851454673714
353.2999713294542
349.24766266618013
349.66589230460585
353.2536518893166
345.41314578974834
341.52756237193256
343.23409582133075
348.9411994600662
344.53825004292133
344.80538327213145
342.61290598861297
342.4110442214353
346.6052500454065
348.7038732663287
358.64271385374764
382.75086579189525
355.80177575977143
347.84929086148713
353.11230064801623
381.233382200027
348.20339421096116
339.23699456895423
344.6653484418275
372.35516338294764
347.7746170817462
345.93949932295044
336.60192391430246
325.2621053802557
325.6688196173133
326.42872088338737
329.06534489128455
333.88452364222906
339.9243382318639
344.2687923108911
369.81490056277613
560.3344511361541
364.37889599543337
343.6802447598753
365.2296925614942
597.2995636654241
359.1888824481012
333.83255987211726
351.5888727117132
555.682734862915
359.03728885649383
342.37691407817243
319.32327302820664
302.8792814718191
296.1545435111012
294.7483387109675
294.15627998922906
324.88859854912016
325.28496235184747
325.7473283345935
327.5863672528327
328.9579877017038
329.0829017587549
332.2522642048259
338.005165949444
351.9337015518773
333.9807661210427
327.0789616218271
328.5304455752463
343.54562747417503
323.520129429029
317.528718141193
320.11722015561105
335.32335761657635
318.16987587101636
308.2975110939546
298.38599868714044
296.6565769283325
294.21904316552155
294.01466377702496
293.5739657670517
324.30382936979703
324.86797758851606
325.29139482654597
327.43430482439635
329.17745342987854
324.7513712947094
323.73719210261766
324.79876443375224
325.9359500801017
319.82041074476126
315.16846440678853
313.3993021721379
313.4340890883417
308.1041385783113
304.6971582819489
304.27158662398574
305.8589812412786
300.36354402804443
295.02705893589535
293.3889888485577
296.41824480583176
293.53108370788283
293.7981322965111
292.8103379123453
322.9496656237618
323.8301823302641
324.6920761538072
330.35762129904737
345.3403344621418
324.09748350425394
318.03313582787484
318.85554956447345
326.29111382780377
312.59727287234136
306.6563721752505
305.76333075232805
311.6930671624874
299.7843121954547
294.7076558300603
295.106687243384
303.8856639920857
291.73549547792084
287.11163267767995
290.69907349758444
312.72162017350985
295.63426516911113
294.79429254905057
290.50044638587076
326.3120017554199
325.9920598660826
325.4670899188251
323.7982348445806
321.3607904687835
321.1114182583571
323.11718753935185
341.7066710454451
486.95583273223053
329.6745061437213
313.01346537937
319.6264320580833
407.1238395925661
311.5957238257265
298.8354842160452
303.68984903712806
381.17490910030045
296.965438907335
285.37549770078397
292.0322452806598
383.176069139848
289.9359470549384
278.90089789133873
293.9919717645503
461.6298803344036
306.3071533487271
294.50224061714556
282.32020182807474
278.5941148544531
279.15142201441756
279.63667941669354
280.15391450384914
326.7462290101196
326.5300282197322
326.2096812959507
324.9125720233898
321.84657602340934
316.008597992702
314.9503447059475
317.0171805424234
325.5826836356215
308.3146493145187
301.7836181601881
300.18936488831645
305.19830626927967
292.27197493421954
286.066424235121
284.28382038138943
288.4249916022941
276.68561439808525
270.89420055754164
270.07905048472367
276.798210403994
266.54018135735976
263.40024101462336
267.4862323134589
283.5781135574538
273.0748714578438
269.3825277161404
269.8005252319497
276.36284450287343
279.167957476924
280.08246465369945
280.83628199946554
327.27494218658376
327.0239406341757
326.6888639504854
325.91292070223426
323.8324750640291
315.5116949548928
310.14460881429227
307.16748721965007
305.10335643866324
297.37750869455107
291.66206018894815
288.0164518963328
285.5039526856843
278.76395013671356
273.1787663090706
269.66513974452164
267.3772964167892
261.1418112153168
256.19933634124584
253.7728035144874
253.8516897031383
250.58608044622162
249.6479001273355
252.35283640120454
258.2327610458468
259.1740575381746
261.4691541440929
267.82427974500956
277.7336440162689
280.01184927963664
281.40989561599594
282.61692739122003
328.8410366741965
328.9558324205663
329.01940467713627
332.5460246091799
342.620183252876
317.4646065356745
307.4756148980342
303.71787993000174
306.2944487372779
291.47308175038603
283.25918071339623
279.6197715187472
281.7184017872528
268.43556831952304
260.7544742160518
257.6968027951392
260.51386770014915
248.16592989489772
241.9339708630909
240.60881598640404
246.40735863197156
238.60311679602654
237.78869821260702
242.68667584670257
256.0612372490928
252.59720459156262
257.1074120950118
269.07525724812785
298.165040243823
287.65231222458766
289.2592462033459
290.1086745103638
328.9772677019421
329.7453010374739
330.784977253547
350.0608885374435
490.72524600038844
326.1171992206791
304.7462072120168
306.1391760746985
377.33641427573735
290.6187089210739
275.91614576667695
276.56155333187115
344.0953028062821
263.01307740152816
248.8142885428162
250.69058230230632
317.8317296742403
239.88985961501226
227.80209741113774
232.30289930646535
300.0352722762699
231.55849796361844
226.2283321633103
238.07308159042128
320.32690001934594
252.11069056938967
252.42162531225463
277.37797047193675
454.0549970376437
308.8784370856995
303.86832188326525
300.3751347054899
323.2497129304409
323.2116661724471
323.0785124986333
325.4419591126432
332.8864840827976
307.79757258028764
295.6823344242778
289.71984180677015
289.70611974862607
273.9932503108466
263.9352377622837
257.7968132738112
257.0717769514705
241.52117932725153
231.9761140723311
226.89228044321314
228.35823409435196
215.12462693145832
208.72170873201168
208.05772343942797
214.72050572764365
209.16490581080902
210.54249992384993
217.52255182376942
231.67275179150167
232.08190420102537
240.28354569873522
255.58161401427313
285.29001764497826
278.19953353255545
280.1565250429839
281.3735334771655
317.3922525625466
317.0524838377842
316.5779686620036
315.3927726948036
311.9516891083094
297.9112082321972
287.37285145366053
279.8006747684304
273.22545006725386
262.9289844819541
252.95400859307827
244.27667848033616
236.57026058303737
225.09998696318564
215.03416554703463
207.4178719572583
202.021787517531
194.14270339402503
189.05627626490372
187.92866722827628
190.3004238272764
191.4145743683173
195.3052256666612
202.13804549095013
211.1300387334111
218.31528674721847
228.67744086970194
243.39102547355108
261.2949997266714
265.50734416623055
267.784901471809
269.60345571224457
313.55317411985806
313.4215896640133
313.1942107592687
315.22125725986774
322.8214697059419
294.5622627804508
281.3106880483072
273.9239590756225
270.9099346807357
255.30494376923193
243.55264158273675
234.3953894969574
230.07299308620003
212.40985974200836
199.35760887513877
191.2664565565075
190.40019940301377
176.2680556442685
169.983126244881
170.63219853509295
178.65906610136022
176.60593394756384
181.1683463462237
190.09466342752404
204.6504875692564
208.4766400872526
219.4022950102928
238.09320230120713
271.27790092393275
264.2246564874545
266.36535551552635
267.6785103120412
310.12987903597553
310.7642563495337
311.67801070026695
330.478738299417
466.42183292897585
301.4941310795466
276.8641910994338
273.27950677907546
319.0669448235666
252.318980386192
235.08369300490614
229.5648872235719
276.27491776412023
204.45858502382478
185.05020500705666
180.92368134055948
236.4376150710083
163.6119212682136
152.14793468776656
157.64739428224536
213.30826967466064
166.04832134574255
167.70256773632312
182.22722651033706
244.81842955672133
204.3313664162573
212.1653826275341
243.89382172731425
409.23104411013304
279.7139035155121
274.99241555107443
271.77704078986534
302.156912870453
302.0321061616839
301.853142959591
303.2873069965822
309.8809066484309
282.36690233184504
268.39016014719203
259.62774032250223
255.07915010015813
237.7367385344134
223.58505539383478
211.89261378182945
204.4539448221667
183.73961382231363
167.44184990841757
156.11268533739621
151.73922492186963
136.59550833149348
130.9701951659755
132.17990542911372
142.05489808816077
143.64578607855552
151.38077544344807
163.2596375429102
180.42225794593472
186.64293489390363
199.1068209567899
218.98509973491198
251.2024611469734
245.60694676518213
247.47313241962198
248.64796244003287
296.2580424517616
295.86372272792977
295.3984210172003
293.08268266796216
288.1726465128911
274.1951482247556
261.9854706397854
251.44056020888203
241.17469546348696
227.50019755867413
213.36021624703315
199.40999800160768
185.967381954215
168.95212430534815
152.4049536356007
138.1823922479667
126.69838198255974
115.79098849013359
110.60496594824839
110.72315052596666
116.84005269149424
124.77963973388322
135.4291012795838
148.22276839159184
162.32764209338765
174.5859563409659
188.7684945928803
205.78583197606108
224.00822276002555
229.99285403673483
231.91709276552035
233.58795432989754
293.72048624324503
293.43091802102117
293.06011578056007
292.8484728008612
295.21704718993294
272.4717761890517
257.8171780919558
247.0467836243566
239.88606166223965
220.9942213820067
205.01285399541547
190.974508024789
180.1143301656259
158.96727064532945
140.8798227514398
126.0762125864929
117.18203346169803
100.61661519747192
92.30099975111031
92.42011195713634
102.91311459164957
108.33181960602795
120.55395193263153
135.67543801792704
155.43156716149852
165.64517244294052
180.96149577465954
200.74925441428263
227.49189167636936
226.5041662581481
228.3433260841108
229.65773312584906
292.7960084306208
292.9505436073533
293.26392211673476
304.6781134182588
389.0277690491114
278.2762489079607
254.80805186826953
247.51653669318776
281.35082929440443
219.11262451176881
198.40580815778304
187.428713454976
211.39037557657258
154.1213877477163
132.0656244046645
120.35859173457713
143.5028526657671
91.29499036237719
76.69615316604012
79.27610827604936
121.32746186432854
96.42059740795348
105.96382485347972
126.70683403943949
185.0441611793252
160.7830800992178
174.51735011284612
203.833543913312
305.5505843526395
235.73225092993337
233.69407517063703
232.42932927027024
289.2776460980276
288.7268417663832
288.00510589559315
287.87965678756956
291.0073566776069
263.3548063762183
246.68645593507273
235.399705933007
227.9045758719354
207.24221486995015
190.26865959057724
175.50107716185278
163.96171225242858
142.30219655406583
123.58922277679265
107.42587311486383
95.39064075569743
75.38949771382849
61.35437386278255
57.65073784318043
66.94242492547629
74.37102603507394
88.58927640776149
107.82998110123587
132.27341929688458
144.74030667813435
163.06541299783703
185.8978365747792
217.0326896378452
215.7078807031172
218.42981566227775
220.3449811843026
288.2768599970957
287.88472861550906
287.36852210263294
285.5911755733913
279.4381333992763
252.29630958421703
237.80747547415095
227.52045261640544
216.52268652418147
199.93601423626154
183.87814285679852
168.87482389838766
154.03664170707754
136.30398874262013
118.38064585597735
100.85867746389884
84.30049321458121
66.39703548514879
49.87790887947188
39.78494406249787
42.37835407369003
54.178849357332886
72.87402592550876
94.44300592927354
116.29807569456918
131.70841699918827
149.8675432509976
178.7376711388063
208.39231618975106
213.76791589980277
215.57642795519988
216.95995668279463
287.12644417037
286.28360199111313
284.5909694446148
276.95244043982524
259.1878271305572
237.97662417547406
231.06783073387328
224.4003234425722
219.89929258056645
197.6212862939067
180.6973494573832
166.92604093555516
155.3731359222674
135.0788669750054
116.78510529515064
99.70490667183941
85.33290061134548
63.85646404304526
44.00676884370492
25.77736612442469
18.624942660507156
36.72413785117219
59.17248715881636
84.74281308778905
114.37913330847414
123.12990529265156
133.4089266343546
160.32562037926738
194.41138933880754
208.39956718665417
212.00418416327963
214.0700346928479
238.59649439796019
229.278499544785
226.9807122934282
229.37510213203515
269.39066619773274
202.3702946861673
180.37288856643963
170.23233295101204
182.96890607384339
139.2654623573993
118.51056298998405
104.23401596448329
109.62565723204622
67.88776732622341
43.7994317884064
19.294903565415225
24.566829703451372
18.731303936608914
45.80226639628122
80.20485262626055
142.71776872265391
120.66236244737908
123.36332691140079
136.5470572099411
226.4900601454772
222.68090233209765
220.6902263404978
216.84660764691205
215.4218042439922
192.59540408420304
177.51727766488946
166.21781836614312
157.63098552672017
138.77649270196972
121.63449308802801
105.36799535455643
91.02889821249285
68.53920408512359
50.332826943811945
34.481892304268406
18.0652997894337
21.913195247567746
38.494295599612556
62.01882478971844
92.25659328237671
100.16431120744457
105.54160700639497
113.00966246340501
223.01477094669232
221.01599438647233
219.31221151545472
214.86789978850138
207.60812747308853
186.3492384751068
175.83032514795818
167.72025410306307
159.0079217747192
144.6501971733594
128.727408159133
112.35035374899994
96.25979952032556
78.19704414352515
64.59677210396939
52.52811956263709
41.59061706911516
35.5913547933619
37.64403850850691
57.507568827609184
84.2019245190813
96.1302381165853
100.78903275482513
105.2046486030155
221.23729962106572
219.46469889349072
216.84732812753117
209.4169717018715
196.21078491983758
181.1589802991811
176.83353617869628
173.16438232980065
171.82611508243068
154.08953707729435
138.57640383980342
124.61819134998754
117.04440136068641
95.88482066607129
81.1948459815495
71.97786962378994
67.4680616098473
54.96399704290775
51.674103551228846
55.938907728914366
75.83132559859077
88.90418097612164
96.08418178318553
100.60100311320349
186.30016851544215
180.1312653845677
179.2084114758494
182.86818363586463
202.91198910678284
167.0469065852624
148.85533460802225
141.3730393939741
148.2016613278537
116.18997897605736
96.89177949387499
91.67052715692931
91.74469062514578
74.26435130637653
70.06342216778991
65.202152762374
180.81331821048272
178.56176548702422
177.9013498388436
177.36786677629368
178.54488316230652
163.26606749763954
149.62217348262146
139.5184445843622
135.90616772386187
116.6395273635515
102.25397739678331
94.00004574619503
89.6140804117874
77.42278169424874
75.54347855604695
72.57370057960011
179.60377333267817
178.36118468540135
177.9833354529275
177.55978256582472
177.07541108430513
163.9943788030926
150.80572441740418
140.75595448121877
135.2486402644358
117.88873794008603
103.67293449976776
95.38919104170415
89.84948215651144
79.2401622833572
76.97448626734129
74.74924331345053
179.05601522402873
178.29801125990716
178.01954371968512
177.49895559190506
175.95496089461807
164.39112042214848
151.6721261205598
141.58093683422965
134.83355488957426
118.79739878292672
104.91710876587953
96.4585811558704
90.18796836523852
80.67633671103152
78.03808914696481
76.13274620182501
