11272.19881616499
11433.967795149032
11573.224650895425
11539.060477356192
11570.531133527458
11555.017717878878
11629.94891218612
11680.350951362132
11822.091880888134
11927.760646949086
12093.902280954093
12189.090772508003
12313.49965789262
12282.215228266206
12194.385175349053
12107.962006607579
11128.459215111752
11376.581322969398
11626.768092966868
11522.725289329765
11596.723805866854
11534.53106602294
11657.67690653973
11667.422549110835
11857.777584318974
11921.909593287059
12134.857835437972
12194.545096823591
12381.231689696679
12290.965406708661
12156.061916852655
12031.921559490953
10814.103360069426
11211.35010391635
11772.418753150927
11458.829663745948
11676.934400450702
11469.355126577515
11744.77145303734
11611.547882907142
11955.71688249338
11874.731642131075
12230.6357094833
12163.236904742394
12530.143764253675
12282.149755667619
12064.648111633553
11876.847279619422
10177.700772222215
10554.375342686977
10894.120332963146
11124.044943015413
11018.347515256288
11160.438628721571
11100.742576474157
11310.395233198446
11315.439998572432
11588.367565221823
11632.155320861648
11905.535577955688
11926.085868937074
12156.33335197046
11809.708086002522
11582.736704593723
9151.732447852799
9212.21083613806
9270.976399825127
9317.310982972716
9601.017769614316
9967.771899025729
10408.457138106105
10384.732605657273
10523.136467783568
10468.077202369645
10612.172155026827
10608.745957227273
10834.682962487319
10914.036763037338
11186.645258260842
11273.325096839804
11520.962492473982
11481.926003626455
11359.310024441533
11273.721049001082
11322.121535316424
11411.871974621743
11465.629589685372
11495.51297254353
9104.254753152556
9197.002438229589
9290.958139872642
9171.8119706608
9254.27343379483
9388.972946306678
9652.396959223204
9853.857940714832
9836.522127907418
9950.952690002168
9935.01435351692
10095.517146265709
10165.543403063148
10419.67964675274
10558.251292948447
10828.313601157786
10936.547876989596
11162.775101297915
11097.081121485451
11147.211479395779
11377.3625259555
11479.267735058289
11510.377779737359
11531.895110137044
8995.613693017884
9143.921694583898
9447.507620870625
9096.522672738352
9155.482221781087
9028.402729038526
9202.170188065656
9207.192288990731
9325.372100821687
9325.288781989904
9447.087429913123
9494.950816408691
9694.831539399984
9831.570381053
10104.273836606237
10271.098014008547
10548.251846063235
10690.763257554254
10973.485175133006
11109.176660881316
11555.945887783706
11572.875716564984
11558.148016659958
11579.815544892697
8786.969244056701
8797.98968063141
8879.349724046091
8883.931809861693
8668.185475423332
8675.922496127856
8617.095422708255
8712.875823388762
8719.332215049813
8837.154117532109
8880.544488903584
9043.146481423653
9155.57686761083
9396.306617519098
9576.8028703123
9866.016379493609
10067.177551079993
10384.445562090974
10605.70664087746
11001.221967223571
11252.594197510429
11650.68317590656
11573.368432328742
11647.677886138501
9758.522147118483
9674.236446150311
9483.433982388113
9081.836956072473
8754.410075156815
8593.259107646936
8656.243729529215
8391.866672324057
8298.91504730785
8128.184170851608
8145.998114888374
8116.460455994798
8215.154142708294
8254.933692609906
8401.590097324026
8497.077978275227
8706.829654557352
8877.147833643285
9159.672803268548
9386.282885145198
9716.787883970203
9974.129479093925
10360.928285774005
10665.648635453908
11111.708457525132
11329.11818718407
11490.212944679057
11775.277571731474
12216.439842649543
12566.704209806328
12742.689576008279
12831.746585788633
9851.481674321622
9820.815611929766
9716.81840065163
9246.671540388777
8832.450682069422
8425.504666535582
8233.778779220214
8078.912830358397
7799.1592716215655
7696.494984767674
7574.006421386879
7608.935271335242
7612.5723247637825
7736.0180772325575
7817.047290787692
8005.368843328109
8157.658730135971
8427.959332561322
8662.864976844918
9006.971188469326
9294.438612764907
9686.74026001441
10014.816237876787
10473.121847515618
10831.331660772245
11303.453469823484
11565.100257749436
11962.722670535788
12472.836817582018
12760.46207514242
12872.378821452983
12927.892104986011
9924.493487247539
9972.203543542017
10092.860041452148
9424.963101857924
9038.837926001208
8418.207837784352
8090.060398708022
7687.651553467569
7451.802251813694
7192.401436792479
7102.065093324365
7009.145851387696
7063.9271781308835
7101.552051791073
7259.536149453447
7389.098539245538
7641.429108889266
7876.721750837319
8232.65322626424
8552.74002964379
8971.114104281336
9332.81832201437
9792.675527222056
10189.737855621575
10702.462513460066
11128.401916843508
11702.382781115575
12133.818376847432
12800.868394063267
12974.77916988223
13018.493585468712
13038.69685552021
9855.663674910726
9841.345896226323
9789.158335073145
9501.59960072126
8864.435339220458
8371.565317126378
7810.870133330215
7435.405242390754
7045.071518151214
6809.811514488489
6571.407236812315
6488.63707246004
6422.0243801757515
6505.333321982189
6585.313496777582
6801.561255040643
7018.207426925349
7377.983719481226
7726.767371357377
8181.485706291261
8587.112128940433
9077.233338183158
9503.106414039032
10018.08032818908
10474.1610049018
11052.215690853014
11559.800519359169
12213.694043392588
12681.57367127404
13213.959682614186
13147.188269176197
13126.453549261356
9829.767899452681
9833.914389899528
9864.126794701693
9314.614423292545
8814.704392355916
8146.037617011763
7639.293649297599
7116.6262063410695
6751.801194173727
6383.996751307537
6148.658782937124
5919.087170103511
5854.940068398646
5829.917210464819
5968.180367455236
6133.746042639549
6465.681743268015
6824.018455225559
7309.54584997657
7761.188993193516
8294.94940242022
8767.062800963615
9302.695788896779
9773.142404927285
10334.069779069214
10849.812984442222
11501.239920985567
12063.987154995402
12718.157069215771
13021.530750909767
13090.624219754254
13118.77063995859
9771.866842713662
9733.410348240242
9647.619132742018
9310.892348706773
8624.376054335471
8034.213225746842
7390.094328715073
6912.794147084487
6429.535631582945
6073.202898183304
5704.63328154907
5463.240937755221
5253.942476588592
5239.856751666717
5296.478487472543
5553.1815931391375
5879.211201434647
6375.262868444525
6859.139648343772
7437.645349494211
7959.996876117647
8542.343338873794
9046.697085919306
9606.386359059237
10114.046362438456
10729.964805678736
11317.037827419419
12042.287667213805
12592.327232270876
13142.17679262423
13139.850632070327
13151.319540577146
9777.872230813371
9763.233187227406
9761.68113921325
9181.801107086883
8592.774073439845
7836.6768957316945
7255.849182689368
6682.223523112649
6233.200599698208
5763.378656415868
5391.155469357745
5013.97363193663
4787.503494615432
4643.251016649256
4742.4015845165295
4961.842931958717
5411.57370640012
5905.003355821502
6515.5060366340995
7080.109129103822
7711.182217406045
8273.048338724038
8867.58140322728
9386.693322713238
9973.983086139995
10528.122971990802
11234.789094630187
11900.637564987925
12639.209437102443
13008.391078432785
13106.852957816523
13153.57112419413
9761.640618205878
9715.543007742326
9615.973662011198
9235.514161395507
8473.507003101538
7796.627532479523
7104.782859354688
6583.961307901375
6047.8384078151
5599.9097591534255
5114.234930551888
4724.976838417452
4374.576014587719
4229.485833658906
4235.870340692041
4533.036022921543
4953.012351365224
5560.139625385709
6153.552133292615
6822.355702224689
7430.936483923013
8086.064651175039
8653.036312701443
9251.049438613341
9796.308135717703
10437.662226161792
11085.783497874214
11906.2626707233
12550.235526814204
13142.361532603954
13165.58977520327
13191.794912407426
9791.724011120294
9772.012230436862
9756.178916401497
9175.62639675325
8540.24284773213
7736.0736553944425
7109.264657960465
6501.92632963874
6003.32853525096
5476.398269388489
5014.6721560334445
4527.176556806038
4175.531921099098
3927.6636966193214
3958.622987514244
4179.615474925213
4671.0578297596
5238.385786875451
5921.4881454479755
6558.227441969472
7253.074512493969
7879.38493911902
8526.338002726636
9096.616374060171
9723.235161435507
10324.37749116166
11080.492716822699
11819.134812346952
12606.862850685879
13011.346808380493
13124.58964292455
13180.361706704029
9781.847092216161
9739.756227515987
9646.064585432967
9276.085728421043
8536.710482264138
7844.192183823454
7124.47153317292
6560.133028295516
5987.41831990359
5499.377253780968
4976.925239976569
4534.76922748195
4111.50036032168
3879.786392833251
3821.9135480951045
4074.255093861422
4483.188285855101
5095.822424908734
5722.092558875699
6424.635775790809
7078.229636474596
7774.916307636426
8393.99178233421
9039.72072347962
9642.857206691506
10336.19384547267
11036.701764029214
11877.37852237623
12535.465566266854
13102.24425690289
13144.505179725178
13179.03330026542
9791.36605188877
9775.671707815247
9758.457549129973
9254.473181401927
8672.087428204268
7915.536461477848
7271.268057978051
6627.822723485333
6094.58413221119
5551.188253819213
5085.614883448721
4610.26875838649
4253.290730471018
3965.111260973562
3931.332798410547
4097.674209080655
4521.000650404896
5038.019299643852
5685.970980706308
6322.160442053061
7023.583933152593
7675.58923571289
8355.057589025131
8977.813224637952
9661.67138873973
10326.93244794997
11113.198123341184
11842.311472109668
12575.577900029128
12958.778965568765
13067.578902785963
13122.919739874325
9756.15013611501
9727.740996071434
9660.611550377513
9356.120521590525
8714.523029570637
8084.386653942478
7381.775166155777
6798.53125883872
6211.364237507321
5723.008551491548
5228.417385349462
4830.916063408103
4460.372118202878
4243.527818062224
4149.546805033026
4322.181767386243
4645.627727881773
5158.3076309003145
5712.8642906528585
6363.472137575007
6994.216115634549
7682.332329355586
8321.505856358172
9005.051573337876
9658.011772255988
10402.026414691682
11120.07265635303
11917.648273392177
12519.846867905371
13019.601235169821
13056.262443111938
13084.71685664943
9729.558175957733
9728.799558769562
9742.16445135992
9332.34339560231
8841.494506535124
8170.521817171208
7575.576241301196
6949.8964721635975
6430.060342386549
5911.634439199193
5493.41667269522
5090.899895308865
4808.121687334083
4580.381487259385
4536.412381952821
4628.77225602244
4934.9786133253465
5340.778809698037
5884.407425081944
6445.201881055311
7085.342816054562
7705.789460036172
8380.963160449695
9023.28256153832
9735.393098022394
10419.32559806207
11194.109540624595
11887.341989172126
12548.267407821615
12880.704783078698
12962.425007482707
13003.418832965202
9638.280318001987
9609.5374252559
9555.314604375577
9360.048479766987
8804.720894370445
8306.287798341316
7710.16306246038
7198.068254056806
6655.790613349093
6216.178671797324
5791.62916205667
5478.341204612669
5197.4870752975
5042.934851634794
4971.2466808658
5081.921962161362
5289.682999496515
5669.121603715517
6111.837262029111
6660.534010182756
7214.849641826813
7842.071579087004
8454.281656458628
9135.961495152464
9785.004380357228
10498.198208401658
11144.856583720795
11901.149557905668
12420.499114007385
12892.40744909518
12911.504992656883
12933.32846050483
9541.844051429733
9490.832321641577
9393.120894281405
9144.442517970798
8696.977738166112
8261.898853774608
7913.6329068798195
7435.293766181008
7004.956628123948
6552.272727548917
6215.100491682809
5903.20757102517
5696.583751354791
5529.229443072307
5503.102340193394
5562.756667187305
5765.236241631196
6052.001330220388
6475.127794858361
6934.96412054174
7477.049614552697
8020.343154728134
8646.723324174656
9261.816343073267
9933.969300459315
10488.442034608628
11022.960086608664
11681.647583244729
12222.024283675792
12631.446757512062
12756.142345740223
12817.169810473331
9466.868821074306
9396.349903938755
9261.617064558173
8988.329839015505
8605.961989824284
8284.792429565297
8072.56057214301
7793.634434426542
7367.630526272383
7021.371771215973
6678.154952990797
6442.666422556436
6223.368093820047
6107.041197707036
6048.009889778271
6126.942461448108
6271.081277118978
6555.491802937724
6905.567877658491
7356.620121998525
7814.265319262674
8348.241797014769
8885.287058619982
9522.934416350527
10086.584351243186
10634.504540407761
10970.33485339065
11487.71031199911
12029.89827657634
12442.963705395521
12627.555180624611
12719.53588137994
8523.397897959936
8379.354911090773
8342.504193779758
8090.418526585233
7818.971449236249
7485.815548304802
7253.280753498874
7013.2879715221015
6856.063079555248
6715.621607500191
6686.372615410247
6719.03056000597
6882.990335904499
7118.379171394745
7479.0183603211435
7859.129605471549
8305.355233059561
8736.578241550087
9254.7629720235
9769.120911922459
10314.263525026763
10671.924444194749
10887.636490099665
11212.221937508843
8467.659613709533
8410.061598184331
8402.607419743557
8367.547673723038
8139.00281806023
8002.711734765898
7826.567004914389
7692.990666080478
7526.594354582488
7439.279435968147
7370.35939998231
7431.342457273972
7557.29994772345
7824.08464700624
8132.7794829061195
8513.13427115551
8860.920498867345
9251.63912780216
9586.36542133452
10063.18374853145
10420.997332049352
10764.439851645222
10848.010372966537
11009.29284860779
8448.05504822385
8429.551815807472
8438.347172959584
8449.128706855054
8410.75015457895
8424.286769247863
8472.44877850368
8374.156315551269
8305.453645268115
8211.23348998503
8208.735224283822
8241.450047841574
8414.164490179242
8626.665353340133
8940.766374782988
9220.26331184464
9536.970080107818
9759.497936178079
9929.770446519513
10209.83033990025
10453.557604462638
10675.680111223379
10767.290521357017
10867.428172131307
8460.56214564155
8474.515594724488
8535.28450573695
8659.333380586922
8816.59593645317
8933.619636528176
9043.916753222846
9089.935672950929
9041.550420690333
9059.928806828657
9074.076311398547
9202.06875053916
9327.036328221027
9555.79640877755
9743.780836903567
9993.720016723726
10181.014201065755
10366.71109275037
10398.270114653345
10514.642829542894
10592.271902327228
10684.501100865155
10739.384631646439
10802.87314041366
9254.603863684273
9395.563752506005
9564.971373321217
9628.883639341044
9698.010213636036
9746.172033798593
9879.341119116429
10007.584301991237
10184.76165853955
10321.670692417598
10473.720837971578
10596.714732040617
10732.746466201617
10775.695829832659
10752.026890849622
10786.653470134124
9538.360727972551
9652.480945613372
9795.06492089703
9959.340334683193
10046.880245544891
10201.89742536503
10336.288316260914
10544.861669585274
10675.368407181455
10831.478052373146
10886.02096971299
10986.195400606564
11013.234141932398
11031.398978572295
10965.017927573303
10950.670655558208
9673.975130046307
9760.828765497903
9879.270237037912
10026.795308602117
10152.631108746291
10316.440272569205
10486.584301862613
10687.049875679262
10835.528978775259
10962.390294362878
11014.769923056101
11070.029326790938
11079.055383168172
11070.072922343701
11022.55771073372
11003.272622384613
9748.351318853136
9823.960280054354
9933.983245044019
10073.911477671081
10215.84440764326
10388.124765528535
10573.732742336488
10772.488774041829
10926.15886489304
11039.032739728982
11087.351135831417
11118.337927391069
11114.692312934802
11094.008851454422
11052.704481095765
11030.677217524482
14083.948162622934
14331.369212295866
14325.834050323609
12624.982370805912
13271.884918671236
12487.568911464263
13671.33882407431
12916.506863306047
13971.816722264695
13046.173958206371
13770.929225327716
13107.316473233823
14195.318860449886
13189.855863461815
13047.236235743174
13003.835258867544
13904.018802230761
14342.955712115167
14619.026697610157
12377.915556164657
13448.892116600884
12261.8763374746
13946.983485276993
12685.394957327142
14243.57447977716
12834.18717682376
13940.527836091096
12904.201409027892
14447.107855135686
13024.72577582335
12986.772938942036
12972.859688642804
13446.135849853057
14174.95727901214
15041.361010662811
11980.485677406747
13753.477955936816
11903.917804561017
14413.215687852065
12282.08329174439
14686.813729430049
12466.18969363876
14220.915942094287
12571.66596252024
14841.084251033106
12768.067735464336
12960.67023714698
12959.310369418587
11388.237914593079
11583.020696361022
11384.010806323433
12664.759360306714
11366.103792565278
12485.33760495429
11617.777858370646
13151.464155055102
11864.525293044953
13296.855240354133
11975.731166827012
13220.00125177525
12332.761149458433
14171.166301626328
13553.55676594913
12975.015306528505
11304.651325034964
11338.7225010747
11163.688901828156
10148.05712073375
10651.548003357628
11196.869080782046
11864.4198422582
10661.637315283693
11489.229340059603
10696.192709272467
11887.894400382911
10991.977097500298
12153.353089558203
11257.816165326174
12125.585297436603
11490.906481653234
12595.465531494534
11791.206864612932
12017.682104554377
11937.848802057815
12476.953053869964
12237.263136813766
12202.879408795072
12214.960010529818
11274.55618103353
11448.791180991137
11498.136619681312
9842.26959465699
10203.35006668379
9686.987629236071
9852.628262201602
10667.018870614402
9980.64217906516
10652.17208825211
10141.713417579322
11022.128100019841
10384.500625377692
11310.651722658395
10698.181021810222
11540.28677017766
11115.197355675944
12201.20878539001
12042.548191011218
11709.348888716373
12800.363328813279
12171.629192709126
12184.037034608229
12228.78788071099
10988.913572376596
11423.718468690078
12026.197100988702
9498.817077964824
10487.182783295815
9207.895205200854
9942.01425713659
9324.733803439023
9879.821235269372
9405.324615429472
9946.727118623789
9566.58250923325
10187.797106420405
9901.311181723371
10616.92078180727
10357.248397272273
11158.572620517318
10856.381705991209
11987.74045232399
11390.384697317217
13246.746492617884
11979.205137492605
12193.264738127193
12307.07404524181
9660.628013832848
9531.406948126723
9277.800132087084
10065.222421671097
8904.699666053577
9423.369508576403
8729.582757812483
9216.358361730216
8784.126052384661
9262.054730706155
8923.880665304425
9432.81176277098
9193.55446328354
9788.698236612801
9623.948490102934
10309.098027973236
10142.785950939286
10958.032729832305
10772.53168878302
11918.811850707405
11572.86456103701
13273.05564264352
12878.735639639537
12678.39510121875
11820.618516031296
11702.633854262771
11393.975418005894
9980.608135007884
9652.62267135422
9510.71327756984
9892.017514998019
8620.696874996223
9029.796824236038
8250.732520935351
8636.2728578818
8183.9908350781125
8614.74842541326
8302.45743646788
8755.398480644733
8531.875075925134
9049.845478514182
8909.789000988867
9526.55679778484
9432.650252396015
10138.110804906033
10052.109520284414
10952.403740365096
10827.275463051967
11989.89592949819
11582.163929618884
11954.174641524733
12348.630088730548
13333.133921433624
13397.125484232869
13419.855097358884
13449.262367435245
11980.908762306026
11995.570121534844
11879.618257450564
9975.022471193079
9750.439026797863
8648.940987006157
8391.440870861858
8770.478275737001
7916.827284756344
8205.024625155293
7649.862803913813
8009.953802995997
7673.565472507277
8101.165858938225
7868.5013660438735
8347.967281024195
8202.990828424094
8767.07121932219
8709.306679362828
9372.195518328777
9347.680433426478
10104.602021823059
10098.394607601145
11044.186126989138
10983.087454243789
12193.003731263647
12355.850034208785
12509.103286244128
13801.702710314374
13411.652428706184
13438.242993213194
13488.199707146263
11957.237291473877
12182.513986115804
12504.19487018109
9774.874813145905
10174.201123098801
8561.646455839924
8710.64036343776
7782.989053605049
7906.604682654275
7268.21315460198
7505.899486064891
7085.57379597573
7449.540585130862
7180.819486808175
7654.121135612128
7474.331317473681
8020.181251545936
7949.647635531466
8598.310666468942
8613.715589991241
9336.587478915108
9389.10409064357
10187.58308272875
10259.957974275554
11199.695813168833
11258.39396093438
12516.31117788376
12347.557049384352
14277.688555593662
13276.47925325712
13472.433657058276
13600.475231112387
10613.139087989082
10432.298389683097
10138.353904740916
10611.369973356499
9067.128113549163
8995.855364717823
7897.691135637984
7859.380318277564
7113.784459562797
7186.930105962674
6655.867415633701
6871.993366738644
6521.616789141888
6897.285875964356
6698.169139582282
7210.86717625296
7123.90462932076
7761.768286248158
7808.975512149629
8541.763462736119
8646.83070256217
9422.687612618909
9550.845000041294
10380.07174439665
10530.76822909325
11522.964199595046
11677.595716003869
12976.411600433505
12941.614022102007
14760.600370465665
14503.93055984106
14342.620290393113
10937.290001721518
11036.476304472879
11215.60446747962
9548.217298389052
9492.278576600253
8249.751580765553
8061.124184146542
7178.397660889911
7103.965052606855
6466.870220756196
6523.730907230901
6034.143815010225
6257.498769090792
5966.535981054994
6393.293076862391
6278.127948630042
6873.611344308523
6942.512095157169
7682.9825626380625
7847.158241622701
8630.34333282511
8822.097646090275
9607.591286635332
9807.823872253442
10667.157158738493
10898.014305673769
11980.371057043023
12186.353450451918
13547.880992871082
13233.24070192849
13480.025147154389
13632.524289157524
10317.701109079633
10151.097693424703
9890.938999154676
10149.077909537133
8777.600791723753
8522.09211686843
7459.162120348913
7256.185209495026
6505.75848869729
6414.347451832163
5822.531592125374
5856.116852755368
5408.346758059241
5669.232639445608
5475.683753031229
6003.5137062889835
6043.861827529051
6786.153072268666
6980.713915826236
7795.907555262253
8037.660568172436
8851.026151355329
9085.653680874482
9883.334666391564
10137.503092666599
11066.869630498944
11381.688852275904
12608.976419062332
12764.410545940736
14274.989121283468
14143.30903515775
14071.709711209607
10914.231027744858
11035.004449670736
11254.03433031579
9493.174168303849
9377.27027223762
7982.256669266917
7608.312067615677
6747.597720372317
6541.785454023817
5865.087518796314
5763.789812021998
5173.509819520373
5210.843105763623
4840.8095723453225
5226.454726347395
5177.141070039651
5894.009900957482
6089.951385647432
6913.778425482388
7197.870079125533
8044.9361931903195
8342.53408807966
9122.874198015415
9406.378849067529
10225.82021916582
10545.051495945227
11748.213572816534
12078.217703276181
13577.168350028096
13278.461263485178
13534.847420573093
13688.357696222018
10381.931674722422
10217.505103172422
9944.913750730162
10232.748628887839
8706.02094894461
8352.226344632669
7168.419162770416
6880.339721066026
6129.017504602301
5916.071163452247
5260.7484734187965
5128.029281196834
4576.804405240839
4688.05009720125
4478.574738379816
5036.895029150114
5183.248069073479
6027.881875428559
6317.8189031055535
7183.037198749071
7530.514401783254
8381.697435875054
8690.909482296518
9475.80734787229
9802.080152145736
10701.648475046864
11173.729603900802
12585.414520443612
12801.035223937211
14466.934430801404
14289.57564179401
14191.135961810081
10830.146838526969
10924.910254517039
11095.848136920968
9468.94219195421
9241.779812160095
7866.351730601963
7409.770884384164
6560.666701689299
6278.852164744028
5583.501232352975
5375.323840632813
4711.776238989055
4606.756119853077
4166.86082655181
4455.886907901468
4436.911478139134
5160.090654575314
5455.9107920489105
6306.703288405698
6690.102098399164
7557.204027678059
7950.053328648516
8748.886954211472
9109.131611314591
9926.763805964765
10320.275743497701
11501.692954998703
11963.046642701114
13392.127245447964
13220.09620260283
13471.47851733305
13625.255595808227
10254.250120539538
10115.875674009316
9885.759104476017
10070.721025278246
8708.846469464592
8289.677282015673
7163.176332053628
6807.78485222471
6053.386014495062
5778.990587493762
5118.1979433755505
4911.4421590355805
4321.988805761295
4321.537400991078
4077.3160042047593
4549.029353563664
4720.549693621658
5528.088661341184
5888.836290227393
6747.3956489410675
7173.3993451144925
8029.122571138597
8424.94281439437
9226.962105729272
9632.942654377219
10538.036698511398
11075.660949399253
12378.473936742123
12687.54483142338
14074.812909527604
13946.335959473105
13882.65211362389
10427.401705554126
10455.655297496343
10518.885431483031
9372.01902895648
9056.819461994974
7957.149826878676
7509.6601396254655
6658.230658651535
6322.384925735773
5631.683278953824
5380.466522817882
4764.6966657494295
4622.156847151603
4179.820190200056
4342.179611136874
4322.581980713452
4916.298143273695
5222.31388687205
6013.826398015627
6438.488729083465
7279.963453840848
7730.581676671326
8544.668302342749
8977.9432217389
9824.897975186477
10301.52557117151
11334.885682544182
11847.884096336356
12970.633186287276
12980.157553899273
13180.065734667198
13310.875383690665
10028.571242922682
9918.984308973711
9739.708080644969
9806.377966137707
8758.503743188416
8337.707017557532
7382.835522780097
6985.732747212281
6233.968744606213
5940.246005431966
5321.34380223843
5123.258572144891
4622.253157978119
4592.849897194776
4346.82916055664
4680.376684516256
4826.573528553349
5482.275268346783
5840.372895613566
6622.867398020158
7061.774172374442
7883.405991360168
8334.138316325992
9155.066163648728
9629.472694922168
10554.760431790688
11084.336954202277
12159.707668520898
12526.176974919663
13544.754115225423
13498.64175818689
13483.009921238243
10260.324621606307
10315.250555773518
10411.611442289575
9410.821117616826
9148.299296221496
8166.97098689684
7742.962089378075
6920.649282548526
6567.329018695991
5928.607816140037
5700.657350933012
5186.842062079449
5080.194025588628
4729.639995130571
4837.965820127363
4786.161692034674
5225.003465283415
5467.660248225185
6123.031202834353
6517.241967468077
7271.052104583136
7727.2189958257895
8520.475169083036
8999.139075690762
9854.062362414907
10370.518011362014
11350.381366607822
11855.058352510878
12852.93193157422
12857.113580386393
13027.862135892286
13134.625279421993
9792.564637848875
9705.452805697976
9577.365728315623
9854.254043299896
8804.475078512878
8526.877049645593
7659.74389885216
7295.844636630648
6570.704203236903
6322.613207175138
5811.9609434962385
5670.625752536142
5289.315970232559
5280.781588271374
5091.459696938678
5322.6102912264505
5397.494341964679
5884.470657085379
6176.997977652305
6828.406194146154
7235.744929659046
7973.290654698318
8435.527134806252
9240.325335663998
9736.213862499475
10606.639296122792
11068.1405089094
12129.755238280059
12383.549109715485
13492.770122238613
13436.207192204973
13403.977833657635
9701.061783740979
9657.44920420261
9616.262919620282
9648.962771093058
8888.527077106883
8449.649626379773
8046.506161724595
7349.666274912965
7055.761504130719
6465.3907118272555
6316.874429939361
5928.2395075739105
5859.527682409158
5599.820388384315
5679.854832544793
5632.397918962716
5925.717080919363
6094.302934236745
6604.182036823049
6943.077064037084
7579.081164677321
7996.311823857358
8739.273219998166
9220.022148076165
10028.972990087927
10387.82144397249
10950.456269770244
11941.191081681005
12428.65069782875
13249.75670813892
13325.58983710279
13350.150834363423
9663.698220692686
9632.726219049433
9597.566038671477
9457.660666228128
8798.438337039843
8297.055798044797
7993.736383133307
7892.461833031066
7281.655096055412
7084.698421330057
6644.183286810758
6548.6141541236175
6242.848108879365
6239.823627300417
6081.370567965649
6250.656935194372
6286.893787177745
6650.311034631824
6891.077934880871
7429.331745845026
7776.316685613325
8409.413819554049
8835.588865218431
9600.218925573812
10028.665519135782
10723.983620881723
10943.359543276621
11709.838230526035
12375.960442063732
13055.753962412015
13198.245219532126
13264.442406490634
8683.652166812886
8494.656149739201
8504.906783013614
8042.356226167714
7886.487236657663
7426.678478998989
7312.271191430158
6987.499509256528
6939.829574093456
6714.832514139013
6771.189837462571
6710.456411102926
6946.97448151575
7079.212378475024
7515.328386126906
7797.511323693148
8329.982247554784
8663.400602352147
9288.481264529164
9700.921165459076
10358.856838414627
10540.394490676483
10742.66710982464
11202.23554534279
8461.29193615261
8358.315291804165
8283.647892163423
8466.756015882698
8045.6777286319375
8038.326922535469
7765.766693258044
7735.645022702961
7493.4382179098775
7491.484362683444
7332.945827442609
7466.688372555966
7499.066914423314
7828.5094626541595
8050.133914200741
8503.998981733683
8766.572669438297
9229.355573620409
9456.016214238376
10052.693791529833
10284.466931291363
10835.216476908197
10841.5312547996
10968.635398399138
8409.452268979194
8369.051591445568
8358.72087930759
8483.145289202259
8357.196675824413
8473.731706273238
8482.717960742328
8320.15847185347
8325.140443652224
8166.59946350008
8243.055017960114
8202.57623423179
8427.484801736493
8560.126753874596
8910.078976327655
9111.016523317572
9481.55674631801
9607.461871707017
9768.980008734128
10154.318751338255
10384.251134872295
10756.04916292417
10804.726868912117
10870.754684026531
8414.455680240048
8414.579977922993
8475.361170533017
8729.437567394729
8924.770793713938
9006.842695450488
8958.550029876937
9089.258246785459
8988.738064333464
9057.950734402732
9051.765246841402
9218.182780583167
9287.458911116968
9539.585288164444
9634.593790536595
9914.27823341945
10045.23078633861
10248.738097149839
10318.528746347709
10568.290644162505
10631.950150247529
10764.1368085544
10795.576534904363
10835.605627181136
9433.009551840181
9474.373578456212
9524.27117341272
9564.097457004373
9657.494820606993
9680.082728095338
9847.103677671044
9961.367286288076
10122.181828865061
10245.896544920823
10349.514445263176
10453.828566745338
10575.396375893315
10567.872370816247
10622.294058342535
10789.606967906917
9608.23148517553
9625.51383605642
9638.44016410441
9859.995455561375
9925.783817558451
10083.569680600638
10219.128040768554
10400.843557963646
10526.769045723137
10645.051337095796
10682.575542793309
10754.604347604936
10783.732983096239
10744.236960269873
10746.75184302338
10804.75553987348
9642.923676163278
9663.459978465211
9702.124809476787
9900.97613243273
10017.7325487935
10169.260283231584
10334.95379406676
10511.43627549751
10650.291496276343
10753.197698780792
10788.361557059594
10833.76546689404
10850.779203466598
10785.898863677228
10768.233771833953
10792.828066769009
9667.636896370148
9693.976928591546
9749.252564739529
9936.252113255257
10075.379289313636
10239.413480186393
10414.995236239993
10599.874782547085
10738.040229178388
10838.21269915065
10862.564679171865
10895.863297560421
10890.610951012495
10819.486196831142
10788.122763237472
10794.15456406882
