11998.39514892595
12107.754933663911
12164.432700693162
11966.101698960436
11814.539004290713
11573.621238812219
11418.207619790786
11220.03269992188
11146.649341057608
11060.849499617902
11100.32779464216
11095.751662690165
11159.884950084532
11054.191804485414
10898.709225373213
10757.42742519837
11903.038478554205
12094.33341922934
12279.54409121765
11983.172522505845
11874.392508126917
11566.717138657405
11462.886713187972
11204.845848832298
11185.083871165714
11041.894624378976
11137.201379809389
11086.604864591973
11226.558286849313
11044.86998353658
10828.684247685362
10633.167279175892
11669.12697929846
11982.818330820826
12530.757780408207
11954.987805970375
12009.836574648165
11508.035036717249
11582.80833298582
11135.279032833729
11299.42946672558
10968.416020025335
11238.952869251247
11026.750569531549
11388.796146079892
11005.944666829668
10680.038107439155
10387.963688891847
11185.50483898438
11356.774946166119
11563.877916514317
11627.10931653689
11244.819867733157
11154.087084980041
10789.934413855104
10756.610577282814
10486.791457377196
10589.5473708947
10462.768030335314
10670.686015545562
10591.467244279585
10799.163647505
10296.62101108257
9928.511633443375
11726.07036192159
11638.98448685979
11452.839718841497
11088.102209608218
10903.309008387654
10912.16497347328
11147.48966857608
10831.157887082614
10705.517300094385
10328.605285273681
10190.678051020817
9872.47896365216
9867.699095978927
9717.59178333258
9868.689330795894
9833.684067300052
10029.422091491575
9888.138335770625
9646.976531038803
9434.000648657724
9387.987141875936
9423.830210053753
9447.57574851887
9459.918203775062
11820.561300792091
11776.279251787411
11679.431733844782
11189.204966875575
10841.450287097789
10522.523261721684
10438.512173626865
10327.772925209372
9943.50374248035
9726.816193727956
9351.03434184585
9217.94851187198
9005.883022819005
9064.740040657067
9038.249831344981
9222.977890230908
9234.354825108237
9414.580232011143
9232.317776607559
9198.511223796379
9404.262350989102
9474.102449773738
9480.454099871153
9483.058003326
11916.005148339882
11908.533594032828
12078.724581693948
11334.11332400792
11008.64924128085
10392.849159458374
10145.563295361131
9708.541144707617
9419.900050833892
8994.137249802092
8745.761442704075
8447.555613056078
8386.194470926872
8287.821219353369
8420.075123138804
8465.058607483059
8680.3493018303
8749.049223834103
9008.879691382379
9097.237137584478
9587.703448229931
9561.618303543317
9513.532961998424
9511.93580587817
11989.21392952058
11769.880385475451
11645.912596708247
11356.62647980277
10702.205142736217
10258.682233086549
9695.560568767483
9311.278448409597
8807.612769635129
8455.58611745214
8049.022766158784
7858.474347146823
7668.097244295598
7689.653139554951
7698.116904162377
7891.24772437586
8008.099936986199
8300.771243177274
8494.706167824408
8915.606896547051
9170.752342624057
9627.255308944925
9502.367795454282
9569.405501093477
14073.392465179566
13929.546103610197
13616.94917789324
12963.38618123168
12310.754536149465
11859.069264818834
11696.890635948634
11081.612021668956
10592.594219603478
9921.937758075857
9429.068294063056
8834.441141267751
8371.414582073361
7833.892240256902
7476.244723781568
7146.234779360857
7051.905616999794
6973.014796306578
7106.346482940613
7218.313544285838
7500.432730863189
7730.990398189025
8140.492119040773
8460.293417589108
8969.296019791065
9210.305896504797
9393.756602259107
9737.94853370915
10298.48330018468
10760.589837516181
10998.864969754777
11121.662335687703
14231.383038260352
14167.035368979688
13994.646201764397
13323.541286375852
12672.004196910031
11978.099265864113
11510.776654498588
11050.45376950381
10350.98009352592
9776.598761342686
9090.349680097124
8535.092086123763
7884.1023784602585
7356.490702580281
6800.983398477912
6509.302382679439
6302.373823584482
6341.47253657865
6413.079444532247
6672.567604122901
6915.570400192037
7328.233072470933
7679.303346722653
8206.636743725356
8625.17470245375
9198.15993320223
9517.233128928916
10011.139467996894
10655.619179587378
11029.51629711734
11180.159039923517
11256.804057765834
14374.371261823422
14412.553493516774
14533.0056381285
13651.477318133893
13098.397313421563
12220.253212984935
11645.164537890336
10914.115259086155
10305.00795876286
9569.449133906915
8936.11541885228
8199.933512168813
7564.4546952805595
6849.646583628862
6271.739869539546
5756.842578758474
5627.92092758992
5604.0438219580365
5816.6366086019025
6053.419427510603
6484.2109666529705
6876.280791204561
7409.991614445997
7882.14026180023
8508.81850529976
9030.283640413465
9737.085015108234
10267.246566162938
11096.785738235598
11321.210177719047
11383.151407893169
11414.159734755372
14357.146785646279
14324.24113936719
14239.343766940841
13859.039042523735
13039.293115840552
12372.995849857003
11574.544386237269
10931.307276438152
10179.095423754707
9520.62966189575
8746.05188847261
8039.0515358087105
7234.72849598261
6524.37569447966
5763.3805070875505
5199.658719463916
4887.845993567424
4985.172511212031
5178.640689273315
5609.163163419766
6040.966362154306
6604.7577460151015
7110.425663096333
7740.431451140064
8302.972386106969
9012.401849080285
9629.013961966983
10422.674887803567
10991.425246634382
11652.034201919223
11572.662778504127
11550.395789611952
14408.529621457496
14404.154485905547
14431.40832704832
13752.19786557357
13138.351028916517
12299.74460751675
11616.017940863336
10844.02051406346
10181.92090997654
9419.36116765048
8706.353831021474
7871.122629898312
7092.892285549536
6229.505327231911
5481.232949372639
4759.3279290692435
4419.193531910082
4432.031575797365
4776.175363430165
5203.532350955265
5788.725921382467
6330.66915257525
6975.196157305155
7552.125195386251
8241.59256567093
8868.934938305321
9651.030461313205
10317.166929619121
11097.356528384928
11459.334191022172
11544.688012433307
11580.67481354695
14432.472519115145
14381.46625010922
14274.192105264374
13878.330432417537
13066.290960872073
12357.77379331599
11545.477122231438
10877.035621702169
10128.22518187571
9446.733105397983
8643.952809316914
7867.103759942683
6981.208696834158
6160.731241398444
5283.9910345195285
4599.409148844859
4098.841312808174
4161.65059218272
4454.718872942668
5010.947934712711
5562.331091110149
6231.208580826833
6832.057848998181
7509.9370902425335
8122.944384226512
8859.137023598036
9545.355467273508
10388.824793288624
11021.049581075968
11673.094075303936
11664.96026537204
11677.575560564721
14542.632852453728
14525.557548298504
14528.751725619622
13853.926205320875
13187.736025935365
12307.264841316328
11599.8163497855
10850.054345929704
10194.35751617312
9445.983808097742
8720.23226592116
7868.487466242224
7054.759792828647
6155.517687643522
5351.470726603875
4563.196876349165
4089.6492190467657
4011.597174663557
4394.353859264574
4884.134377327397
5534.663347904028
6151.389460924658
6838.399023262443
7446.449495698136
8141.291644648866
8786.12068134609
9597.429015288386
10345.555038996383
11184.73477364347
11598.469697166505
11709.240665964646
11761.456218481495
14625.568446176016
14574.93850004458
14464.673194342064
14048.083948203122
13195.404730362608
12430.916341262144
11611.51839525759
10954.396841718106
10234.003197615973
9567.748377762922
8786.796110215251
8017.415503179365
7150.680854328018
6350.4063858975
5492.957741855002
4789.74946714414
4206.340335166091
4130.793539450584
4419.515168044852
4972.178699220309
5544.8990975005545
6233.062565187974
6852.477125100984
7530.589042935082
8149.629427403295
8878.63621549147
9600.036455705236
10511.365275389719
11213.939059603756
11885.445460749092
11896.52867982112
11918.827771587452
14749.42932557108
14733.615650636859
14729.563214567625
14081.17418581808
13396.313376746393
12500.988778929492
11777.779093893052
11041.097270364453
10396.63541908571
9678.792774604035
8980.55176689689
8172.9207989873985
7410.486957687202
6581.797242533066
5842.8170720869175
5102.7848364069305
4602.774820004354
4373.589576784933
4668.234246734231
5111.932246658526
5728.658710297014
6331.641531199285
7007.306540290365
7616.091302993624
8304.05770979796
8961.372639817351
9791.574169850976
10585.555343843052
11441.602700243628
11870.162469732184
11984.76812839391
12038.146131592765
14801.331973575345
14759.529507511788
14662.554711962903
14273.344184683423
13475.998813686281
12726.811193611995
11914.088360324828
11250.412793542258
10544.071359394375
9899.604255275874
9167.405823332609
8460.000521871762
7679.7997891948025
6972.0728771833
6231.0276594890365
5623.175386885939
5080.876662362829
4864.901482441189
4970.46649152231
5411.89676343868
5920.258488829901
6559.9942771122605
7157.611181560401
7823.086145115367
8452.210137394639
9192.93442352173
9936.328552333485
10830.312532457232
11515.231687861768
12129.564666823826
12151.784767198353
12174.99344701201
14855.265019265704
14844.343700003044
14838.451653040267
14289.525367058393
13682.670625054443
12872.413327862156
12167.18704816836
11430.22724732603
10790.858601517373
10102.412530587319
9456.958719741575
8737.428687737269
8071.981018023907
7368.147381928584
6760.815088649347
6155.924258235115
5717.734256597982
5408.050629941124
5457.1411086885755
5739.320161809513
6246.085857684349
6786.636798189037
7420.589516319994
8021.519404570615
8712.314149833088
9389.925084283714
10205.700150998144
10948.343342547814
11708.098300732163
12092.754861427744
12192.34828127178
12237.86357900281
14845.039335688252
14817.408608175285
14748.701352988162
14433.504206993413
13758.22188797274
13102.80429585518
12345.342772910562
11694.97920367153
11005.681346383326
10394.890685882616
9730.55225513481
9115.771631051295
8457.472971615683
7877.214390942877
7280.820782223341
6796.85224290518
6343.441768451899
6090.176998646226
6001.475297419458
6220.441931687955
6588.414527481139
7129.604423835288
7676.125376278091
8313.69553897025
8935.226225169801
9670.721030856945
10376.544537699025
11172.72917402146
11763.431133530834
12281.575549989067
12292.928795303276
12305.26167411542
14839.196015897667
14844.10306321229
14869.783858048915
14421.623786132304
13919.013236467317
13220.461453973106
12592.849265862542
11904.305801390237
11303.23883595016
10665.395777633437
10092.926478632355
9481.579196714
8938.512944826813
8370.922113400307
7890.654897150754
7413.1313391423055
7058.396832146017
6767.043196902348
6686.705096183149
6750.532406601677
7071.476069678187
7488.131282524126
8039.0674069820325
8593.62111254397
9249.758845403034
9882.706828070943
10617.237887187033
11264.440515137341
11909.576062380547
12221.126641536906
12283.30898070861
12307.931435338625
14755.044991233237
14728.088319407852
14674.605973001231
14476.710668530444
13891.137016029528
13383.13004201485
12753.60279850271
12193.838682354739
11570.0477219702
11021.27931218157
10444.231051267596
9938.755931741593
9406.338978276392
8945.014853798466
8476.812915923229
8096.464426708503
7740.220489310333
7516.291428346828
7375.1746372999205
7426.514953128114
7601.820262126159
7987.83198457261
8426.585091817966
8985.357048456519
9533.547073963759
10165.700442546626
10719.637074483493
11407.503905168349
11866.050178446536
12332.714347178575
12312.375117189076
12309.686965735926
14660.194265597123
14609.275524735138
14509.943247044162
14253.254745029557
13791.729706117832
13342.446272784722
12965.915181049742
12436.175411604274
11932.139922421491
11368.305987285166
10889.15908506355
10387.969773121247
9950.388350318502
9497.14273564538
9112.62019717281
8735.530398304154
8457.115243690305
8221.285838617334
8127.896588578111
8117.892741136286
8275.625577309233
8537.481682702984
8961.281694807085
9407.152480430357
9942.541362519083
10373.25633596912
10778.010214252812
11309.422076525523
11747.457376195289
12107.354947210039
12199.091546423231
12237.283062764032
14586.703131284723
14516.003842107437
14378.350233896519
14098.117020408132
13699.650125152817
13351.029519017247
13100.936529308381
12773.783452752607
12272.721206237587
11824.549057865852
11339.108545712312
10929.273377256224
10493.642714995483
10115.15936483732
9725.129761089309
9415.275971482126
9134.660532590064
8966.158202586977
8860.192149091645
8892.127745613587
8984.26405327368
9235.301707718243
9540.62266263818
9976.338251503033
10362.395970964808
10769.315704746554
10963.895754138426
11312.369485564797
11673.93328643249
11978.854974525968
12109.794090102345
12172.135363093854
13591.954296482074
13411.304505093825
13337.44531095393
13025.907824781138
12683.895144501721
12247.354504355395
11881.88862856159
11479.115092717835
11126.608937701847
10741.181969077637
10411.521050544905
10091.48888496446
9872.684282457623
9704.444949368171
9665.113186360742
9673.445588596504
9797.544695359104
9950.18047631979
10224.873622820209
10506.060870886806
10848.315072707695
11041.907761371815
11129.704110963423
11308.50858485707
13494.470591324522
13401.825107471128
13355.299124569534
13264.10105659076
12950.779420905596
12706.850217105479
12400.361118813813
12119.876619453436
11775.489158991832
11469.592146364013
11125.430331500827
10864.104237281837
10634.126433353818
10532.12910805668
10482.928652358221
10539.223596239466
10598.748260349523
10734.904858569485
10816.216124430593
11043.074849244273
11171.14652848158
11347.392236309428
11303.667599947956
11349.485133369584
13440.322197762647
13391.953787119583
13360.926468967979
13303.836449230304
13162.684923391353
13047.169869132873
12965.029874790054
12736.71723302869
12512.956843746153
12226.244384733152
11977.94180857406
11709.614460136874
11545.148595457238
11410.652407734873
11397.722138370427
11391.542936836375
11457.699990281464
11460.574176518692
11401.05942735241
11410.327828142164
11387.856982030855
11405.79017530268
11366.037518140796
11369.587609378012
13428.944278821755
13413.761156075274
13424.941772217206
13454.239614715083
13468.68678199809
13446.091281509393
13439.37416345953
13370.593323444898
13185.934287639531
13033.536656750495
12826.313293445843
12671.779182211923
12479.008771071976
12378.588207510196
12267.523639567304
12259.820463804996
12228.922824269719
12231.689730243028
12089.445232563614
11964.790942619624
11734.2488484123
11567.042117429277
11454.716025394007
11414.291468264966
13763.118037673757
13792.348807895263
13869.226897054452
13829.463079900745
13773.981473043837
13666.041472742749
13591.017859913884
13455.066778094002
13328.756918170684
13156.801650531432
13031.878426198806
12923.969045056212
12869.720053946867
12764.07072295701
12616.728125177975
12493.085713314447
13927.448128300271
13964.094514838906
14033.93529015547
14105.399207999737
14074.7318504829
14079.41374281517
14015.323193830398
13970.458313554856
13811.74603206134
13672.766955027202
13468.902765700865
13356.446150627435
13214.329281676299
13107.207238204102
12948.942262411958
12834.400044819735
13996.063902155769
14028.488288993396
14083.939394306444
14144.331437783378
14157.00134268728
14173.215226782731
14150.360243903486
14106.538441606237
13975.181678035575
13818.440450660957
13621.60716684461
13473.482385135158
13322.67923606671
13196.30803198337
13068.28280504123
12980.164371096585
14032.344702707962
14063.580904081971
14114.238330202881
14170.763072839338
14202.485030975738
14229.149072717559
14226.049687578821
14187.201082732649
14069.506919814728
13908.035210008757
13714.179250012849
13547.8048396227
13390.298588941121
13256.121100928036
13137.778524983072
13059.124894678496
15333.943357222899
15592.149561711678
15533.547324225974
13254.86272683037
13868.660141115566
12666.615628198337
13892.077764814481
12668.711298883467
13726.654798926209
12341.491426866121
13082.236440343371
12130.905180724929
13403.939308569306
12079.829206499327
11880.839697136707
11807.662538029233
15146.252954142377
15627.479214587438
15923.949700531934
12960.453576757945
14097.503293016222
12386.607418710804
14236.297823544186
12378.304807798238
14065.758076695616
12074.582685596128
13291.63617295891
11871.465287300078
13712.73396412782
11863.076186990342
11796.911650533673
11755.31204483455
14644.985982092207
15448.345789171593
16479.552007094026
12479.318331208517
14486.597841015444
11940.311929216059
14817.417769834048
11872.32121295072
14619.402731319853
11612.931658120859
13640.105243155325
11449.379206426753
14199.19977939102
11530.1807318739
11752.464656474935
11713.356640831616
12385.362251416467
12361.176135653126
12026.80721677535
13424.630856828417
11555.434063466255
12702.012455906935
11333.451594004388
12963.631544895927
11078.026028464436
12638.24760616094
10801.72913648294
12232.913898536252
11014.754985615877
13246.582661009305
12441.163435226712
11633.196414001592
14211.126746185048
14174.398848660874
13816.07513034372
12103.157153886426
12032.331416041818
12164.990696644994
12813.854027452244
11038.444532024814
11790.297244496183
10499.247109897016
11688.413220451708
10251.562842842915
11428.247659259243
10053.573516948829
10956.97654130581
10017.816570167914
11292.918191505345
10192.142607610873
10420.614765189845
10177.480517507667
10706.16920779814
10320.683102070554
10253.867677175589
10255.929400281677
14250.513845901229
14388.365666639973
14361.326581678128
11977.203228969298
11953.738821803152
10700.241651571207
10519.975007581523
11202.586367435604
9990.345411269485
10489.35140369028
9502.780653911383
10279.827919681833
9183.254936684763
10089.043062582427
9120.818475243843
10028.133302206094
9368.942126594062
10633.388620555392
10331.58079530736
9781.983427351968
11060.824294236276
10217.091422803445
10218.365060063074
10261.083230566275
14026.470933222708
14443.082512734283
15111.497606757597
11653.271131480818
12506.872491525695
10445.994614453994
10907.004655064762
9701.488975954315
9976.154255525149
8966.6505722319
9258.694377739259
8431.050357830094
8906.434785537496
8279.699206754129
8971.716827936192
8480.68221562775
9354.583557469152
8862.040142266369
10182.815471525255
9342.569554737478
11603.109582636987
9962.323699554066
10217.250443181989
10337.721394212022
12729.505583883642
12342.162380128646
11920.932894479962
12633.292034363663
10801.128077421685
11007.134056737907
9656.159788422072
9778.860389938414
8738.75106231595
8855.197666458876
7983.126705023233
8240.247062529366
7613.775207656543
8084.877876511182
7660.794044497048
8351.518276384311
8004.392079050505
8919.94731348154
8597.053059795471
9957.711079895793
9458.810452795497
11555.842970172895
11044.097831997891
10753.573407226195
16410.123707861287
16246.082642600815
15826.678265096869
13907.2683558013
13196.015378737295
12698.980956493311
13012.779266311747
11147.266698143027
11297.628191743195
9869.75190561464
9849.360307740206
8739.057672315977
8710.79247337353
7749.119488692984
7794.377264471612
7080.856938517451
7379.180876885213
6910.492451457871
7464.4106628082245
7172.597231272395
7923.912707818063
7719.036519392763
8769.790504182583
8546.244478193319
9956.265935583331
9413.329886094474
9862.553233968922
10336.96597084949
11597.007642973571
11711.277323444328
11750.501070202716
11792.824946441882
16633.356131676086
16644.12841733254
16486.471820470106
14033.216533963361
13634.443098728894
12029.783909558795
11467.41328422815
11686.672376407696
10272.741541024367
10191.776125423945
8970.747806867372
8837.445647282697
7778.373597747511
7653.11239174258
6729.272549777268
6827.567574542105
6250.385038694244
6653.008566985749
6358.379191197898
7018.069547519961
6867.734527782139
7734.30060788426
7664.4201696982755
8803.020113521932
8696.529946714685
10199.046503715417
10395.054262672107
10592.496406337379
12226.454729112487
11748.953511134794
11785.450442355448
11849.997868441827
16623.816757161247
16898.971224723027
17294.08183049663
13824.683229180799
14266.852369901515
12152.900566175213
12177.409786392493
10793.892904057375
10632.51757184849
9424.961972044739
9205.236363841632
8070.745118249441
7838.392110255189
6763.572022422704
6602.578596541818
5725.359020704175
5965.157267104071
5565.61483387517
6148.882127537921
6006.688582470117
6816.255407498474
6821.556468087788
7779.674620261439
7847.824393352423
9010.613974166528
9074.008269106624
10642.028485862593
10420.23768586645
12838.144059022197
11587.61900934576
11835.119666512166
11997.404729321706
14997.037185965646
14767.32688111348
14397.474725931163
14973.803700643552
13017.073052235879
12887.610047621001
11428.240974655913
11203.201821101835
10003.808924235787
9726.601712464211
8589.223042469459
8261.710341762455
7118.95585641082
6793.970415214727
5709.386379151274
5533.56856999443
4858.708136968448
5317.762201159672
5142.918425104467
5923.194270625078
5981.418668407641
6904.301928183395
7042.039443832201
8066.910891411251
8250.25236020603
9478.213308652737
9654.07913976956
11257.525348647547
11195.057459658568
13477.64457610681
13153.965810150676
12950.616754879164
15484.453063320561
15612.08119240113
15841.607716004422
13751.087324090066
13697.989766887815
12147.3690163991
11862.366396320927
10641.807310051821
10330.479750978873
9230.423394701005
8879.940408531178
7726.52745400303
7317.433291586879
6143.487738017149
5778.359948714375
4732.276427773896
4744.376670589666
4415.903824955505
5088.12873915057
5162.926304993748
6063.862999361838
6262.449390680337
7222.378259168161
7465.971020697203
8527.914700321837
8801.219361040052
10121.99244213156
10341.154492910133
12013.104091174997
11601.944407656747
11906.149433980707
12094.329325327504
14798.356630903321
14595.959048357405
14280.474011841789
14626.889109543581
12951.736080505283
12661.69831321965
11330.36326626681
10994.010492865444
9906.736695581329
9547.409891503083
8466.944420693982
8032.266694813863
6862.225348827863
6400.979412116928
5238.63632815987
4919.103906103047
4096.446441855328
4487.63065692001
4438.94470277929
5297.284055506423
5508.916787683425
6470.008500241421
6740.965638615757
7715.765166023761
8016.435376836125
9142.70554840661
9489.765040166376
10962.494340139488
11101.27854433784
12968.666620369946
12793.88214558458
12696.636513165848
15645.946808628634
15807.801977791183
16096.456515721658
13922.778948192155
13850.03017648062
12166.89454825614
11713.51510877287
10601.685078083112
10235.46041266802
9225.361274335024
8827.443084922657
7712.323433156723
7230.566905139368
6073.254463443262
5648.610457592598
4561.099447055625
4451.8244617057635
4034.1637854410096
4700.708286110559
4858.341753822602
5783.880952188709
6081.696240157513
7002.296698581105
7323.679194765144
8306.963005102598
8663.993273327718
10091.88144514649
10418.502799057474
12218.343980233365
11799.641942734383
12107.610178613591
12290.851414681363
15083.794089021229
14888.948148016045
14564.070886055488
14977.769176247424
13155.355636880395
12792.072621537238
11356.272722027397
10974.249246636482
9979.718001987092
9589.79074562592
8592.57536543823
8129.986159805139
7021.04155579049
6549.453383199096
5455.384772189513
5106.144695824577
4228.247399578333
4473.527493084074
4414.090685634456
5223.3376948122595
5489.012960127524
6425.7751109988785
6735.126736812622
7646.533415098815
8000.610092383852
9050.731178620568
9555.645048900848
11206.511003103109
11373.587261742428
13406.03835047219
13168.156645933344
13032.427434775029
15732.800106959532
15864.775259711489
16096.082301856519
14116.250362377992
13940.980583197183
12326.964606780823
11805.658243767302
10763.06830735527
10369.220238493645
9434.527998024496
9030.75595936991
7998.371966354034
7531.349191360817
6480.439588825202
6079.660976110847
5082.69924233611
4906.464715572735
4381.8908425130885
4907.527296128089
5065.041074760244
5904.917279725974
6234.20849918732
7100.897396220101
7459.879970418479
8385.153737086073
8793.497719246277
10152.21004794855
10600.13240250033
12267.673770194317
11983.873463895803
12281.061237979462
12460.86562788109
15076.984429119953
14916.379220159732
14647.310878500084
14943.392943991732
13356.947361101644
12945.109697649976
11623.53000133166
11201.284083268629
10262.87454599164
9860.850820685544
8947.332949570053
8508.417197111658
7519.936678373188
7095.279500679153
6152.294111438529
5841.932612889203
5056.529320221167
5111.970512988753
4927.103984315137
5579.3185355136775
5830.4518271572315
6672.479770966963
7008.072590979029
7868.731358598533
8264.398617832212
9267.984062686566
9816.934366953295
11287.62677668456
11538.985599514654
13197.094686636226
13019.698911762913
12926.292305340381
15338.734624733188
15387.194098953029
15483.02851224679
14114.50014800824
13837.159513514483
12597.80735794746
12124.427354306314
11126.536808465902
10709.776151531441
9829.555252793281
9421.71339855291
8519.29212768241
8098.167152685994
7209.829714128973
6850.814784783327
6058.500159714931
5864.636420797718
5344.508772127289
5594.792049061007
5648.870716633618
6339.046793216512
6650.93697222558
7453.569003647475
7834.510031735801
8726.695148309002
9181.961475106786
10305.602261471722
10786.399762446295
12040.07808809111
11969.665684734775
12199.882107625792
12348.715363773126
14876.353880886692
14749.531198355713
14542.870745353624
14683.382430056809
13495.485447410938
13096.859201344412
12028.653461074733
11594.918344448133
10698.176828344715
10297.572693775404
9465.37943431873
9066.521670477166
8242.976608733996
7880.465884312914
7116.3074260134845
6848.4861675087595
6224.866467423541
6178.943229245837
5893.991021137621
6292.643407775253
6452.881446109877
7162.343127966415
7493.594132703982
8300.905889183901
8715.142868653971
9673.46221033221
10156.014398747733
11300.358219076317
11603.304206572275
12785.951608978674
12709.492275876972
12674.760168323117
15204.696835875111
15281.372336397219
15411.650859411133
14210.83064901761
13995.343115875583
12915.025750497236
12497.623153799024
11575.033434008821
11167.418298446324
10359.223716331251
9978.751015001317
9215.597274443098
8862.978084743992
8150.073315672968
7856.272125906161
7233.916524806101
7064.075315614681
6618.290669475266
6701.2990207554785
6599.681905618185
7069.565051956097
7306.469848419139
8002.329706317975
8370.849820767564
9200.449262532105
9638.632350673646
10627.817080306793
11049.021400551304
12125.437767040015
12039.52411627415
12231.242511117962
12349.033407900803
14664.490662984757
14566.04314399344
14420.094209484821
14805.287563461517
13601.971135499183
13374.06405067307
12422.153397783193
12052.94988388477
11237.838412132647
10862.527728932428
10138.463938050083
9799.482789586726
9137.417496171178
8837.690029287467
8244.455440817439
8021.747278463303
7541.296151438254
7471.285157007363
7189.904943162651
7383.2575573483855
7408.25595353055
7931.099073245326
8202.538355144456
8909.126674145586
9281.882897409727
10107.982742751381
10440.685320679095
11514.30152643327
11653.756568901095
12928.88733859261
12836.595054926433
12778.017433683619
14564.24439955871
14517.081840057781
14475.62186103943
14560.646844508945
13711.033967264346
13292.270390378018
12879.114498826657
12106.865299255178
11771.00936004178
11036.02835181211
10698.55423760571
10074.057243615971
9773.62116439141
9212.258262609757
8954.359196740195
8477.107417654395
8324.506191885377
7986.972540866632
8017.711065287377
7893.339807858269
8172.57032652593
8305.894808155166
8863.806051893745
9156.037584294065
9859.330298481014
10070.137472717319
10493.02118366367
11368.175064809631
11748.355910522348
12655.961937497783
12729.0925774242
12744.736725443534
14527.868318536684
14497.473687716685
14466.489843889662
14342.96788155097
13622.32093547634
13089.03296176944
12753.736735072243
12648.29715924038
11943.405045639329
11634.245256947856
10994.20974396097
10712.532789938574
10166.919125674774
9909.094487543613
9419.308018947475
9225.100871010258
8850.886004380734
8796.66851958068
8594.171621465328
8738.553290351674
8722.712801351732
9096.258115035764
9274.806167156112
9862.119151512385
10092.679646239629
10704.763434763867
10809.777944453292
11356.646235536653
11800.293554930886
12464.524768399304
12603.675184823243
12665.164590628468
13488.468784178367
13277.699305627844
13288.547001690022
12707.274335218488
12507.453723854145
11895.185678704875
11635.980656459335
11119.495709872199
10875.668889236978
10397.797551032598
10168.448463821693
9764.244211974914
9646.139402461056
9393.592204951085
9455.850506023064
9372.633149358604
9597.192132581566
9648.703997963788
10048.9959393388
10213.396300305174
10707.118795529635
10706.59513301164
10859.83534252365
11190.488116700391
13196.35542717548
13065.609680570864
12967.392437187616
13135.256486631479
12573.138509748685
12460.244847580427
12015.416263138173
11835.526382070695
11400.900336604154
11187.775362188335
10756.635763471924
10585.416624989539
10278.0989243054
10264.187907397332
10144.478782292312
10285.594093047668
10262.068614068052
10485.120348676264
10446.211795727855
10819.566159595695
10805.679669915824
11258.281929443923
11195.517877679738
11241.627746381215
13116.934842316126
13059.256757495754
13031.388737027135
13113.088670690377
12836.664499980036
12778.355239548293
12653.66767017943
12343.538544174153
12197.399231446125
11844.462576412318
11690.39761976256
11351.363781793536
11261.063856019216
11056.965186480398
11097.389841821989
11025.865919393262
11157.70874198083
11068.580813984505
11005.653348033771
11057.069255730867
10992.710118957868
11223.165818087718
11216.088278004172
11233.478688934385
13107.642907272146
13092.457260813759
13127.943302150295
13284.680442752218
13251.835402977453
13139.4541399341
13014.121222105265
13038.875146040584
12790.243164400807
12700.525319065762
12472.527870998425
12372.753783708886
12128.327556064978
12071.533239337756
11877.869680753673
11918.225496860796
11834.975062361484
11881.770723650441
11836.579928844087
11785.022851323796
11440.735660290919
11320.181530502823
11260.979334523834
11250.379295579547
13555.461255406311
13488.748315982866
13504.126572142743
13423.271864950442
13399.9985882736
13261.082890979684
13235.729125222108
13081.917151404585
12959.986598683054
12776.350806763332
12626.491970786685
12508.132802785936
12457.443154477907
12308.495387061435
12311.3223168778
12333.884375446185
13593.158923628409
13557.572579412907
13543.013950348266
13679.843261103202
13616.201419186385
13634.917615514623
13570.347072558976
13511.556688560246
13351.688114835973
13189.071578472984
12978.733507192492
12854.428412954163
12721.936021355263
12569.686471030196
12537.257057851213
12532.248471189416
13592.79166619166
13578.910814831883
13591.939923988368
13707.917968671334
13700.374398363598
13712.616023642637
13682.526398553255
13615.953365956153
13471.363351347745
13291.764118662591
13083.625161069887
12937.94988002021
12800.138353571561
12628.589777541845
12578.95071902185
12562.739599346873
13598.460568659319
13598.21597727078
13626.124433100907
13732.16701820733
13751.86928229318
13775.986075552326
13759.33532717959
13700.025765164659
13556.596502794835
13373.78922140023
13158.90354894286
13004.740966522711
12850.746821194205
12677.566480107998
12612.287791112518
12586.800891739515
