326.46732314548893
328.90221715900344
331.84112173574954
335.05979027065473
337.25668843529087
337.24165324884336
337.2681668605131
338.8818054442613
341.2639509521502
342.77113886975667
344.87115639960837
348.1468183282129
351.56814569436756
352.84453698639
352.41265539287105
351.349960970935
324.27247142620917
327.4853461288661
331.0163368002448
335.13004835736047
338.0566000389724
337.3577681844728
336.9451619241673
338.9438943577478
341.9537244649735
342.8491754593217
344.6227130644389
348.3908574828134
352.77119964492636
353.55613173565337
352.3295610176394
350.39215870396157
320.16110588171335
324.9038238045906
329.53028788683787
335.18312730195515
339.75477558354453
337.41830577153985
336.1617264275696
338.93570053703974
343.5002181212952
342.83858729536416
343.921890607432
348.58250711200094
355.001308809372
354.4215529874442
351.6790536512467
348.04687173022097
312.32566779456045
319.2011754759774
325.8284446239533
334.87676343232437
345.0486800910362
336.97570938084425
333.7196646954341
338.39498866477044
348.43738706604285
342.2618923748198
341.5838741507585
348.3238818240151
361.2064417476028
355.187862923946
348.82718548079225
342.5030254448545
282.5312716305927
284.8745199441715
288.44522851584
294.20595757307746
302.2914431931071
310.3304908018668
318.4890738108191
331.8510436823769
361.7120313229075
333.61556917752307
327.2667725556471
334.9043969430579
364.396529908141
338.827520232667
335.41352450789594
345.2687708613598
379.220496468555
352.8634988264668
341.5075744508018
333.9897943868346
329.9280084493596
329.1848434592696
329.03682774426295
328.8154921299688
280.2908405722979
282.74324324047427
285.82472546335214
290.1723241636245
295.104620911263
300.02286121307526
306.12486758263805
313.1421176356367
320.40475175979367
315.7364073929419
313.70166103023695
317.05517185499815
323.84733133939585
321.3497436349142
322.35774826443486
327.8595623241587
336.60480954025826
332.93553214062734
328.32401892581754
326.22981340119804
327.7817540457923
328.906648175918
328.96213003128673
328.866522004859
276.71196619104404
279.8771166576098
283.34966165135523
287.85828416504876
291.9002962496817
292.72362791153813
295.674894459776
300.0105072498754
303.68856765408515
302.67380753496997
302.2831223805665
304.64635971890937
308.21235448202384
309.0482407473748
311.0467285560044
315.22888148527977
320.3804469164167
320.47536418224314
319.9257214828839
322.83043225749526
328.42299840417655
329.6354342830264
329.3631990684821
329.1112536357506
271.1556580849296
275.0755421871786
279.53239082879946
286.03826637308873
292.82811384255547
287.8099363562134
287.2916335155164
291.19720811172493
296.2609890051977
293.6694677572605
293.20721533521976
296.3198429476914
301.559244666513
300.7942320745644
302.17449937786097
306.9290561069032
314.297048199625
313.42699773326285
314.6865214856784
321.3834486494246
333.391993440504
331.7444713384004
329.9193298137252
329.19026757164477
261.05108079582055
261.44378345356876
261.996787493457
262.9198054523803
264.9751057347925
268.3561561989105
273.2479508551599
282.62870366372493
303.9877742297524
282.1794460000039
278.52658107587376
283.3842517128949
298.3223144424046
285.7601342264694
283.94998227329285
288.92955409770633
303.4093998145763
293.66691454314554
293.5058260652064
300.17917702947045
318.2838065394624
307.9411515602856
308.94208674677924
319.2301940817686
349.6752983878784
333.1156064292231
328.2353133586929
327.96477899343654
332.59853575435807
337.3094512103556
340.16159091562673
341.92140164132576
260.64367224303936
261.07011518145123
261.5045758239169
261.765672160506
261.4010307304316
260.83142262030293
262.8701194255828
266.5187802266901
270.7763929376998
266.40922704287294
265.2485939103493
267.61611118131634
272.2247999059585
270.5471103785447
270.9129494582793
274.4226675600432
279.61089054153047
279.5729986534451
281.41097917977896
286.6187271959049
293.8438547563795
294.962885270672
298.70281187833626
306.25600042672204
317.9315085669899
319.58265673868897
321.17871573075575
326.83844301512937
334.36271728263404
339.69325899139136
342.34655754056297
343.9614372141507
259.94434497971605
260.62075815570097
261.35552734094273
261.9588956055089
260.94762886096004
256.45180280310177
254.29338554125135
254.58334121900452
255.16357477053702
252.83949975414666
251.93247670358522
253.22166169893575
255.41171463520917
255.66442511559904
256.77100436805927
259.9238053552647
263.87353441123116
265.9471907510111
268.8913138905279
274.06981873358455
280.1719171159695
284.15588889280747
289.2012126991181
297.04620492651134
305.96756988775826
311.72816709826736
318.40095972578024
327.41274662686925
338.0567461021963
343.56647472460565
345.84597175158615
347.0178877912235
258.36997076169877
259.5411787674531
261.10509408483995
263.5297518821
264.9590323245425
253.8734149072387
247.71151344775197
246.11029120910257
246.89944447564213
241.88658355563953
239.56448047607162
240.55953475866977
243.6407446251631
241.96694013734046
242.5101689216302
246.43094419211366
252.2994881638634
253.50993240495396
256.8939372515107
263.3942938881298
272.1115778503012
275.83539243058493
281.73542193346964
290.8950323876513
302.5504258573565
308.8299800511611
317.145620927325
329.7756118670282
347.75555128686716
350.67224021010577
350.9135350806502
350.7583858720877
254.72788605391492
256.29983423857414
258.87550537515057
265.1359222629057
281.34653873145083
250.7758352770019
240.39431985585506
238.64625129891033
246.77299566996845
231.6661732214905
226.92324729927182
228.52691013238666
239.15743934025596
228.83536404139147
227.6658059036255
233.2090631230273
247.8536218820103
241.7148493305997
244.617766645782
253.80368119169714
271.59936813521455
269.00552523563607
274.4715322245892
286.2545608902937
308.28975723326005
306.73403315189984
315.1526082226399
332.8020929140233
372.2087027377997
358.6324107911874
354.4577750333322
352.5547803149251
247.87424784216577
248.7311991040784
249.7284889847135
250.74104526617998
249.7340300206441
236.57475522199087
227.9389659763745
223.6762602928287
221.63893649260254
215.00915436505363
210.78341143585504
209.9772211608765
211.49774051318053
208.9627780635594
209.11290313946873
213.29952819289196
220.61159916577316
223.80823291038928
229.42690814574624
238.69303273193756
250.1629110093842
256.64773670393083
265.039126022791
276.1532076032961
289.1711568170944
297.51115185252354
308.49916085111744
324.10097015522393
343.35233205055823
347.57019194947037
348.45893776621136
348.70196155353807
239.60591854024224
239.8014903648926
239.75506168349287
238.5543956199081
234.26519580677078
223.89708798564936
215.22037233826828
209.6242768105307
205.1703684513641
199.14127596576677
194.3090346992108
191.8342314824455
190.81866145842017
189.08609055476867
189.5113467150204
193.2565044335002
200.0637288686348
206.13660730598446
214.15874641549874
224.85749003657057
236.26488625154266
245.8068609059604
255.954484556028
267.3623651874211
279.18437517349
289.6801483580477
301.9922666766843
317.3205784791565
333.58842352140886
340.90723979530173
343.66439852469404
344.9944105778291
231.09243115701028
231.25097616170285
231.34410025390633
231.02164613960323
228.40477907757403
214.2612394880263
204.0644104661898
197.71180441273705
193.41952529451493
184.97804186331925
178.51246455480518
175.17642126211405
174.55328949898032
170.74452531125084
170.2215925436982
175.04781043291675
184.47464890652935
190.90275978162336
200.29988088780263
213.26810635597477
227.54431659172718
237.30725320787283
248.26605727208516
260.88311232353885
274.81230806155713
284.85018821053666
297.6980922360021
315.4237524147013
336.1883012037751
341.3542287021943
342.87939623646935
343.5647085559764
222.46363477172105
222.82794642448445
223.78071641119286
227.03960833879566
237.55087604412128
206.9592889104454
193.71884102387685
187.50786339938168
188.4167589920223
171.9516531319027
162.72324333305409
159.28047942121842
164.30929227147925
153.2926373040211
151.5121096346679
158.0203133072713
176.2425552248835
177.7794524705785
187.56604682300102
203.53088928704867
225.4347507995922
230.36313992397095
241.28818263799562
256.31356291645915
277.7921900160772
282.1371630029901
294.9840599002979
316.5783843091868
353.96764044451373
344.96217411401585
342.5377232207655
341.7215701325615
212.82982316888007
212.44631071367277
211.90692051383542
210.77962574221908
207.2166003007541
192.21291260562467
180.57300321453127
172.33571301505904
165.27611779224785
154.05225066769884
144.48616647873283
138.22236101499362
135.31225135433343
130.74326110196176
130.56463473553427
136.90201588191027
149.69801179313782
160.55607329757146
173.94014344576334
190.225808107269
207.35391157826157
219.8881144275621
233.25415011840556
248.0437345747645
263.57388591733536
275.05907421119
289.5795573427914
307.93679867810283
328.3524649363424
333.6486549991481
335.37499136195555
336.2664364362124
204.3175332532774
203.40731546256504
202.00522118936223
199.02173510090515
192.73417948264049
180.39623473886533
168.70948042023167
158.46813764237783
148.74920182938297
137.1327351628495
126.34971299740963
118.05707815605999
112.75256463607417
109.2542734374054
110.85177774391877
119.03240640238504
132.13762950619733
146.07486491660012
161.81668730375242
179.0207066521315
195.8310847311168
210.68810065664198
225.66322135663683
240.88973978132867
256.26380695649567
270.4987991913038
285.6965000987102
302.64346258578195
319.04363777017744
326.5206606891536
329.54763510437766
331.2404107154046
197.94339905067693
197.06239854297826
195.8221947676266
193.37105996986196
188.1524711998545
172.19596545377937
158.19098572811492
146.71321346145314
136.41529145911488
122.29570632111711
109.43072310149772
100.06145579808728
95.43228707886955
91.08994786496923
94.86762024402312
106.65827654609882
122.51566163428805
135.93967865381228
152.5564254753193
170.7429235733845
189.21248958043387
204.02450516046758
219.85794826921614
236.7711588209716
254.3254750801578
268.2893615686384
283.9023225715306
301.80545075238086
320.28911098150894
325.64252854584265
327.6123415626916
328.75375797175064
192.67542196526676
191.9463919020214
191.2827889178584
191.40090452133478
196.3257462119522
165.447355424333
147.2528347590679
135.24418742877387
129.61244631775335
108.10330347226531
93.11011476173108
83.98900386546393
84.4147976767532
77.29602387008794
82.57732256415115
98.02813924350592
119.74015231158857
129.67294974844887
145.37204437653872
165.01441085952055
188.66134416197795
199.38596146120756
215.06476361134273
234.0157890233903
258.3120711762664
267.06731341609367
282.5003078323592
303.2036348322958
333.9482984490091
328.63642761163567
327.4799686419065
327.2942855509422
187.2664565857466
185.81905083630687
183.65704449316354
179.1477145911083
170.67324342077322
149.52787207606926
131.1787309614326
116.95078562093327
104.46305125911034
88.51469649152968
74.44127471678843
64.16744427338483
60.639060754414814
62.57399033878731
72.74018389921973
88.91846148761685
106.90053113482982
122.25417639188751
139.54319774668804
158.28575163383258
177.34840120235208
192.80626570085
209.78480960148985
228.03379761424685
246.94095533366226
261.1084795887431
277.0743916215336
295.5843966571624
315.09290293286676
320.52994147419065
322.401002095069
323.4341597886519
182.3494854936833
180.0250519155432
175.9571394193608
166.71883512413046
151.21567722761395
129.86509399539813
112.07922823905629
97.67634350221199
82.9031155891796
67.64486615594153
54.57216307703295
44.583769825622895
43.25684072489946
51.84663505240318
66.7363048129717
84.09235970482106
101.7224288833875
118.54203432453818
136.3872179214496
154.4861036984765
172.26093176938198
188.53582745318238
205.81224357628042
224.0567308740021
241.9200906000884
255.49517542026015
269.8847342322792
287.4004442082083
304.8692120182124
313.8789339692901
317.4992986837073
319.450102992658
178.00431043762046
174.10223860914311
166.37291569136852
150.6127775297014
128.24424154060094
109.645193650268
96.77714377562228
85.13889037945694
71.82489300751132
50.42080322361324
34.73704853877556
26.39933270197763
31.774504014446922
46.4448467560016
64.66684785537288
83.90921528896826
103.06928223830718
119.27762203007238
136.75355909672604
154.76016105682766
172.7995435635939
187.84314168791286
204.46900720264895
223.2895482911767
242.63375578118973
252.95119862374074
263.3450897965254
278.2373009609728
295.56146127214356
307.5139455141312
313.31162677357145
316.24404588621246
106.11897904963435
94.13027051615849
85.2486003397763
76.87076403773067
70.56502667639867
39.45315474215434
16.326218614755653
17.14119628004297
35.92202831209439
46.13665138304553
66.16569787788157
87.58393584030595
111.01894832307457
123.76003824207078
140.22820299701917
158.5141097559039
179.90252744384682
189.85191907752224
205.08422621452337
225.1191628611247
250.87477006985276
252.47006989629696
257.60012902082104
266.6698403433909
89.63153714315057
81.24830774552129
73.25402546847498
62.21340116473228
47.165072344279764
22.398500689005488
1.704077019541688
19.028992076881597
35.30138186934558
49.521402476185976
69.17295979782179
90.83350397747711
111.99960162686185
128.9948930960155
145.68718290895757
162.11676726046153
178.15565666774876
189.94937012805727
203.6429059574048
220.2720745488761
237.89635475893903
245.04139699823412
250.06295164069928
256.09345144271015
78.73137479531299
71.94700663327228
62.9651067223338
48.19619989502223
28.05878380943564
12.675547219957169
19.098979368649214
35.24871683741043
50.06797084132378
62.66166760465831
77.55986076676531
97.55129450621149
119.8488988035655
137.90948938998724
154.29722171685344
169.44423035618928
183.09233917033893
192.7494040394511
203.00403414363902
216.8017216289891
230.8589851647698
239.5926055638021
244.93234733187015
249.3415527077575
71.2585187610734
63.85189526840226
51.586711298316395
32.54704508548283
20.61574086608005
23.995395844067353
38.05582268994984
53.29969407954854
69.20912903387737
79.66132751784319
93.13245808690205
111.00006314081126
133.35902691523137
149.5533639247064
164.4853406384938
178.5645316903397
192.0106833171665
197.6898755901981
204.1541968707861
214.1281658186824
226.28175438944052
235.27506816156296
241.23424598793622
245.29915297364926
29.74886715201698
41.83885046417728
54.584398517683155
70.00526154793003
90.75650621252495
95.67469638698114
108.09135335583728
126.93501793564859
151.3802699955954
160.73416031770415
173.36990713162487
187.15318790482218
201.94985000818053
202.37104910755568
204.95073065010914
210.48328723931627
44.64888907122072
54.84813243542141
64.30772607714319
76.66696514413294
91.37118264153084
101.32086993944237
114.7773135450645
131.76827438994368
149.50816607290372
162.0082372894282
175.39646966928595
187.31910040075158
197.3029167635951
200.28157038580161
202.77399722686866
206.26685591731592
54.17841481163887
61.12085774038769
69.1099982231459
79.9672411086821
92.6267363265218
103.95036563956515
117.72291852834157
133.64750839081822
149.0622301155417
161.7803666423896
175.2061354760447
186.47345791646092
194.88417248198877
198.611548777756
201.05469633610358
203.4783412832167
59.339285248114976
64.92467143156762
72.32065022976951
82.27408042531302
93.94251611716335
105.71715545751832
119.50444640414503
134.72503459636377
148.98004238823924
161.36943001852842
174.60160716494124
185.4940100174105
193.23110537126152
197.34593691504043
199.779975030576
201.77870990099
324.72789938449284
326.1987446129894
327.8007408547065
332.6304162599892
337.03571646973194
335.3650911694631
334.95637300080665
338.439664014074
343.49897969818915
342.3215260154236
342.7981567206547
346.8076122739989
352.73380999299866
352.7729726530775
353.03382477736375
352.88033443688664
323.6546952909582
325.5511354655084
327.05509232303064
332.46676041741335
337.77201939865597
335.2454785850432
334.57502857749853
338.3831490960727
344.44736632475536
342.23776325466577
342.4015483485358
346.70086438802224
353.6171972808337
352.77165688669686
353.1554826236512
352.77607477424806
321.66165091232165
324.5933248938068
326.136378550998
332.21653533310104
338.8195403320096
335.02958450571555
334.06338291976914
338.2193609353252
345.7903328103111
342.0567046712589
341.8900999830826
346.50706933278605
354.83428891215533
352.61176155430906
353.4391141278869
352.3867163419543
313.65794058024534
320.1254534327618
322.9795570494366
334.7584167832707
360.99845682140943
337.08183839533086
332.43540883944894
341.5406869118445
373.5244360488549
345.0406639918076
340.089888071585
348.6180558620051
379.08479283152957
357.1084162043237
356.16287497652814
349.84900444836984
279.9294799048863
281.0780366641163
283.0709030521813
289.4235741875421
300.3522694463293
310.93662784948054
316.8650228492743
344.57937356754036
535.810681231173
345.0278369484426
327.9829903611371
353.4161967962643
587.3774910953912
356.202637343538
335.38190568316054
356.50362180976487
561.9559711451346
370.1997930785706
355.69601647854176
338.3668573545535
329.22038300663394
327.29101000207845
327.35693538214133
327.56570257818004
278.79281772487684
279.9929193288253
281.28743165899635
285.7038285122016
291.2386592889822
296.52661584221767
302.9054248356983
311.5305197695094
328.5190133246252
314.27272887762456
311.1657845375312
316.96439886063655
336.31644157878725
321.20717395766206
319.9604225954652
326.56018536300377
345.585065272654
332.2494925857759
326.3405804827507
322.38456061019383
325.887544753512
326.69532573915603
327.3862865882074
327.7841031610591
276.7777120607658
278.72474460440776
280.0204482075693
284.649677444183
289.70270182097227
289.1825870969706
292.0886715294132
296.7010824570544
301.5728726249818
299.53859245636556
299.04039253537616
301.8312319565647
306.5792150919393
306.257457372391
307.95334640787416
312.2207165922707
318.4960837097503
317.39089829011965
316.33398550662156
319.51106857406165
326.75931446568103
326.8867998968888
328.0543982495917
328.78856252873203
271.03726222247394
274.75660863455045
276.7659776047134
285.26534906626426
303.2378672356898
286.05670888154646
284.02321689678007
288.9157747851666
300.39939938386794
291.34608354736474
290.0587851535528
294.0688340545231
304.9440025685653
298.53527080591317
299.06246783476547
304.6870219897064
318.8179083285671
311.3000412137547
311.44058700506207
319.87774816990725
345.6405648966206
331.9406658951857
332.6164101444102
331.8990443091556
258.65582882682105
258.7810714392121
259.037215808032
260.2446996060194
262.96952217619145
267.7009434819681
271.6670956012252
293.14251811401357
440.63620475493417
288.63903006517114
276.3647930030016
287.404107418335
378.5506329000657
289.0336421091828
281.535160597695
291.7044405073843
373.83650579725844
296.4601646969362
291.1304826115964
303.559545695573
399.8157386946907
312.31104022317686
306.8204403914763
326.5836349780176
496.59694307512734
346.8808924162266
337.5373061822826
330.88190413532635
333.6976450769289
337.46617819546043
338.79476801266634
339.79335960584433
258.48877121891644
258.5503302201693
258.6377996974873
259.2285262623858
258.8920042033934
257.2992724051308
259.9433306993025
265.03167891848744
277.2856216026233
264.4105512877726
262.19266761141984
265.42137752130066
275.55665167038416
268.2835953039397
267.8822257462268
272.1395062910426
282.26312256054996
277.24762665633244
278.32741315612293
284.296129688428
297.1539746798354
292.6289608335889
295.3775827273889
304.1277055575458
324.95359085064354
318.108744777564
318.3451972306281
324.2175373289809
333.92469377487714
338.70968530399745
340.09741206332376
341.19492968498025
258.35221778667227
258.419785751799
258.4513748581708
259.3745552812528
259.3434813401395
253.50568779800375
251.24143652747355
251.7324640575154
253.23816451148005
249.90244909773025
248.84521446217775
250.2951371956947
253.2626975708269
252.75486152782864
253.76244678419425
257.1054576934985
261.763790727238
263.0589927343184
265.77904459245616
271.04364084066736
277.8264897430244
280.9863013545397
285.78030982628115
293.75198697788056
303.7019420442129
308.393257375978
314.7462192516035
324.0553149195796
336.20506074262926
340.3507693542312
342.1922327936574
343.78377270387955
258.1076291158618
258.41876367165116
258.69869732649215
263.44734675939816
275.49743195210965
252.66558376295475
245.05252934485583
244.32455465805654
250.6320335901531
239.93390224519584
236.82224717748898
238.5445447856363
246.55928330062173
239.96221462393825
239.8152792248787
244.56125154305826
255.29268015461648
251.54048747185172
254.076739198296
261.2036634714087
274.51237191657077
273.47590399439935
278.59343265787595
288.4916533012659
305.7776284898717
306.36990848334096
313.8066360036055
328.103076792194
359.25561389263754
350.42455347258164
352.2701133387467
353.3439351950707
256.05556212318254
256.93369729850815
258.09247083554425
278.03952433595424
418.59937498342674
257.8045400024244
238.87819965255008
242.62564642997248
316.4576211079972
234.86319725537837
225.1553356312516
231.66277015892115
304.98492054158226
232.06384677717958
226.0437396155023
236.68772163486594
312.53795079915346
244.90400686235634
242.75710238933044
256.52871354643696
332.0799625962956
271.3967327432748
272.1251457486884
288.73663707055067
374.45598286385473
310.0776904933923
312.993850760368
340.075035719618
516.8766661096837
374.21571366671265
369.4128463550443
366.09696599227686
247.73954110137623
247.78844429285857
247.73923972928077
250.82740835638808
259.237853973675
235.66445011619552
225.57219203891125
222.04813029604145
224.94451280982344
213.4000865416625
208.5232908897911
208.46987476903035
214.89818933879613
207.57054748110312
207.1162955150429
212.1431639598693
224.43891308027042
222.50678099817353
227.14567778660188
236.96580018565456
252.8024685722382
254.6347914410154
262.21955622295604
273.89438738114893
291.704011056775
295.02514556763737
305.25636663889975
322.3178246165825
353.0818859485807
346.95357709417874
348.9867431145411
350.2834826197969
238.54464227303768
238.27785921481836
237.8698331170503
237.31972468905172
234.8183068572404
222.00377354819275
212.75769157320175
207.34525201559268
203.56103053668238
197.00023862589683
192.1570004790416
189.89073735751575
189.5751534689954
187.28486552495363
187.696459073185
191.67098950824536
199.26499381013005
204.4355800550477
212.04623088787537
222.68691085060237
234.57377171742527
243.35363010644278
253.2075991606183
264.52821278699537
276.7904504195672
286.3746303612051
298.415446699775
314.3756733787178
333.2580486093333
338.2593960702309
340.5978258025334
342.49469846327906
230.4894041493876
230.39819938969865
230.21924214348664
232.6443364449314
240.9192441384963
214.02766363464485
201.94989375803468
196.16926122095666
195.74471983169252
183.59364063333544
176.7365345244714
174.17267815290177
177.84999641173343
169.97077337045832
168.85318570209307
174.54796641711144
188.93173349386944
190.25046349051013
198.57709564700826
211.9357586335486
229.94888064790246
235.63286752284412
245.78668180097378
258.7158212112571
276.2336645367698
282.21138625423487
294.4188749549347
314.52182903639306
348.6425199997299
342.15803229505946
344.3585492481548
345.72884328183125
223.14693800035445
223.82144256403635
224.7785960908509
243.61392176329366
378.5380479100715
215.82093058215693
192.58878567100044
190.2010704920029
237.4969751226523
174.4376063706931
161.79951575601746
162.69780772990308
217.5172797089384
157.11534327857763
151.20131422019804
162.64119225010577
236.23162925014722
182.13114624391145
186.71595101246314
206.23516019735845
271.95512323910725
232.51022689720654
239.4276943584305
257.72338612267015
322.38988580984187
283.92204648883387
293.09193237219614
325.8880033570903
490.38974479190205
362.48030941744867
357.89381286278814
354.7872313243607
210.93296480999885
210.84555918604968
210.7288958050004
212.1988614872022
218.90880099384327
191.94042192388108
178.71922773721144
171.10899407833466
167.8648919953752
153.0510426815957
143.12339612203021
137.65057655894034
139.01704567516518
130.4409381961467
129.62681306066898
136.7145201707838
154.14586202838635
160.19085291334665
172.6267883838755
189.22674367824467
209.8189765177081
218.48531874098677
231.04115360203602
246.1227988097063
265.1312614192746
272.62048339365776
286.3814898647892
306.8921340343399
339.36324665904374
334.01466400500766
335.9757837783017
337.2156928596505
201.06607596720238
200.66866019284083
200.21744958899689
197.70494771744623
192.6531532273333
178.75798307893763
166.87774532858157
156.82243406192885
147.73131022224715
135.754801016486
125.01930072126149
116.9953329262869
112.28313243929387
108.41180422828201
109.95920533998202
118.21846436418583
131.77194372872464
144.96793949363044
160.45192289526548
177.5771900496415
194.60601176686703
208.81021105239566
223.50159178515847
238.58008296113152
254.19029156677854
267.6862064609159
282.5279409108622
299.7002443945711
317.79473816701335
323.58622759858764
325.5296835558201
327.19922688415494
195.21356347782535
194.83992685390652
194.38075993646027
193.58680704158346
195.20321379142183
171.8311261334272
156.7256683400854
145.83652172925085
139.13651330686852
121.67025307264328
108.39568034494236
99.66714703559384
98.43139504485373
90.99100908204274
94.27680537372804
106.53987229198094
125.39438707041417
135.48198116639395
151.40688333991937
169.91864000722657
191.09588427656294
202.70733203851404
217.9527904014294
235.16057967526447
255.88880491144525
266.22430013918625
281.2054333226406
300.321206941105
326.1478060110511
324.52572328513816
326.2551497785973
327.46669643837055
191.1836184872661
191.12726635339308
191.21190233382245
201.4084895666414
283.4025048861092
171.81623549265157
146.88375449249537
138.61896082825086
172.07292052752055
111.14917453693292
92.81155711054309
86.94258812175636
120.86521876943341
80.44987517776603
82.45314970930377
100.95511159452482
154.4105296885482
132.4000732236509
144.74486704749205
167.18192296222605
220.35543238283705
201.20236710253454
213.7366680958463
235.87510543001204
294.09558150325404
269.032400851893
281.13343656372206
308.7122583981526
408.08294686933067
337.68318233671295
335.4123056416381
333.925240795126
185.11334426638794
184.16104723072152
182.9651077422199
180.96257791394845
181.3930797377597
150.55722794328156
130.2435515568019
116.68643855508455
108.11860963314658
88.48200389675172
73.89524691968455
64.26074906021148
63.82079059804331
62.834624416590856
72.42359867277533
89.00310282332092
109.73888749341556
122.0843077576537
138.74505828226975
157.77960368664975
179.4760595812068
191.8748250684059
208.2501090501804
226.8802344176574
249.4082458374392
259.58111348083673
275.13302482135975
295.3107671032899
323.9098928468113
320.84555997685425
323.1116095081167
324.63757521733623
183.20446410519958
182.45128160362242
181.4031725702434
177.08122579893595
165.88685735989313
131.08884603061762
110.54919407537936
96.6307448045726
82.43569377301324
66.98714430773705
54.06892472487633
44.32455227920787
43.18879604436416
51.72550427475163
66.55563735862216
83.90707610325897
101.69219090061587
117.98185524001255
135.65619919071813
153.69177676597576
171.66968669183115
187.28038983369663
204.2782934422959
222.6032726107406
241.28533842010742
253.3652016548455
267.2328487164133
290.9107962481851
316.79254061036454
319.7846845772697
321.0902444795849
322.12942780739144
181.03561295386314
179.4628087909423
176.344452505223
162.22849058557483
132.87399928190462
104.52738256661644
95.18015133937448
85.19745208743264
77.02324564890465
50.463066432442666
34.2965520964323
26.055239975027693
34.5388871075273
46.110034878377306
64.58711230250543
84.07702634567737
105.08313070649935
119.0993042807686
136.167881979951
154.504843018618
174.89627356286994
187.18268435141954
203.3109359002491
223.18938881354114
247.7378661467012
252.5001164306021
260.02398249511094
280.4594512509129
307.0919966956428
316.6717037070975
318.9451066005928
320.26642882329907
101.43571550643806
88.67454974010164
84.86017730797447
83.4123907538545
117.94844087099517
44.758065123847636
16.039059577348123
20.41944911952776
61.17267090893341
48.28315504831405
65.90545574870217
89.58291091616734
131.12413074996388
125.56034454153108
139.88611476869883
160.70081480698636
201.54968355606317
192.20063192777243
205.0635074581349
230.5403561702718
285.6496149853252
258.43726232570805
259.11604364215935
267.93421288703087
82.46913204155325
76.56745349295852
72.89755508457222
64.01168864006169
55.30845336692874
23.940082250182204
1.636372179872329
19.546134156268767
38.258174415669195
48.9408745860555
68.40591342962499
90.34569610011624
113.65225265648016
128.20944812379156
144.739776926185
161.64667897247415
180.54528091574028
189.61568912789642
202.90681737034348
221.10842256627882
244.55558096885116
245.95657982474984
249.02455397796513
253.66716913204314
76.45452184621517
73.05895590519
69.57345974830933
58.790200923640555
40.22195620883299
12.471345891498109
19.516097467079604
35.116738033457835
50.22196313344751
61.706549762169494
75.93315612635479
96.09050385731624
119.25551645618798
136.61405756484666
153.03204219972844
168.40695998801405
183.0629515255137
191.68354836333256
200.72535473217332
219.04928255660198
239.7118515588268
244.60676805240374
246.85455309655885
249.33828424411632
72.91356006550332
69.38079344968256
62.94645956799412
42.63040206160503
24.198242478944493
28.38873283152725
38.51279882936314
53.99205467107334
73.74559846213779
79.5195814655327
91.67911786932486
110.4545866659186
137.44332909606212
149.1322972645685
163.00343914996523
178.17637459029444
195.59278377567043
197.63016039688384
202.23147295704086
216.35506325843838
235.23312490997782
242.4513909830274
245.28166607492582
247.32849439017704
36.99107836227462
49.559377668776584
55.358487722803325
74.70939333891597
113.66528094181689
99.48154619416337
107.88523758884924
130.6129026642309
165.7455164735058
164.1685935878937
172.60110598953264
189.88286714605013
209.13432566417183
205.24068508301448
205.7226192330068
212.05300370745914
53.56607531252176
60.342410819978454
63.88220152552888
76.88971501312184
95.58328403650629
100.66629193731758
112.7258520881249
130.60168003733878
152.34152266043148
160.91505479069832
173.26906683444315
186.35342058935643
199.59361413206204
199.90579644524712
201.4402194258216
204.4999087989892
58.25269566176883
62.64191202905497
66.16441907368879
78.533546519991
95.03620753291968
101.92335747532832
114.2326768979044
131.97402816870584
151.63467952181824
161.93405419714438
174.24996570122516
186.8538928128313
198.44249438022027
199.7844534117696
200.81872817330444
202.63804529559644
60.80264847164079
64.24946902050189
68.12269651300733
79.80658918821827
94.7605639079651
102.88890140716434
115.4963767930688
132.93480754652856
151.19997377667667
162.5281356211016
174.98670572195482
187.10499519534318
197.5000560618444
199.50533955638136
200.45316389994252
201.71398788321042
