758.8441651628765
769.2695458952007
781.0222736018446
790.4054065756916
789.894314951974
795.5975202204213
808.4962006033134
818.0377719172911
833.2110800402265
851.1339961819338
859.1641501383064
868.1937921786999
878.7012193930896
877.1016733333402
871.1760362944085
865.3736828024593
749.4792329169609
763.7291928670022
779.4138097189962
793.5913182655099
788.0500129364301
793.6796218270871
810.9384376581187
817.2988145797607
833.3909303495684
855.7583165114219
859.7422354116993
868.6157041697327
883.8934373023257
877.8545772709595
868.5537071212945
860.3390724179992
731.0327579567761
752.4560141404548
775.427436981975
802.200153841667
783.8241724482914
789.3513700449728
818.1514139154807
814.5445278677947
831.9996372872268
866.1025465855967
858.8051872608285
867.270705279503
894.888734808135
877.2610449578398
862.0714446911786
850.0037921018786
695.7793862786989
723.8461491324365
759.3798102313947
835.5714489062864
768.6538642482012
774.4319406385016
847.3752105462016
801.9898716131361
821.9967947643819
901.081385557063
849.6805762789571
856.8664661121147
930.9700663797146
867.7448159958147
843.5312640497959
830.2873123945575
547.4466480061402
560.6476595882839
582.268745175298
616.6402035781686
654.3319303827863
675.0778147735497
697.0945401285063
719.5944755001366
713.5221622485863
721.069403178604
743.8776108281353
750.0813166651526
774.6278723054079
813.2744252840955
805.2499301854629
808.7896173637312
825.9850653726693
816.4799901279991
809.4678961889017
810.7125748642501
800.9584422953023
789.8000174937112
783.6462489020302
780.5594787207831
535.1540284053912
547.9507824992459
567.3429945136338
600.0593094322456
638.0354265701792
637.1048288014988
653.3947346249493
673.1513736392125
671.7098143285285
680.447719692967
700.717741418308
710.2984396647144
739.6910247542856
802.142068080771
772.3508656343272
772.4259833018875
787.6877695260629
784.0238818041909
787.721794434333
812.6006908413503
798.8997609503589
786.2835613741198
780.2201779306657
778.1500714132324
516.9605672916855
530.1786370338083
548.8906422783945
584.816937553062
654.4690318576131
608.4920894699551
619.3971113320621
660.7909029877172
638.0427751897192
647.7598645979543
687.0283538994441
675.9128092534338
697.2365906349223
748.3295797155077
730.7680437842706
740.1660091897477
782.0255093209852
761.8039567620664
774.6515641919727
841.6970298678104
796.7505595431693
779.7939563939941
775.0981800688003
776.2130197266481
494.6258822664729
503.61075702974034
516.0767771527157
535.5193252931655
557.7225666419228
557.2873435949141
568.1232239876173
585.8729842154079
590.092857941706
601.5861588428116
620.5485465621202
630.2911966846651
648.4556131549186
672.8615075546858
682.2252082357932
696.004047045285
716.624204819634
724.0011135814106
738.7616918912272
763.920163261714
764.3348063499492
764.4629729972044
768.3501865688999
779.0829485712852
535.3869525089275
526.4257991403254
512.5274771248961
493.1838127251784
481.47181874696963
480.9256885368822
487.72779885903833
500.45801626819576
516.7568772957626
515.8966990555232
525.3462264935887
542.2003710860903
548.3521336672935
561.269744385716
580.7231697297372
591.6370597368601
609.2768383454792
632.4790152507971
644.7580156809356
661.8392159097546
684.7746641945171
696.2744665907276
714.8366986764931
741.5784531290537
749.3713806009512
757.0763387660065
770.2212341506912
796.3453477470288
835.2725678064405
872.4180648007472
895.2427210105353
909.0853639155514
545.2340171738815
536.5854277371568
522.9493307255768
499.5640034181343
479.12651320624525
467.25377844361446
466.04198323035695
475.8361725167827
507.034101683715
481.4939083051614
488.09822380783197
519.297310267444
509.99037983089363
523.8815543937881
558.7997555658563
556.6801849882759
575.2554723918115
613.9268142221156
614.4592762775475
634.7344223617454
676.7810476603356
677.0634488730346
700.5118620057367
752.2988680510198
746.2383245024893
757.7046058932607
781.5661070616063
816.5695178495275
856.1051716113143
891.8078288072259
911.4768963646084
923.9139019381129
561.711729039035
553.1151920544626
538.776788894395
508.69658044343447
482.33472552504594
462.7184117299842
447.5088265569415
442.1362794310663
443.4003857708799
435.7883946820119
438.95298036390875
451.63609088390757
457.9925781797582
472.52651059925773
494.1636413942706
508.5192415103935
529.195735653065
555.8130422146896
574.0636808904841
598.242387510062
628.2509578241219
649.5285108383613
677.2680163065777
711.9234904938388
734.1416559104955
761.1712977188496
796.820511942465
835.0911597389627
876.2136421269557
915.6009694945427
934.9276252079006
947.4124575313958
587.426637668199
583.6594549853496
573.0355400077218
523.6483545934038
489.7775733137429
466.48938764061546
435.9086818059047
418.3375491039078
410.85823307509355
397.5176328076533
395.2266528199052
403.45255554341213
407.58976135378583
421.4913955804659
444.0461222275557
460.6492305353793
484.6450790285893
514.9964422035586
537.8697661343239
567.2732782244706
602.6777021693533
630.0318802883507
663.153439570889
702.247191193852
731.8036006331016
768.9841814273206
816.9135887397752
856.5147920849371
903.4106757370168
959.4085804810799
975.1138665428571
983.1450199095557
613.3041617585184
623.9626721147777
652.218205724211
540.7732399764405
498.1816926661603
488.96237052803417
426.55584315639874
400.2803786351793
399.12337042980755
364.71886013797587
356.0511058480751
372.4568460386952
359.9250912317184
371.98765962715726
408.878392139676
415.08839837797296
443.10678651063364
491.6394109862896
507.489756436247
542.8857776718368
597.5915456931192
618.0538759439636
656.3371660428205
713.6503487353208
734.7698882843705
778.5271814691461
854.2952887687841
880.1074953440836
935.6094547477588
1045.8573549553705
1027.5328412921908
1022.9478201463971
606.1671259966238
600.5634701666417
586.2307758382786
528.4572909122857
483.01717286710743
447.5312369032485
402.71118297495804
370.9688168978187
349.11511053501766
323.2092061462475
307.76848820326825
304.26761686212535
301.3260322598664
311.0966264121091
334.8366412676495
357.93905174350243
392.0357948319593
434.2207140212547
470.51484668804994
513.0345805660652
561.1271094031375
600.3886988528044
642.5255049503243
688.6391850128549
727.0759128184212
773.6586059585717
831.9817943952403
882.778694183324
942.1895017144479
1008.3089112344632
1028.6630395710108
1039.2170378731914
611.7782415348548
604.9320381276259
588.7853221255124
528.4406036322268
477.63820431941815
434.844377366982
385.09791256481356
348.0543705094416
319.818631268469
287.81693163316874
264.8576289437388
253.63332277428518
245.4645781066518
252.75478191004783
276.78359228189964
304.20268321924993
346.0246624124146
398.00089698802316
442.43980857508376
491.55231854928417
545.4543523162627
588.9642503179396
634.5515033895377
682.7979295124808
724.3129134616642
773.5748461303596
836.216699795247
895.6385276277325
964.1142148234337
1036.671683806486
1059.7974496302058
1071.539138180257
628.8361433951742
634.2091337937613
653.1176328331218
542.8743294793093
484.6051245400916
453.4033776566819
377.0352994533657
333.2393701615699
309.78395868776903
259.66159868757813
228.72014620827875
219.9604905979181
194.06296130346985
198.66827446677982
236.79755994594723
259.4226376404814
310.28185985140664
384.8747721285555
424.81723538325656
478.9291978933892
547.2433680995964
583.5035228511434
631.8155440046222
693.5320388300338
727.2746452012032
780.969569884282
867.6030350180661
919.9287301572741
1001.7913218130581
1121.7294212953416
1116.0417684705988
1116.665721272127
623.11256215345
615.4448551674133
598.134188252199
534.7465764093162
478.8175488459864
430.3415975240922
364.7359471248311
314.39183327644656
273.9053760370098
228.99416830006726
189.85020582800345
160.07316057022817
136.7853378168181
138.38781756546993
170.39992926145717
218.0214541742975
280.908201650139
348.9228605773959
405.5478098476666
463.97348374852174
523.5463018182182
572.732829830993
624.1888273163273
677.1190865178985
723.7991277179773
780.9285491094294
853.8717652986873
929.3774384345759
1017.9759191909321
1113.2456294671777
1134.1326503713972
1141.8513492659868
623.7634715752467
615.496316953715
598.1642470241281
539.1169435472715
485.8692911230612
450.309650684173
363.6953189506087
304.5485981955554
257.77160347477695
208.2615144384036
162.3898124765859
123.84434647570215
91.76515953896973
93.45225102442645
145.02975475830434
202.48521824726868
269.9183225572081
338.6674187071339
396.52530683544705
456.5640473024666
516.3030816385059
567.369695641311
620.8850826183346
675.4236215312876
726.465210914406
787.5633004317662
863.8525824686978
944.5058899427676
1041.7010730836694
1170.6076704277443
1165.4764489242798
1163.823878466806
630.7696252555071
631.4042792476527
638.5526107105162
548.5219741510604
488.0494477174751
446.9190063065309
361.54004426998284
301.3464196344781
260.9541084834012
199.82485012826896
151.89815658182485
120.17892001144416
85.89768899049174
108.44002010777164
168.3309280841297
212.1420422152474
275.2414577595317
349.5329347735396
397.5377108506547
455.5293618697318
523.5976741148356
567.5555427486373
621.7995245296887
687.197209158698
732.855763470647
798.4649437293226
889.432681280033
955.3475798106027
1044.1888253682948
1156.21604648868
1156.9941582205388
1158.152613542723
620.6331666884146
613.0057524717344
596.8984496336998
539.2326809345003
480.25456727622196
422.058411851405
354.16361778104897
295.9429176081269
246.51642967408407
195.84881246507848
152.54491741065198
124.90086743002556
117.56283680408872
140.7299653302008
184.01256378829208
230.68718141907212
286.4064191496639
345.88381420742974
397.8800144612531
453.8819413211153
511.5733495928543
562.5887826341647
617.4529223177125
675.2349921017285
731.3640864383639
797.7533061245543
875.5853415054768
950.7519606358842
1028.663920953176
1100.7583174564977
1122.6496981897917
1133.5050104329362
617.8830350494089
610.9005394841066
596.1089529903048
540.0916649273288
480.6256686994855
421.7415186416568
353.82308340042675
297.00687896338246
250.47786010344595
205.42415262315302
173.18780894931746
158.78640878551448
159.1079767180779
180.9582010426388
217.84977142068777
258.49093438111476
305.5301505831244
357.9211065287197
406.18166755142795
457.41666782156125
511.52713113597207
561.2407725560569
615.1259196302307
673.227550588574
730.1470509116051
797.5895037135098
876.3743535242565
949.7776998611561
1022.8734747137964
1085.9616585684398
1105.59712751789
1116.3118893851938
624.0506926600139
627.2307097052301
637.9856637406563
548.8904447276844
486.4117715491378
439.08137891838913
356.77554602892934
303.52048564550705
271.5104563482007
226.9518271025693
204.8887011576357
205.06871895584905
202.52950368200868
222.5529643336616
260.6913591495538
289.3636920401537
330.12105535219797
382.29260323658866
419.9504365317124
466.2143974889545
522.5850485576568
563.517879407657
615.1979200998546
680.0022284285875
727.8473370136103
794.9340683158428
886.941666038172
950.6113828422008
1023.5134281659409
1100.514819532188
1102.9624943896777
1107.0183191276535
612.9590731484026
607.7514698276326
593.697825944257
529.4340176189309
464.59324460882874
403.0393340442933
343.66613383573286
303.5486768938871
274.9635491531272
247.51239075243834
233.2365189899042
232.5539837269841
238.39782228362392
256.63125952632225
284.805045023219
314.65832591965557
350.9446496903809
392.0835643879097
430.7714292263042
473.1882416295823
519.0557549068327
561.8757679528901
609.7761189563089
664.1574883393117
713.578685390218
770.5061493342523
845.3260877568658
923.9678883133209
1000.0558972349277
1062.7394772781379
1080.6746393401158
1089.852495611607
600.3037764765869
588.5916167341785
562.5833546521798
500.6658603200917
430.165009133248
372.9947343310946
334.3708819187554
309.9306996186357
292.8751051672572
272.81772795866925
264.3986109141465
267.144605248769
273.60427472748125
289.984453860935
314.60888136558583
341.0550317642368
373.2264258931786
410.23581462584394
445.6534860913474
483.97566236748446
525.8808461941433
564.4864585463724
608.5030271337298
658.5499440106809
699.7393135907338
743.9911963531381
800.5681634070062
878.3014913939805
966.2481199943561
1032.5565692027842
1060.9171597100853
1075.0107066983446
386.2134396239115
351.77851898304345
331.7549226317907
321.6466058869071
324.01410065513784
301.1171962110861
296.72396711795557
307.73900389521987
308.4303712482024
322.8423076987299
349.49513370170524
368.04071591350385
397.28337615824745
436.11655459796646
463.5299218323528
498.68931841965144
541.9396397002557
570.8356091409919
611.0866828851003
664.2510040642835
689.4841911231276
720.38166595712
757.7364466728629
811.9206249526028
358.138951700754
340.17174849119584
329.57239801715826
324.2262963071625
323.816133901907
318.15387336605295
321.338809547515
330.4212480390562
337.17900515211466
350.57686456689623
370.7523044897113
391.3992806488812
418.60416832825797
451.0399703533538
479.9452487172322
510.80260128630135
544.1251849101961
571.6989302775585
604.399267493397
643.2415064587465
672.168657784285
699.3346391347299
725.3970533509959
759.0331931431161
345.08185135627855
335.62039913356017
329.77226957348245
328.1512210747647
331.60347778770074
336.7211657104564
346.96493024488467
359.9074397738819
366.3052253920834
379.0774029541358
399.74154047551997
417.6983399547658
443.63281050080457
475.5592687416867
499.6465446328282
525.8624845477452
554.2830190877855
573.5236854909065
597.1102675385679
629.216630817194
658.9056021353842
685.0847782640373
706.700395647137
728.420543517927
339.787479388562
334.5290221434528
332.25497467175694
335.71201560224193
346.25196022565507
358.28434585304274
372.46878296143115
394.15617228539026
393.57431127173527
406.71386656345277
435.6652517397177
445.588526845605
470.0424763405024
506.78761504297046
519.0906651907379
540.7449025097865
569.7134750706542
576.0966308489275
590.0428739429946
614.5064140922892
645.3146182699506
673.0027967283552
694.3007254105579
711.7460324370924
362.6902882881262
373.2198525302477
383.62074426300535
396.7578694570033
404.0282344266429
417.19872064734534
438.12997022458
455.64297096673295
478.92827869722873
505.98452380374084
523.0115970827504
541.1078332704911
559.8758536505436
569.0347318198342
578.8264420653518
594.5354590932351
375.3058324911009
382.79771460275
390.35268300296286
400.09733215323365
409.4703055753072
422.4062762801064
440.6948457386609
460.1533375953649
482.55610619006404
505.67844456499665
523.407405870306
539.2744043644425
553.6886585286657
562.8584443236886
570.1429709417013
579.4424037642447
382.19615539677415
387.4967476306414
393.8687137034962
402.49326010984873
412.30606385203396
425.1742533064054
442.59419356343255
462.2202588292356
483.9317629582204
505.34124590811194
522.8989788221801
537.7035470420092
550.3942587767541
559.2770299029593
565.6145348516818
571.6331152450531
386.05251737538833
390.4008125895262
396.32599333407154
404.4385598191977
414.3384127680495
427.1897629657193
444.1102734133346
463.51494436482443
484.62762256771293
505.00112670465376
522.2170286868748
536.3496919331117
548.1118046298163
556.6865460211752
562.7140446104365
567.4228488054093
774.0385685052968
777.0310881508194
784.6241271770696
818.0261328424056
784.1159833841131
790.8786250676128
839.8204240263385
821.2368736189737
837.6014163076964
884.5590001933567
857.0671018405517
863.2334705445046
904.7128343787157
879.2649467617266
874.254627670731
873.805613217755
771.9128126456022
773.8336322224226
779.2689374554242
826.1200261243306
779.6934044867121
786.5084792818986
849.7270870442229
817.1704754917204
833.7968297000181
894.7522394912239
853.4747704864551
859.5523936414728
913.1151617095117
875.1849036753628
872.1055776075469
873.5069358234039
770.0332133211676
770.1679409289668
770.9858165672663
838.460943740037
773.2811934860736
780.1671923350104
865.2795654926402
810.566562636909
827.5407496658155
910.4215554640219
847.9747605554808
853.9956043900847
925.5994809485939
868.4667182118735
869.9490568496727
875.1456314339993
770.9892020989613
767.5699297218778
792.51998204222
1260.7568960408792
784.4786175676521
791.9822062073139
1319.9873366350162
832.927161258506
852.2617017094947
1358.1168060847367
865.1084538626154
868.8081879404613
1329.8506135885534
894.0412258050771
874.1968489099519
889.7122995364855
557.5592675023873
571.6968777101115
601.7648104206318
695.9755771658105
781.2813770555985
691.9784187990184
689.0577602350575
730.7856973039048
699.2957490559548
707.0463731101671
759.9523371953093
739.0243001594373
768.1665037051583
858.6714459934636
793.5128663030498
792.0782527112401
832.2623965449545
802.9154826585847
814.1022019331475
922.6587132136343
873.1990626390573
805.8963705685559
784.717852567299
775.684097461446
543.6241069755406
554.8752090636767
574.333595698076
670.2432096199049
886.2349877510824
656.9843950818939
643.9353233747198
676.9717732661169
656.2569635850492
664.3004134070611
703.9384786495242
696.1499068168931
747.3853573158611
1071.909799393141
773.530145854828
755.3074544253683
786.785254754452
768.3429006585567
798.15714641847
1041.263567782605
860.9413068622163
786.3355184931946
772.7167922404594
766.7513981960009
524.0006917260014
535.2629698782259
545.6664095366824
617.5391447722951
1029.444356285299
622.5169171222844
623.9041461263796
838.7936718782393
635.2179194171399
643.2402463110753
831.3762815326412
669.6600578089667
692.6493025175814
904.2663209698878
726.0146654817191
733.609595428127
948.4041669192034
759.2676989262735
779.8049500515359
1183.4608202829213
816.4077847441741
763.7048150087311
758.7573113563736
756.4142504663319
489.85469771649394
500.33502776078484
506.39357201043015
528.9846725480171
570.4619804357004
546.66224438977
555.0983896740153
583.381433772136
574.1160229662046
584.6655627779413
612.8675542616346
611.9437506409732
629.7577577116956
664.3842384811205
662.5197671134667
675.7193519706365
708.1109949332171
703.4901664821987
718.9849929985714
765.042065605296
745.4433375160266
740.596028076547
741.5124986237805
748.6724413498913
530.937261719127
522.4364145273805
512.0001563901832
485.15610235544295
468.41802584152657
470.88274375016476
476.36154346405897
491.469260071718
522.845515069677
504.2706748616793
512.1310151907281
538.2275747734816
532.7282194482408
544.6723039947412
572.1212699292123
573.4451408250779
590.444275308971
621.8091666475203
624.6302067076641
641.2202367044265
674.0739777195965
674.6768435385359
693.071778820307
735.5898122478249
726.9974211483012
730.3258272120406
737.3992156611667
766.3276101371193
815.7908705532714
858.9117690541427
872.7057330242819
882.7528336370497
542.3837726422324
532.0708013475911
520.9557791419734
491.83719271412645
467.1400876147903
453.80747944652677
455.13910496905805
480.63568239653847
679.3556980385255
482.00895465327204
486.09611004652595
635.6477972249489
504.75866452206924
517.244971853018
657.2180710022078
547.910542329365
565.5782865021272
708.5124216782397
603.6696814814586
623.6279491965687
782.3163195759155
665.4134374223679
689.7001159005667
903.533194332471
736.1893701300617
730.4353962707005
751.0533210056274
791.6794582765455
834.3901879756131
872.8214707136492
885.2249701330775
896.1005344552913
566.3840205466985
548.2774392403816
529.972045023229
496.10155057193765
469.76942984611037
451.5009429047115
435.4679160606841
431.9857756764262
444.4295092764774
424.7817801716318
427.36527146614645
448.6343736720892
444.80261972608525
458.469889365711
488.48687337976725
492.88206036792855
512.520086571956
546.9864317126205
555.3107488459415
578.4504068921943
616.5528697029898
627.4712490290846
654.0480540115284
698.6769190421238
708.3867905862613
732.0543934899931
767.4577302672838
803.1826548005741
842.9357258277957
884.494706048845
903.1414973014939
921.1034510005838
674.2528622700212
646.7504329106737
601.6562564784987
514.8218265263938
480.0175105756044
470.6780946228472
426.0627889965987
408.57405095255
410.672913866869
387.4935992040899
384.72876098518395
400.891551551671
395.87051302734534
408.9891785321959
439.5944094155899
446.37685682837446
469.22777951864674
506.86753782316555
519.918006899652
547.9229428407299
590.1700960773572
607.8158002399203
639.4791654385826
686.2183647691479
704.9762551095504
740.766630012977
800.3450154157788
825.5715575989681
872.2580793694965
959.6735981072818
1000.4329473910832
1025.6726528384095
926.052841074544
983.623422654501
1070.4275986574082
554.5161927832464
505.31702857333084
654.0719623453447
428.50833943586065
400.6685173828735
505.9199520246954
364.33047688645354
355.5957575516293
473.7433246518499
358.61524205038023
370.155030266622
511.49051920884517
411.60047392918716
437.9282428552716
586.2217722032872
499.095002787857
532.5817928729526
682.9751809298334
604.1243103844114
640.5322809809911
795.9700398441195
716.3846072560249
760.2024255881
980.0909231121708
863.1192443796546
923.631460986332
1373.0544334003105
1301.5607868792506
1254.734419527784
691.9494266028354
659.7394851915212
611.4249256933653
519.2530730417265
473.30234095675326
451.3135884823046
393.52125173513014
362.21524887842304
349.26223511070026
315.5494701297138
300.39663070150175
304.9105368702174
293.4934140360931
302.7443218619866
334.4586477497044
347.7188352869646
380.29127998950133
429.2812634528988
454.80515744830075
495.2190837277391
549.1272846729859
578.3604885508068
618.4163161271155
670.3735410552263
698.7894109562606
743.6859245400774
812.5355589179395
849.2392975088318
907.942076718323
1003.0459472877268
1047.46906109842
1077.6594517749404
700.9583951620143
669.412997955634
620.3366142127016
520.8471958292381
468.9700137631497
440.60611325423054
375.7052710388644
339.41223393805717
319.0188325260894
281.0894711478657
258.8779670375033
255.27127562393053
239.56816755311613
246.28953491460456
278.1590322114304
295.62251567601606
335.9882618638425
394.70508351434927
427.7737514246471
474.206792597797
532.9362445579092
566.9399320926129
610.0494474899884
662.4090736631173
695.0801586822997
742.1653109739842
817.0431003486573
861.5558147590283
930.0148911506402
1035.7536146012978
1082.4181501096634
1113.9306036566281
936.3747342719009
995.3305189924882
1086.7576537501845
560.9419278216293
495.67587886311554
618.6958735129489
376.98721913581363
331.9857806196553
388.1003649555251
260.27600507235076
231.27919767313657
306.62246007191504
197.55817440061378
202.10821984401048
334.63362518818707
261.2836285376004
309.7657907842511
477.5521199212836
418.5537146922482
468.9101332741507
615.4270834227711
568.3534211388212
612.9883372044321
744.8272593306889
704.1040046848261
757.084536708122
985.2902264236936
901.9460033453041
989.8268594756263
1445.5681930075484
1383.1464464512217
1346.2764816379192
706.6375586967253
675.9833635938164
626.8360628724116
524.9939375270416
470.9632866592047
449.0085301795784
356.0070234165317
305.83658950932306
273.31690048835816
223.77478131022815
186.37981768205339
164.76969277725559
134.89307132567686
135.90642107708084
174.17797296291303
211.86072345057514
272.3781735655876
346.56719033287436
391.52593369126447
446.74922713557135
510.4411573050127
550.2615581725676
598.8004570859152
655.0700061388812
692.7193227704563
746.6529864006952
830.3404437058616
890.9661196222453
983.833893830843
1139.1447825755986
1208.914385749472
1249.7641539912192
677.2681224083736
651.6872500522556
612.7412399383702
527.042121176035
489.96008932994084
590.6630508969035
361.84280837146116
295.85633210376636
255.88464696984238
203.14677037204083
159.26121666162618
128.19583766764148
90.98370475906957
90.9480556626532
146.36654901431237
194.87182726975414
260.8618912698458
334.0317999143564
382.09999960664646
439.01055919510844
501.53998527252287
544.447300732573
594.9873561493555
651.5451278871557
694.1222868929444
751.4215455924938
834.8013198293544
904.7177119961606
1022.3312946277046
1455.5160876908544
1418.4228523818829
1394.3121041043692
786.5451972587899
811.8126806195683
851.9183596714583
546.2025535818174
484.70747644866356
543.7615894689563
358.61394098547856
297.71245007206625
318.9952803590125
199.98083871796328
154.48095144495412
183.78462166152397
90.35265914784011
110.30674971754677
229.26401552844663
209.6511041467916
271.1084861742922
403.96122599840044
388.50948697449854
443.17868500703736
563.679338816929
549.7579536540078
600.5987089495851
716.3984549525998
705.4496760934511
768.4985835132707
931.419660783331
919.9656954974994
1013.1595751922802
1303.3213222570278
1299.145784666827
1295.7867675002158
652.3544648047497
630.2861085765337
597.1545952039286
518.8539454505458
461.32801762862033
416.0105972921284
341.37912756857327
285.6208736299321
244.70425539533875
190.87153892262285
149.59636451818426
128.63241183993526
115.33503586045549
136.39813657844726
182.8004098422072
222.07250494546693
276.35645979165605
339.2340670486795
382.99973135962597
436.27033850301876
496.5460735028592
539.5686327785454
591.330696971337
650.9729524582817
697.4519590061136
759.7573351560917
840.9483656646785
902.7540553257052
978.3530804604911
1068.2207363735304
1104.5262499028104
1130.4686529853182
644.6533094269289
623.6782852832195
593.1206303000497
518.8083290448634
460.658171488687
413.24159159942224
340.381294163173
286.6903514746694
248.24089508578678
200.2529549099465
169.39422963730078
159.95495538346628
155.85587444934933
176.39628480274402
215.23061267518418
250.0478139510878
295.05723785588316
349.48067802558506
391.0651455035301
439.85733710902394
495.5884358978975
538.3877922895759
589.2777021597788
648.7156480038109
696.3218657803358
759.0388825079514
839.4891934457461
900.7205709708602
970.9335879904654
1045.5198720639225
1071.7784814614201
1091.1555943438848
800.81028543858
825.4551745435198
860.637140735502
546.6443847364221
481.18106702796143
514.3915773897176
352.04351418124065
300.02942236953606
319.12185349371265
226.43345639935433
204.86698869092382
245.9591886712103
202.6625029748299
221.29163334016943
295.26059468590574
284.60959283966537
323.3401390651718
410.2234069185049
408.8244293898608
452.9424314665784
543.1845311967586
545.4985542474247
594.9336878614404
696.7058122798072
700.8689269323822
764.2988965676911
906.4237983133144
912.9751254923307
985.484432019175
1180.6896533987576
1165.8900181746233
1156.9680549732125
801.6727917530604
802.5489459282132
788.3824968555595
562.8889591535122
484.2836429703935
433.1014197298229
333.2187319869818
295.0783080705612
274.5647232613005
241.5656267737776
228.0491987740873
232.16278076182417
233.26222072532863
250.46333789963901
280.8568662106534
305.1669535664873
339.70513923147115
382.5300750603976
415.5225815934015
456.0592111611313
503.92621560061804
539.9821612823137
585.5881473493683
643.3560888214897
683.2467138618185
735.5411164363478
836.9633822372643
910.5348075832775
993.5134590697371
1137.3485810140216
1148.5138562103525
1150.9394596875136
781.0400293970141
765.8587914779254
727.227532289066
544.611585620042
439.89856723471496
364.13093635466475
323.91980408631275
303.0628977309091
294.945264348917
267.6436376830169
259.0549126489362
265.8180485336863
267.71341365685714
282.94649611716625
309.16445466575664
330.94644594839593
361.39764059836375
399.6850101953422
430.3318107067209
467.0762683949901
511.01296340116454
543.5956757820546
586.1365357571873
641.4046539461095
672.2220476672026
710.4273729812663
759.4472658175417
856.8275492584587
971.6413195738899
1097.9657832570213
1124.137144944955
1135.5925058088965
373.96333157681426
335.06042505781335
323.88769818055096
323.9125041414577
369.26462886850436
303.72388071230097
296.0691797466168
333.6786602167997
305.75083001188233
318.36395200920714
366.25984296012285
360.393538036865
387.96709505979925
446.89671069683965
451.3489292184003
485.74380553324613
550.9137244019419
555.5215293881562
597.3323765648319
677.1952655163562
671.5173873675278
690.9348870113444
709.1055601787925
766.0583930404782
338.5858605152699
325.2202571402544
321.6159212333368
319.01294446432934
327.1806811020167
312.9264631467435
315.58052041116105
328.6432162155979
329.8074518348135
341.8058387815883
364.05944425874105
379.55449782512466
405.314369498489
439.9096676326006
464.08109502752825
494.10948243121857
530.8037510019029
552.5940622369963
584.7878278920357
629.890645009496
649.3905555296182
671.8049177203611
681.3794574839421
704.4799040583473
329.4590881400847
323.76573189240185
321.8426680627959
322.01238388197834
330.7083365355811
332.5099987356477
341.9689499171369
360.46657080434125
359.0137055906193
370.06827062519227
396.03955607083566
406.0861105537624
430.69557723723983
468.1069757228768
484.36871995912645
509.8998802428817
543.771957738644
555.306970852182
577.193527439467
619.7240570870383
644.86653839235
666.0392833121696
674.0979430692987
685.6568722446068
326.8413498153406
324.1127375274753
324.48799136094556
332.12422895999333
351.14384710577093
364.13924343434655
373.76445280222913
415.8283825174755
392.48588817540474
403.2770663943973
450.1440607017816
441.56013015936077
464.5855883251035
512.6742724900533
509.3880051302953
530.9897630840568
569.1804697337982
564.064870477615
571.6731316878139
603.3763677668838
636.5165771732641
659.8126641702939
669.2037733236724
677.6010584423537
367.6083951569245
374.48081699518593
377.5531220635193
395.41228900270994
395.43414361613486
406.9435580314269
433.26051990309264
443.42544757162545
465.4640392781422
497.44339393072215
507.1497883455095
524.8709386874654
548.4320762997809
551.748855567869
556.4594189926128
573.164040369038
376.6681583640908
379.8890187755475
381.7136722335163
391.34526701331674
398.6296579368892
410.1546498395566
428.2825887286653
445.494858683049
466.7253088769493
490.22741221277244
505.99324777091107
521.4393390473035
536.5624429271049
544.3565499384118
547.5475394510752
554.3652352955017
378.971869043151
381.17839409167345
383.1889276848789
391.78277603978063
399.5237014627446
410.8995963974579
428.28087407523327
446.26902155578995
467.54366717477814
490.2633390058249
506.38702068688957
521.2915086580578
535.3036438589717
543.076070858835
545.8373180205887
550.0177092341878
380.2918148938224
382.1171540932353
384.424035905703
392.2844458055433
400.2696749586907
411.55720183849604
428.4340064356513
446.8838353101407
468.1888049805351
490.3013370167195
506.62115669375993
521.0870187126359
534.2341312282045
541.9142395624923
544.7273917232648
547.7973939369522
