515.5638367585263
528.1940016541192
543.0465829321877
556.3363654027661
559.8192161636472
572.6497576085212
595.9242588671848
617.6389373925502
648.6241021674942
683.1437824089888
704.611525633527
725.7866724080778
747.1447809325423
752.0277119321446
749.911392692136
746.8939211915866
504.4290303182861
521.2750837784503
540.5441451617248
559.3580230269821
556.806184924936
569.6315644610868
598.2289499461871
616.4887803344687
648.9215496510043
689.1928006836603
706.2864949215517
727.6463667230062
755.0427704750007
755.0997193013915
749.2787812651351
744.3506941459957
483.0027733234089
507.64395547639623
535.156550283077
568.6254717222691
550.715680170016
563.5476981511246
606.0167239030208
612.8691174747476
647.3277618144609
702.1460102958504
706.3779443669525
727.8652801033992
770.4733743147931
757.3856369391744
745.6450425553769
738.321119253373
445.7770274595187
473.997846268629
515.3557481361826
606.7076619948383
530.9675059411614
544.3696545766737
639.5392433977671
597.4150010504613
635.4930596346492
744.5856265098755
697.4115175520344
718.5555368738703
817.5732891711314
751.7529709321814
731.5575376492936
727.1231474727209
377.66708099316804
378.4644034955237
382.4605210468437
392.5355508444333
410.0046389989905
419.9062533540533
441.08978101400504
467.56523183702046
463.25693549790407
478.9737809946209
515.3050817344846
535.1263192389242
579.306579238777
641.4691971389825
647.2379038088969
665.6484988282259
698.9407388407644
699.0274501581417
702.8169010699378
721.5176478633985
731.0662782538229
736.2064673645066
739.5089890531699
743.1148704805371
378.16121600892916
377.40101041947423
381.002404322708
392.1139583605734
407.0281636739067
383.469993073304
390.9834116597419
411.0189347971196
411.01038327714156
428.23865282219333
462.3671237657784
487.04439237489277
537.9766229885676
629.6283796632027
611.3699550484561
627.8727061649198
660.9108064555082
670.7150331886545
691.0583890961915
738.8502354859324
741.5599841638798
740.692837541908
742.7303732578085
747.6179989126928
381.21406511439307
375.76948795282823
377.08840954464983
392.38471069708083
443.67779545436684
361.39573853302034
355.3841775827363
395.21786320427503
367.9700119760051
386.30596082595486
444.02094302896893
445.11319312960035
487.86835370188845
567.4858560861725
565.8353556486902
596.002971489882
663.0225766732055
656.583220549451
688.7092406759399
786.2866463423353
749.355550176159
742.3184961138588
746.1339153268203
755.6898672994967
395.4356901128696
375.6960214971073
365.34048421149066
358.55281595281645
350.71836275871107
316.495210782489
302.20538708253883
306.46731869169713
307.23733565147404
327.1258745528843
361.9774395016592
389.62106415968896
430.77583488371414
480.6508468982548
513.9820091916316
552.0155516915647
596.564461369974
624.1168030936975
660.045601766378
707.6081149620452
724.3909984777316
737.330682019493
751.5624371119229
774.7391882530445
592.5086936993048
573.4920928717482
541.6864496346823
489.05875895510866
431.5867662656831
391.0527230564399
367.32621204666367
349.73793000921
331.22221090318453
290.49801693641325
265.0305880355564
257.59642796541334
253.11630970287897
273.16564542788234
310.19039209382794
342.06596138176985
385.98886016892754
437.6119697247757
477.6733755334006
522.452150856268
571.9019190143033
606.4655344878782
647.9942345436322
698.0344356444023
722.7768474183368
743.748161587716
769.8288260690782
812.1725111323856
869.0224529896857
919.653858030444
949.7640676295737
967.8093121232679
613.4900712944807
597.0066539327627
571.1440990916359
524.0526764220388
470.79456193149827
421.2492194790618
383.2427431197247
359.7250671867506
356.12232191660723
281.14351814586615
243.063807539786
239.43448445439873
203.33920517214543
220.5620043699343
278.1027497258328
299.0699634009681
349.12797578391024
423.77959970592195
453.76469200684284
504.82474195841627
578.8597869132642
602.27673621106
650.4699304112296
729.1221960367855
735.5799793574167
760.3036077465664
798.7868697363859
848.4431831099504
901.0432512197882
946.566097987338
971.5168883348857
987.3949539057112
645.4168133737353
629.8057606035165
604.9143442960135
555.7077930509139
504.3485877124144
455.09083805975655
405.71466771542055
364.0084927886726
324.60838077010476
267.89740858473675
218.3909570456998
179.1924025005284
142.68447870630015
148.36570145064925
192.34727042628126
242.03402355871074
302.48770454163076
369.8360290499437
423.64729470456456
481.0093941219899
543.5829234946992
592.5018407235076
644.0222311838811
699.8326799333992
738.2297504409793
779.3865526405934
828.7080218669095
878.3897080220851
929.7828526142144
977.9009739370568
1001.860095689465
1017.1058001256499
692.3750115622482
683.606265875328
665.0753708875668
596.2026339259004
541.6908419634137
495.03897243413303
434.55336439310054
384.0906710963836
337.60368120297557
274.4074977278573
214.14220330224458
159.46414412219988
96.1856254831949
73.22612551980777
123.41310521071632
190.90931984536908
267.78944797126667
345.3375582601603
406.4331889150891
471.9313425588049
540.8042793673451
593.7195446630219
648.8141324805058
707.3211695496244
752.1295952484966
802.1426401360416
862.356283261422
911.0816583928053
966.9375977385678
1032.94335228173
1051.8165651536492
1061.4852382432737
743.1225696333004
752.4895946147988
781.7808159297809
643.7830353631431
583.359826848213
559.2083772543623
468.5273604664802
414.0939952537873
382.20533049460835
299.95505780806394
234.63900859093957
187.41078653519352
89.89422495789238
0.8479631855078793
102.4194568738149
162.9999095533847
253.6054138171411
354.8953758599487
407.46493594082096
477.4697194238205
564.8750666830738
605.608380931125
663.5382054282779
740.4160639376644
771.9108806015435
826.8157614248581
916.3246294430617
946.5619444657934
1010.177592426862
1138.2820370274696
1116.752657861871
1111.4289389425244
758.4640839894405
749.6983484498334
730.0596906914935
659.0437650485773
600.8063323560167
551.2041160618112
487.8669468640219
434.6671581516643
386.7873793101862
324.5926209749719
261.75276626398227
200.66823345313475
130.0807971913322
79.6465602571431
99.03859985080886
170.69228346047743
256.04853009394077
341.05449830780447
408.8143548368528
482.81909651021283
555.4146691138227
611.9477891345805
670.9288061100169
731.4211400720088
779.5729065527828
835.1495363781055
902.0534446130216
959.0570211917907
1024.937946334232
1098.9259653199267
1121.8191498387823
1133.4937391894628
792.3239956012394
783.2458846636947
763.3048257894405
692.4887527361923
632.5780688705519
580.2096126019974
516.7768625588313
464.3500738724517
417.65601376740057
360.0588841227314
303.8070262048643
251.57993095445238
195.10658185681123
161.231657417584
168.8582046061694
212.45949806535882
281.16601631847817
360.76734577761675
428.89382656780475
499.1419019564777
569.681724175442
627.3060150186406
685.7751670122104
744.6607334934943
793.5401374034856
849.937198088506
919.6478163929044
983.7910508611153
1057.2414833608666
1136.571316274017
1161.7815096709553
1174.5134720667074
843.8180610001416
850.1012631191511
872.6068505110386
746.1976077911576
681.5127587193839
647.3246709610372
558.5825764276199
505.0463528321931
473.18184059276115
406.0432534540189
355.55480494413746
325.2587373141544
265.2151240001002
238.94204665974763
258.0637056994333
273.87459953989054
328.46614728158227
414.67352804516054
462.1921248193275
527.0010634640464
607.4419552981129
650.2639412331745
706.6359653447281
777.2382957067103
814.4715454222946
873.546356384214
968.1346774267047
1021.5974914728881
1107.9384049818057
1240.3963786601225
1231.646831458353
1231.4514884607597
868.2144717077589
860.8058693313407
842.962984176053
774.6282607979431
715.7820491326373
665.0808371076699
593.8267420512564
538.2986396973758
493.9967941466165
444.2490774961742
398.6702342686391
361.8413080610271
322.58033762244094
300.57745328099264
306.3845705617535
327.3712113591585
373.8265237471468
435.6122172552918
488.67787173118677
549.2787799306195
612.8193491927713
664.5349219494456
721.0346438816524
777.9962127039254
827.9345917815713
888.8285027099689
965.586402221308
1043.377124793446
1135.2602666401897
1236.95140977864
1258.630950764801
1266.1537800592316
896.9239961085306
889.7678125623424
873.1648679522599
812.2311525549171
759.4420204870847
726.9121586854229
635.7493274806345
576.3240209648798
531.9308359817821
485.55668208040095
446.0129073397285
413.34414594030903
382.5024770156839
366.24905688600086
370.62799992986737
389.81414329601364
425.75767293868967
475.1184951145663
523.0304291269201
576.0763840923087
633.8772710592019
684.887669127933
738.6744864823628
794.8292242822632
847.0420138154319
909.955227731112
988.3928771559384
1069.955601068798
1169.8671785997926
1309.8068036194104
1301.2425527440182
1297.7878795066379
928.203307509509
931.7905906808695
944.0563679436531
848.4848908354959
790.4441552048203
754.3901738849671
668.6642663354218
612.9946333414574
581.3730164308724
528.007142880515
493.13146867390697
476.5650460267535
441.62758258260993
430.9495399622179
446.7160481351995
451.74898446823323
480.57152001535803
531.8663114931684
562.2171272392787
608.0392436839769
670.3578993240774
708.4037870472915
759.5834914652906
824.9968153058105
868.6077157358302
934.1395522946148
1026.6821988108616
1090.6111004349127
1180.1669786853454
1299.9783420706638
1298.147749452343
1297.7729291807311
933.9637300365869
928.1850998900691
914.026953990922
857.6161866706558
803.3705406472034
751.5489263211055
689.4619338965001
638.8841404155175
599.7785963488499
560.2758015038172
529.3955442045079
508.500567061071
488.33093490166357
481.50352075490855
487.8455857537219
498.7862007508567
523.5325183315692
558.9667743778032
592.7671281692736
633.1032791311565
681.1120400224305
724.0072665932713
773.2601337562728
827.3866783317061
880.232748128093
944.4687720861571
1020.6284027015222
1093.424701216907
1170.1508793621604
1243.6247326389441
1265.560991711937
1276.098076813472
944.5434301176695
939.8148102503417
927.5251249283635
873.9926020593612
821.2060502080392
771.1486588714163
711.7659234463347
664.6167692743841
628.5886186296561
592.6683521820194
566.2086011068898
549.2242582378487
534.1813722142593
529.4972005309368
534.7206825699631
544.7706956881804
565.2215184514016
595.0919118351702
624.3905930197071
660.0994138778824
701.7083747768945
741.5985183327325
787.6865110870798
840.0052604424136
891.6310427290231
954.7348311607559
1029.4848405364817
1098.9789308699035
1169.6374241974618
1232.8002907963225
1252.1404912356259
1262.4433629826856
962.6377786581203
969.9547352769616
987.6653688623451
896.2328215563749
841.8632644604616
806.979766074751
733.3858572758443
689.473725128762
666.7577044797723
625.7878647440252
603.492096497198
597.1262316886988
577.8851100964262
574.0926255620517
585.9677812590007
588.011317300044
605.5026101871504
637.7391070556401
656.1565461085829
687.8961919393677
731.4746375468088
760.9798769533345
803.2764533836917
861.0595205147912
901.9209564812164
962.7014985473542
1049.182042309501
1106.3195771591154
1175.7025585762688
1255.0564498952708
1254.707316789138
1257.2433219002676
957.9855301136389
956.0321309626439
946.2933977965206
886.4269269274401
832.865074024896
784.2401336240706
734.1782585949917
700.9181964711698
676.8687594422948
649.8379381725166
631.7405272213227
622.0085386408089
611.5816745417276
608.2944226280412
613.5931443090808
620.5810095866586
636.2595777510585
658.9407484113999
680.8976372794684
708.9563072338386
742.0529230003797
773.8169983655066
811.689134770569
857.0434915625601
898.8285679879566
949.0053872598542
1016.2975062548861
1086.691671708637
1156.846285286375
1218.0252239433091
1234.303899874412
1242.300832752929
949.3820082245609
941.2902353133384
920.9930810727084
869.122828849848
813.4517782700236
767.2082654164439
734.1189528200034
713.125763120409
697.2604574124015
674.9513238616909
660.5151628548646
653.0335729262016
644.0822615366728
640.7668896867314
645.4515145604671
651.9730645736568
665.7592233576185
685.9477240796574
706.1040886526253
730.9360160620292
760.4451419678381
788.3786319086881
822.3270448781491
862.9194666676409
895.9741402776351
933.0448578659386
982.7964728679124
1051.1597578215758
1129.351065287521
1190.4788323863625
1216.3821709877518
1228.9965806006446
783.2226486908364
753.706486146455
735.821203955391
726.6778804225038
728.3046812989173
701.0406393918627
689.4531059937341
689.9570332120854
675.759107802297
672.6137819888818
681.7321647255847
682.5573529277372
695.031545892389
718.3130368416548
731.5701866868918
754.3303582644135
786.0899163391985
804.2981241441214
834.7959620514556
878.1710629653469
895.068071126546
919.1057356922345
950.638179067115
997.8125121292658
761.4751278694924
744.9369067704988
734.9002115480097
729.1597016134789
726.0901146948623
714.6718557207585
709.4324641467435
707.745153658183
701.0416950537608
699.1838662089107
703.5477056243068
707.9843411534616
719.6424574924584
737.6080815884703
753.3180240965921
772.8805370603505
795.4466769419221
813.3752732927327
836.4052784442795
865.51667274171
885.5880187348093
905.5357132841995
926.8203070263107
955.3443707951241
750.1818140960825
741.1302132331587
735.2212470533017
731.9649198375498
730.7383851675083
727.9986681177097
729.2366257004174
732.0550809642399
726.7509292773201
726.236169988242
732.7399679387859
735.7675051524379
746.9743024816227
764.751201842616
776.7044289410834
792.5512253257662
811.554659617082
822.2675668669359
837.1988126947534
858.8638165274469
878.922777073976
896.8458464829472
913.2581236877191
931.281427398907
745.4096144958327
740.2118712141693
737.0920456837408
737.0663891244191
739.8937477683573
742.7103369678655
748.3989512258818
761.1080664610525
750.4806047541477
752.00933559119
767.9043720783898
764.224308986712
774.6219067617228
797.416408901626
798.8385790470384
810.8393963727397
831.5066730997088
831.2625972501324
838.0728701693262
853.2626749700155
872.2966203791333
890.4371030098422
905.0057394011332
918.5595756120794
747.6596261338389
750.3173172499793
754.1443513469908
759.6559992559778
758.128597813723
761.179282449497
770.3729446160442
774.966575896123
784.7490649059157
798.7265362244686
805.3184019467146
814.5802406408405
826.0381355493031
829.5939923909741
834.3486664957187
843.3688966061686
752.3037997386964
754.2598226182553
756.7440651119107
760.1011300763529
761.6071925136664
765.3097461965482
772.7239155404292
779.8732967086527
789.1905001308631
799.8265802424527
807.5051352331146
815.1975563249586
822.9104387584619
827.1607950228037
830.6935970440633
835.8370696903905
754.5134450349118
755.935440965493
757.9792548259258
760.7746061947845
763.2183853710542
767.2476966332309
774.3468209779357
782.0862244238613
791.0638371009683
800.4436749541273
808.1614856095558
815.1126834897602
821.3981562269558
825.5978594118659
828.6958129556268
831.8842762119075
755.6908249046495
756.960623302767
758.8276829729701
761.408195407495
764.2946449565454
768.5587744435355
775.572133857612
783.435495622766
792.1393166394103
800.9058196029132
808.4092215092376
814.9294615575833
820.4279381910865
824.4767026049391
827.3744022385545
829.7848052361365
559.6783374746004
563.3523094275473
572.7285909751046
614.1119625184825
577.492234579665
591.2223661181712
657.1585367477957
645.8790164297657
678.578833012759
748.1693260242658
727.4058523103644
745.21489949548
803.1988137698722
779.421995885216
775.6048947445569
777.1645875174064
557.0986248903297
559.4291469750099
566.164350635556
623.4692077051827
572.0006545016021
585.8795276941928
668.8332678342608
641.0039003268337
673.9938701031665
760.300978764879
723.3007425836206
741.2317033733773
813.8780947188166
775.5621507938095
773.9559913347845
778.3395400429343
554.929143165307
554.9078558367116
556.132716287482
637.8499399615097
564.1258959388767
578.2077124268724
687.2415749339195
633.1092697916761
666.4843135627589
778.8937210123393
716.8992710892817
735.0545884420463
829.4966009751759
768.714230689248
772.7194563800359
783.152000765064
558.139169035344
551.4894180350898
580.9847866283181
1137.8532369601112
575.8171556229171
590.8733413411693
1226.3092554947602
659.1686179112378
695.888687536271
1312.145216535686
739.0899531864786
755.5048664105623
1314.962317679256
804.4059767905312
784.2408183339119
812.4033260790591
406.7540752064314
416.43138849828193
440.3257774584467
519.5148209671434
585.3213582757526
463.3811458581272
457.79567913903793
507.1568186574839
472.51785828603704
488.0199294832195
559.7257059806211
547.0180907530622
596.0616513020186
719.4869058091449
656.6062381292048
668.333508210448
728.2215593857698
703.8014460130252
724.1587943264879
874.0887119661049
843.1490819858749
781.6184186830847
762.3537619741077
755.3445895003894
397.35108615011524
403.1580715925812
418.277363924051
506.95229992851665
731.3001211170318
431.36597793856737
405.73654905323156
442.01373312951614
418.9360678163343
434.9194304319585
491.69435398096283
495.3240450219874
571.5957339806517
974.8221989516154
636.0206512572036
629.8785849348034
681.4471948949147
672.5911394603277
722.8227710285644
1035.0290917506577
839.9857927863115
763.906547576434
751.8746918270562
748.482397431182
387.5828439836823
387.85620000174475
392.01592829622615
452.49532064894265
913.107600758857
402.8637905502045
386.6359154828737
633.9186326269611
391.07572057175923
407.0821911113536
641.8654531969003
462.8593672597711
506.81160112061195
777.0449901316161
583.1207894696037
610.2367611642796
882.5036815643873
674.0078091586655
714.8463988844377
1213.2618747330603
791.6565203449795
741.2507707309267
739.5159275785209
742.2691957294101
388.5346776572756
373.8391742116576
370.1840162498481
369.7942539685703
386.7963520856775
326.59621122957134
311.6669529682461
329.9510353353499
314.8567975203704
333.3371420301476
378.70143591078147
393.01834952137705
432.8610476008004
494.1615449003435
513.1737898463169
549.6201757843221
607.2667656075805
619.7324527191338
655.8506796312162
727.5352977858029
719.9892746985929
726.1936722168388
731.6047912619099
749.9843886616108
598.9591776239308
585.2803273882408
566.0532349593915
504.7207806008978
430.0492751478752
382.21431122441044
368.22227435394325
356.2696401564325
357.68207239206924
297.9139225824671
272.58778974703745
278.46746089297807
261.3710540617735
280.0226939115865
325.97264145286
345.656547209047
387.8970036757301
448.3776627379231
476.0900265089978
519.272511043736
579.5136424624676
600.2485826149255
640.8477285571569
708.8401752242659
713.6682797807022
728.663296475613
743.9509524031241
793.749813114124
866.1424043824646
923.6687364520623
941.4063492806043
953.9756092591235
617.5122290885798
603.1855505419467
586.9401512961226
536.9270158206759
479.1749055778509
419.3614166298418
383.3453134652381
380.89562736122275
578.3900031282058
301.34875015898
262.6177221331741
402.0106579381108
223.58738340298714
239.61405943124288
421.4310226891006
313.93260390768364
361.7569092153575
559.3359044445987
462.7655793105032
512.285148746604
723.8993728308229
607.2127429359917
655.5783140525601
925.7985048275419
740.5075482087309
744.4292546458211
779.966163692935
838.6544745662644
894.6689361511869
942.5799989256117
957.660581114456
970.7575582287002
651.3968819946886
627.426146451492
602.9079479924071
550.33537396837
500.0857672624649
453.43047116627685
403.44705708045745
365.6536623690948
341.3791707474518
272.7987999982173
224.9030310517794
198.33887879955418
152.11160254434435
158.57896652481034
210.27059400572742
248.24689208794913
306.4721155316635
381.7454502790954
422.45020025382473
477.5618940288992
548.7197266112111
584.348546519275
633.9237968099391
700.9671040491194
724.2611336819795
761.2267572267407
810.3580669665791
857.0790423970312
906.871796968729
957.3992873395911
979.6706121305077
1001.2282103769128
795.4382954268494
761.1803521754708
705.9372191030736
593.5042277814192
538.5701368994532
509.0446043867269
433.0381587205011
383.99885675331524
350.5753239630084
278.09691254819387
219.5376317368678
177.26213460015688
105.97000531197607
81.78481562599198
120.5551403498085
194.0898537153735
272.2485827587882
357.17728479994844
405.35500912943485
468.0670830716004
543.86802656135
584.6526229443896
637.5836307821032
704.5508765185756
736.3916432650863
784.6014380914886
858.3287406542099
890.5106826336759
946.1727819060411
1049.1729362383614
1097.326042734721
1127.2281162187974
1115.0553302771943
1182.7778657166991
1285.1520873523018
666.2879715325535
598.7301384426196
762.5458090839929
479.1064261290112
424.1058088270082
519.6152955377959
312.02391959610736
249.12985405374528
325.3125694929164
108.29605965325739
2.108926113419319e-12
224.668138712852
158.70441273464144
267.28576073753305
486.39074913994125
416.2956825861015
482.5894831460882
682.1065609138416
605.5378748426879
660.8206318734842
852.5755297656956
765.6756340417071
820.4508335784136
1079.4489589803957
942.0807173481584
1011.5745281861232
1541.8570548922442
1456.9708847131024
1401.257473053817
860.127570947674
821.9161330286802
764.9425519799172
653.6302872288074
594.7961706311132
561.4148697050382
483.8521979429686
431.8841701236177
395.6659566053003
325.7265467332155
264.5096737735492
216.0907618239683
137.871620517007
88.02527389720404
97.148736274989
175.20456769262515
260.9292762937839
353.1589936142615
407.41925752882435
478.15675790817494
557.1256423966961
601.6505878828325
658.0016080473687
725.1176575178564
761.5916255144147
815.2148260724157
894.2807308625652
935.1128994809384
1000.5833100598433
1108.585155055383
1159.8308677971368
1194.6681260202722
899.0463762964272
862.1324931294577
804.8931915359486
688.0973265452362
626.926108029073
591.3423331375875
511.2072620611154
460.1701328368742
423.06277698831184
359.7004097160815
305.80350435576275
263.6731478997785
202.0271870983511
170.14178430503614
185.9579738794398
219.2069354913584
285.1985215539164
371.75744481016363
427.0382032702878
493.8174567840175
569.8051077260958
616.2922133634368
671.7826187295061
735.2679816031035
774.162280864974
828.1891317479445
911.893375440613
959.4136045573574
1033.1268363704714
1151.3482962208273
1204.5904013529464
1240.4495858158475
1211.4670960142528
1282.1404254259248
1391.2938605986403
771.3297639410213
698.4143811954816
846.1093650518563
562.4125294877575
507.9059159713983
569.6001629013346
411.6672804417575
364.59607333148426
433.8386052630446
278.10993926683483
254.37885433167665
385.01854122843275
289.51873680103097
340.9539434936416
536.0356546641718
468.5347201159545
528.8387257864447
700.3132573435756
646.4503937748295
698.5227772213827
850.6271142499775
801.7713213089132
860.2197825445078
1120.1667072938324
1015.8625005337515
1109.5132024551212
1639.347066767164
1563.9079996591365
1518.8031844569832
971.997179931719
936.8714941205532
880.4052332412921
766.6805472982259
710.0232649038982
689.3623242048079
586.310029399698
530.7170599776153
496.07949120737266
440.8390947607683
397.12081127723405
370.9309573975147
324.9291311382134
304.3695499768308
320.6801046474769
330.5869780976304
375.1334885698538
444.6733911876979
484.78488146887685
541.9802919808699
610.5639997518964
651.6755126144797
704.9559067397867
766.0233146082179
805.7297112748444
863.521748772198
953.0264060694149
1014.640279491295
1111.623051587339
1283.4353963121482
1363.2201575591064
1409.8933530154218
966.8779286775234
937.8752935013696
893.5472044396788
801.4978713987159
766.9343141264069
892.4963266414169
634.8837403887816
567.5588403979368
530.5927000233877
480.1895162629027
442.8210370450559
418.21308700143226
382.56526035433654
367.6364179204517
379.84964662527585
390.9594711447628
425.2589604804149
479.85825269965227
517.4858993844357
567.5570305294764
628.6771687819194
670.9040022496196
721.5522266257697
780.1498857519867
823.3558713333326
882.4583096772059
969.3825460879953
1039.7726846408166
1163.3723758388637
1662.8682919221944
1617.1329556375463
1587.3033696077546
1119.692697774906
1150.7870297397687
1199.2953380510883
848.0428448965292
788.2984483653328
867.872815684618
665.5829104307513
608.9327378832824
647.9311759202739
527.205647063837
494.56636650734436
547.1552420829768
446.34508114875916
436.8593848353833
522.0176858261665
457.664986985886
485.0384754234979
602.7967799561281
561.8091260380802
604.7567912532141
726.7662437326155
699.648537885259
747.424757797583
870.366157513159
850.2910012011403
913.3374901802199
1089.038231594502
1065.2866354119415
1160.4165893384766
1490.5115430779215
1484.001291472979
1478.6846324793003
977.6923223607022
953.4850439032294
916.9096917529646
836.2476781967576
783.0366029987367
744.7639895046918
674.3226095871647
625.9851117464608
596.1484854123216
552.251713831835
523.2607240024693
510.14179569759006
485.1155658498694
479.10138191613424
492.03786867411037
496.1259407754775
519.590710190462
559.7029408479154
585.0244310752856
623.1227446011527
674.4973978553038
708.9684654663788
755.1629439625572
811.8605155574209
854.4690677158513
914.8137164057251
995.2403025127043
1054.3795036361732
1129.2105330588852
1223.2953924481885
1263.045792752534
1291.515429675585
982.5235992395253
959.7550292937788
926.3755417094218
851.2603184607603
799.1882602927903
760.8753569579425
695.2677979171642
650.9156889997915
623.3400435215812
583.8149003950882
559.1220818892835
548.2864233316637
529.5620267487199
525.51850971981
535.3992879625138
540.4754189777256
559.9233517853562
592.8468892944387
615.8169928880748
649.4680154405239
693.3534238044673
726.2245606398363
769.5055062608409
823.5404614995396
865.829466063415
924.3057544742758
1001.3940783873568
1058.7498466371921
1126.9352575890769
1203.4680537318923
1231.7712575981566
1252.6894254379163
1178.067128122097
1209.1930846148373
1252.9528196097044
894.2723901073256
835.1876950482199
893.0990837785863
725.759103982
682.7356866167574
717.4127640372836
622.2051319888284
600.8261893059102
640.4896257457087
577.0333865006097
573.5945076218346
626.7259711736045
587.1406943914951
603.7521618682745
674.7551045294384
651.3725434825783
681.3327423816147
762.286085120089
750.357128700858
790.6041315140349
889.0594232103734
882.9050847775043
940.279240584716
1084.206805122488
1077.8015601800064
1147.9832852477696
1367.5576361841129
1348.6616789634888
1336.734238211791
1182.9492066988741
1185.5833672219649
1171.1045594164214
917.4660565188312
847.4360079932031
816.1266165568237
720.1364021191578
688.4823639477543
673.368456416246
640.4577151186132
623.5356903348007
619.6773676775405
605.2960928471593
602.4360657510658
611.7836424376972
614.3117047615859
629.1810462166313
654.6539802472256
671.2256232038695
697.8393495672703
733.6002584229949
758.6929771194208
794.4533308780506
843.7018528213027
875.8448227756005
921.934360352224
1018.2887973360323
1080.102083027742
1159.2933600383346
1318.8731415537839
1330.4817211186278
1332.1936490273497
1161.9070160912365
1146.4375618547515
1105.2957616006036
909.8437533699367
821.0439224262695
758.1483526774163
719.9208643667818
702.4324889826796
695.8273917908955
666.4429213333339
652.3218750866698
649.7128414456234
637.1878534928193
634.1350551570079
641.7981411975065
644.704678104571
657.7266999654172
680.060294143303
695.9827206160257
719.6609303595138
751.6821894748422
773.8679683965339
806.6159698594332
852.6207603855067
875.6234296044036
907.1071683479715
952.1953494081122
1037.9755433196544
1142.8686387811
1276.6490142457685
1304.4421028041215
1316.2857114715994
770.658647078573
734.9047564206057
724.2103483910921
725.4302398950744
774.4506323950479
700.5301061642826
686.2763758710814
715.6683276436479
672.4149873898991
668.7560006967925
701.0254752833508
677.65383141502
689.3808667670396
734.0618145369075
724.3579186934769
746.7324061001227
801.4455633025931
795.0747437652208
827.2732773853082
899.8042429502115
883.9448815598686
897.0290422491101
912.6695965990567
963.2568623960623
739.7452070970762
726.6256804411559
723.1945432439543
720.3959859107033
726.3953747696611
706.6053669101238
701.3086435372312
704.4799223596603
693.2156247925996
691.0580076372072
698.5661626611869
698.7011430073522
709.739482331859
730.5832206470711
742.1229914959163
761.2610989010735
787.5367586946722
800.1152579408636
822.6445845394204
858.1702141805193
869.0950048626551
884.8315486713944
892.3926042163658
912.5782869459446
731.0559961079642
725.4282551785609
723.5977212151337
723.1081331453264
727.8827785164663
720.5794090947805
721.8620426983124
731.1067391836716
719.1750648961299
718.0739385444851
730.6067637486639
726.6088193576674
737.2156665544192
760.7777019073164
765.7669939904675
781.4319962067476
805.9540270242121
809.7810328258665
823.3989251772776
852.8140954938622
867.5640216958508
881.2468577166584
887.194613790994
897.0522929159112
728.6164889259101
725.9400917613962
726.2457177490006
731.5564894142058
741.4161419668484
742.8704346070328
747.5483607007316
782.747598947344
749.1210360084699
749.3338957873211
784.5702015513878
762.345034600739
771.9685186628642
806.7366660163179
793.0750297044876
805.505033676465
835.6712543725226
824.5182882492103
827.7703010428013
847.9431048088819
865.9243690845225
878.5619868468672
884.2891923436313
890.8217071189327
746.360329828253
746.0078552223505
746.556633082855
757.6043867240209
749.7164347616473
751.9530892462993
767.1145468240634
765.1733218190834
774.3545030677235
793.5001479836466
793.5531401488049
802.8829048086692
819.2460673204172
817.5541229350882
820.204362499801
830.941885787484
747.1111534147796
746.9450779797029
747.1641181667447
751.0954645670301
751.2087130215825
754.2418042234865
762.169488928285
767.6943494321899
776.4583819949951
787.8903465785912
794.1504036876395
801.8161592072585
810.5003783849111
813.7221614604529
815.5083547547646
819.8090449311939
747.2331131078323
747.2881447287687
747.7571047908706
751.0274480342013
751.8212152082001
754.9263679187596
762.2895851348324
768.5891011204537
777.3566840824552
788.0179257728971
794.6917441804283
802.0160238777538
809.7896098164135
813.1947093392822
814.6458130443007
817.2005074783879
747.3871807296907
747.5795117574309
748.2279178975347
751.0551829253411
752.3070400200116
755.4949140101612
762.504405972238
769.3078713077053
778.0740547714294
788.1724624097204
795.0916349452898
802.1288596730776
809.2121740951098
812.6876164913828
814.1118332184253
815.912754919746
