421.27412650387043
426.80931783078665
432.82750917944037
436.00115402569855
430.69321545613366
429.9156717596496
435.10992487406617
438.0674269224111
447.07104076695896
460.191822885284
466.83657803302486
475.2666142432596
485.44722932260765
485.96527463856614
482.74149375650336
479.3853791576511
416.4615165947458
424.1525110530937
432.92086830347074
439.57022546897707
429.9560330102014
428.83120964200725
437.22247328547417
437.4819596935525
447.098447980611
463.7769583930399
467.31458960542176
475.8212628215036
489.95913120483806
487.185383772883
481.4360669681669
476.53949472592234
407.08120260840667
418.1559327381495
431.7834653592398
447.86513461231374
427.5377392916164
425.9649909422678
443.1437163064301
435.2941607094102
445.87394745779784
471.88501737564184
466.6368552790732
475.0901123605563
499.24985130650657
487.60556591138146
477.6338179106133
470.6936571248634
390.25573759958826
402.0296707160769
423.09656790804877
476.8950203657675
417.13666951545065
415.0119311975171
466.5399780003674
425.3182060899547
437.77829255661584
499.43527875441873
459.57405222655507
467.500222450969
528.9006534135415
481.87318347670345
465.9039717322646
460.20017175553755
359.14153884498114
360.1797081513732
363.187205485812
369.0895053849115
375.0153493447981
373.87364661589396
380.2902507900658
389.0508427828376
375.90099601619215
374.01106112853756
384.9855175317367
384.2138253771751
400.0616416907063
429.82111715459337
424.69995418086154
430.44296190238487
447.80601688687875
444.2733635130917
443.81190947258784
452.766069633651
455.91558866115287
457.3051625066877
458.84426027091104
460.86149835776087
358.9009606245257
359.29801735518174
362.47927375400997
370.42145388869034
378.8522042758372
357.38615090259896
354.4425027017791
357.84309028491555
346.0596284165824
343.45175557227833
351.310886230493
352.76049391571854
372.31497739498855
420.9878246394203
399.23454979574495
403.12885066509847
420.0638978694057
422.7515598996378
432.9600052177802
462.10141985506567
461.58567823156676
459.7581013847521
460.58067917188384
463.47278164174475
359.77708288801915
357.49989665531467
359.6625825867229
371.2074508040976
406.17787288483225
349.02758777112416
338.65798589075894
355.31140080139096
323.7561136876776
319.80248712526816
341.29398279363977
325.8943142108168
339.0373759947345
378.94362619616487
367.47561964548356
379.86927720575477
419.20506821781174
410.68837312422613
429.31441469918167
492.4752549293035
465.99208552908107
460.2555499089271
462.24519755369215
468.8149041498997
367.4736265284089
356.0437734098737
350.8312193027468
348.37824413742743
345.3738488263793
323.30449228965495
310.92951144930123
305.66728661461957
292.1568203442321
287.18924650541464
291.0141599116517
291.0759998478468
301.56910401204766
320.7414326311472
331.42822094672294
348.5955631873637
372.4753341383641
386.7970694893004
408.018267609558
438.16779781742815
447.9388273382608
455.83072092739275
465.6567206558054
482.50740934333345
498.56307804740965
485.82055932966585
464.4214765119349
428.77661876160283
390.49030689844676
364.57613669275537
350.74820550994235
341.5467493108417
332.41303008176055
308.595536882823
292.8212642377926
283.7318209582616
268.21469349281057
261.0691756390027
263.15451654263063
262.7774721596015
272.6408063324604
291.3682450115984
305.64495140040543
326.77126100919736
353.7969091065399
372.9812644272849
398.00713240895846
429.8328641974115
445.39941911281176
459.8069792513163
478.58169878237413
510.93005183000446
555.7790169969221
596.0140316301433
619.8587498715766
634.0914431404957
512.5309341535533
501.47011988091333
483.96580029564876
451.91420871801125
415.7255332126629
383.1680499116366
359.82227481105895
346.8796563430855
348.54079894743467
303.4798602421619
283.07980780182993
282.31837945445744
250.78172860178
240.41326252562428
251.4556105167299
239.10858668386768
249.3074667095901
281.02708568581346
287.7049515716215
312.8868749630767
356.5819119115069
368.09160312559374
397.42873764785173
449.30688813745104
453.5440791160809
471.2557618925513
500.1719275930313
539.1193660768229
581.1320456562905
617.310975032187
636.967352719321
649.5636571165946
533.878399121494
523.2736107696876
506.52951709648454
472.66932468051294
437.41909027168555
404.16578742671925
372.4229759352608
347.53097466316564
325.6114178294824
293.84651171888834
269.02722297882957
250.82432971449313
228.1473227363219
213.86938048718545
210.3974393367787
208.3789181657157
219.5944425156699
243.09199701911686
265.3165008085487
294.8434699026813
330.338430533851
358.5949857152142
391.11841943100205
428.3399134823778
455.0256794795349
485.17768514466076
522.8827770862534
562.6350647560881
604.0059342581876
641.9012626021025
660.8788624354506
673.212695016058
565.6827470396563
559.5356401275409
546.7009260767289
499.17884586652036
461.05631453048414
429.03986038409846
388.7391251272405
357.324871869722
330.53608522826175
295.22166142533564
265.0019234784856
241.00575033728518
213.57939390672263
194.53794243908047
186.93946698844616
183.30045892798563
196.23666023717
223.67804371960926
250.77795852782205
284.9883440539082
324.8358599209066
357.0860400120356
392.90892930197253
432.68231908974366
464.4274006669305
501.8817557324915
548.5204041565916
588.3409442982181
633.7113038575649
684.6933715578782
700.2088846322467
708.7707545594396
600.4918615917824
606.468738362209
625.566555837444
530.0304266160539
486.7360317827947
469.1772895874716
407.29408963734073
372.2647714418142
354.33438434584184
305.3114532985688
271.6576681599958
252.81542038403387
208.88664189070124
185.0053545295722
183.56877216642306
167.1501950232815
182.4444690834874
224.45560615778956
245.54926702884822
283.87248650553875
338.0096901379724
362.9146580395959
401.27375317487986
454.7105843344242
478.4209342948166
520.3968902725534
588.7764237988674
616.7645073397174
669.173249421803
763.9581053757621
752.0009356317131
750.3869338661498
611.7399137535083
605.1830824823685
590.8303281559146
538.810757476958
494.9006352774487
458.49878910676404
414.31074026702476
378.71443823591676
348.5159736584912
310.92618806642093
276.04121840912995
243.87047804445695
206.24460538875366
177.14034613309522
160.24893027657447
152.48220020935057
170.02369022195114
205.16718202883175
240.10832757350138
282.1214576908561
327.9462154182138
364.8789542695394
405.0944240536334
448.1521447483666
484.2752828258448
527.3766463425026
580.8054798340986
629.0821957546218
685.1693710265272
745.2852665773939
764.8253067794582
775.3908985403966
636.3869401735487
629.2729352897136
614.062456791101
560.3536846977972
513.2059879177742
472.76989813826464
426.68821304684974
390.29439510930183
359.12625514153575
321.8491272274569
286.70531043775804
253.74517080429072
215.04113802529747
182.86383918724593
161.9097523080087
152.29254362670972
170.62256598003933
207.94381567241672
245.94950546958492
288.69174878461973
334.76297283274107
373.54095768963197
414.6016595441244
457.5732852371
494.9267663997242
539.5379604545315
596.3206737054937
651.9313203923003
716.3008564138045
783.1532407271595
804.9560716661927
816.4540096554616
672.9043739478067
676.2464190310075
689.9768837386016
596.2599785428318
543.113789415186
513.2721393375923
446.8622367297266
407.5262374273115
384.0834266041485
337.2920982182072
302.4928993776923
278.7123703246505
231.54757687476044
199.355952674405
187.02245325836068
167.41363647773395
187.60654655129622
235.2355626000361
262.41865354900045
303.6905602348545
358.3819876908591
388.15621464289563
428.7802692177078
481.16273733473037
511.16180333681206
558.9650767974448
636.2201130998039
686.3492486280361
763.6818575738376
870.3498079581921
868.2552497517518
870.4202074951313
691.3395710050313
684.3564699644211
668.9073359646338
613.1434863552539
562.3151479577107
518.6665920368944
462.12936370083236
419.71294796189943
385.82486472373927
348.0993189487192
313.59765359216095
281.8274915954991
245.02355236438092
214.52559552163305
194.23927215356738
187.14227445660697
206.66084942633213
242.31795312137828
276.7380222699197
316.57579002038517
360.6742459620632
397.83798533891655
439.3754885122391
482.81406676783183
522.614323279634
572.8696900097569
638.5226466165185
709.1960366431273
793.1006292797784
880.7054760029008
900.1915338944981
907.7064591177548
713.3620248638902
706.3921758193636
691.3623072988274
638.5037749741131
590.5941678345044
558.49386846551
484.21685987519635
436.1704478697789
399.81197207563696
362.1007980289075
328.15322782874625
297.57931329566816
263.4961909489746
236.3850343999686
220.56685625456265
216.2796252912819
233.61951630373883
265.317281196914
296.8306074332093
333.57718109637347
374.9890265676077
412.2625622643616
452.7753060560642
496.54770323776995
539.1234121441556
592.3018451053672
661.1927365045493
736.7283674523422
828.535634996209
943.8695264361887
941.4117576979511
940.7562224280605
736.3484953306216
737.0915144022443
742.727733774456
664.9662800743199
610.7323807397477
574.3995357774703
501.5132176446481
453.6905672404955
424.05977332545984
378.88269933789843
346.1273402966704
324.51730289231455
286.55305993251613
263.40928592895114
259.8000237402809
250.7466380777197
266.29104684951125
301.5322321294217
322.1542233889197
355.19632801641194
400.880125181324
429.65492132552356
469.2371733933447
520.9471204986659
557.9592233827279
614.6913818766735
696.4881521093774
758.9608560849898
843.2294147625818
944.419626232378
946.2625626542024
947.6144382793798
740.5154682670421
734.7904835632613
721.6531479874601
670.9393312535253
618.0939250464733
567.4833836610345
510.1937285324154
463.86159971128563
427.5767710673258
390.72991030015794
359.5027099283122
333.5891240924297
306.5513157045148
287.8564084917768
280.2735707872483
280.0002776194337
293.9289203265147
318.1681230425203
342.3872141208699
372.1111598267143
408.16716187634546
441.14322008348614
480.1333515811114
524.2014001545554
569.2559751822982
626.008520095312
695.8323656371679
765.8483933379582
839.5680889673592
906.55972447893
926.0409410662206
935.3528197247682
746.9836912641738
742.3000745438526
731.1428258551222
682.8823109199702
630.4993827537926
579.3149738968734
521.456485444301
475.56125312367976
440.0241733116296
404.54730534775155
375.51031838253385
352.4433981458031
329.63135251881545
314.6373636572361
309.42786120964774
310.3428472164852
322.46477211142025
343.24841539840105
364.60536468417064
391.2266087574756
423.5441785542356
454.8049413846097
491.8902725102988
535.2885044253142
579.959685393886
636.9947587222327
707.4107302303026
775.0044195279607
843.3199748451824
901.238028399749
918.0030929584394
926.7750078890876
757.5281569092067
761.4666550635818
771.8798760212015
698.6942253740457
644.915013741803
604.2798843005074
532.8155872013468
487.88992671678466
461.6585046658641
420.6289006043981
394.13409814662515
380.07128301810303
355.15132564030426
343.3008446330414
345.10968352694044
341.2255120039215
351.7394207472834
375.03987959890947
388.30071459764326
412.3109299829346
446.5341242454073
470.0175126172489
504.7633575213451
553.801704020153
589.6616493927419
645.5050680364901
727.1985065108727
784.423984266834
850.7979819300634
917.7970478404176
919.3428149089414
922.2227069232507
751.2319618512595
748.2298932277732
738.4976673782696
686.5101586493662
631.5730008497093
577.8864387785306
525.4307883057155
489.46898029092165
461.6793707579536
431.5623295037262
408.6605533475545
392.4676835958364
376.16043680272065
366.45544809244194
364.5061960839183
365.5916636119387
374.99989803044167
391.2131474985691
407.1253114855358
428.8268093289036
455.02423732318294
480.41923127478134
512.0064510478879
550.7810110273346
587.4921849901117
633.3830071235955
697.5135364068517
766.5727407854016
833.9119538933874
887.7004737628889
902.010638047627
909.1864198520879
742.7368572713788
734.6867438134603
715.6930598805086
666.2134422209414
605.7062516619127
553.6231301660815
517.2258109903964
492.5958407610328
472.7576435117445
445.95927440105726
426.1828237031094
412.79541402661886
398.694361068439
390.39421575161657
388.8566972108614
389.9543194721068
398.27689712826333
412.89419588081387
427.74200309271674
447.23850457361334
470.9180086050882
493.5432814033558
521.9817962777418
557.5235099556766
585.8265953505652
619.0906535754998
665.8955579535503
733.0962514993311
808.6901070386609
864.1780395101661
886.7622311986158
897.7566418184546
566.4862377417218
532.5921805155883
511.7558090474296
499.0215600318899
495.4857330952087
463.49805480057205
446.3343459324722
441.18589338769635
423.1321657441953
415.69918360910657
418.8537269778554
414.97919109015703
422.58728991992604
440.6291477662323
449.78488690709713
467.7941930295649
494.7848037146471
508.7072966783545
534.8401073023953
574.0701402667144
586.721545512879
607.1980951733774
636.0126669691299
680.9914812365158
537.3626746645211
518.2031707293056
505.5406572728624
495.5982854684823
487.54055697986786
470.7891229953634
460.4376190696989
454.31416258221986
443.82397902375783
437.8758565397141
437.2044175286775
436.8660124286047
444.02001496573473
457.4061848233492
469.45521863905714
485.14091940628145
504.07918405747654
518.2248186261584
537.1345660387386
562.3070132203169
578.4385707409272
595.3949564194645
614.2596553715385
640.6431086969774
521.9326262140718
510.81011009978
501.8772004579646
493.99460477962367
487.10758536638355
478.9976109126749
476.0836071436759
475.6975512265038
466.7072007330078
462.33190407241807
464.1386033223839
462.2325984853588
469.0922154081239
483.25664809527217
491.8732075991097
504.91048636068723
521.2322416827546
528.7678348701237
539.7657906620327
556.9821306931336
572.8372286139075
587.8271365024859
602.1556460155839
618.3870700378441
514.5129258801192
506.9393165305627
500.0934183954936
494.2239411797584
490.8391327537819
489.34956927558494
492.63738902223923
503.4404774221176
489.11942003963566
486.93406437072883
499.0911031635617
489.73851949402695
496.036248567501
516.6270928674173
514.3055412210978
524.2706277484951
543.6357802354129
539.8742025334049
543.4323961803806
554.0545339256427
568.0137041167397
582.3430511199576
594.8921668939332
606.848459888867
493.43700072487667
493.77193555601195
496.0260466223758
499.7960777713391
495.2584022409359
494.7361322895792
499.78216408580903
499.47511107504585
505.3817050877401
516.6820145203569
520.5809187726604
528.0778523245071
538.1146528731185
539.4305562015826
541.8533824187899
547.8388346785885
495.0338072537053
495.75720207083884
497.1209752624579
498.70181136118055
497.5228417003779
497.8539034114729
501.11247196624953
503.69783568596654
509.3589422742781
517.2403830870848
522.6528137879109
528.7536935911506
535.1176523698912
537.7641986618557
539.7950234392839
543.0071826114788
495.91590871346017
496.54522843774015
497.49601763831816
498.5092843373427
498.4093640935942
499.1706300474917
502.1159326124687
505.52797561371654
511.00209041723133
517.6383322685379
523.2756439067956
528.6939030693462
533.7255195031879
536.6203282436169
538.5271113972357
540.5254260999826
496.4139356361425
496.9471525130721
497.71602686135714
498.5638503456715
498.9421344380256
499.99742399060256
502.9055336903038
506.6138743285481
511.9283749235296
517.9324634747003
523.508722490969
528.4957657762054
532.8643334612594
535.7498417302372
537.6475664510522
539.1726719888924
445.5392645601791
446.4053197476248
450.9138898818922
473.1278297053083
441.0894024732511
441.02884975594395
474.30065621243494
454.57632457116284
464.29718978921323
500.45429691349443
479.1496867270158
485.63969575417764
520.34716938624
502.06895129420997
498.7704989665587
499.09199034708115
444.9851342417081
444.49839585308456
447.37069078844746
479.94627703134944
437.80358002434394
437.6472318084311
482.12885600055677
451.3400578753164
461.2667979860991
508.48631235271085
476.3205912907632
482.8087839341056
527.1489053184652
499.1469138449881
497.3502393090398
499.38359510173865
445.74060254367345
442.537148060566
441.63163610295834
490.1663031018663
432.9671426774152
432.6916451838415
494.39359717526804
446.095346084435
456.2978538205739
520.8385643683805
471.98210535924943
478.50521780045364
537.1905152491596
494.19558213428843
496.06528642600534
501.653132762791
456.6703062409344
445.4045044809269
462.3905047539953
826.7398993983448
443.3415853804174
442.79189605433595
854.0633237147596
463.6959615195357
475.60249059100533
874.2269877501692
485.6409286585251
490.7434060152293
856.8832814548334
516.015877190937
501.5817067835057
517.8100366229322
374.4350171921681
381.19218521828844
397.45903840759325
449.84895882240704
486.40673798723697
395.3472556075174
386.71510248727276
411.31492941005615
378.29032224287465
376.7789038950138
411.57533068470775
389.3206835091206
408.76893144250744
479.4276205418445
429.2508854833081
430.98528153853647
466.30376623786435
446.7373647238451
458.5310930127263
553.6290628511875
529.1504954031744
486.6459455372444
473.5097499491773
468.5374431710078
367.86646639534627
372.21539764713276
382.6929751892549
442.80047617455125
590.4402681149426
384.3424381072134
359.39090022871653
374.08768368106985
347.3845212655729
344.41957182610696
367.4893040578939
355.2819317569995
392.0334762256883
647.1839244802665
413.8290837726345
403.2294157916483
432.73987447998775
423.2887178146963
453.74905738725636
657.0767432738538
526.1337552069135
474.5763753233514
466.1789415138859
463.6694359805951
360.33122212980385
361.63542319636997
364.87935938000044
406.6878081814514
712.8536718883973
372.0363459188169
354.5796731860213
508.44269602754326
334.8797169874939
329.63376765794527
468.35181712828063
334.4599326924751
348.966497563214
515.3009226999413
377.2464226625474
388.1732307760787
563.5757177555287
421.53618330855824
446.12339129797635
774.0698375357811
493.61689955350164
458.9968363706138
457.51685452360505
459.1966119953843
357.98939834905354
350.54306558545085
349.05421809327385
351.13914537519474
365.0099694678296
325.75695640240855
312.53898400301813
316.45888046355515
292.8106693344239
287.2409184141564
298.33645850886336
290.11012927404715
300.35842840647246
327.5171352307547
329.3201051852294
345.87625710263643
378.7633521791417
383.1742258978588
404.6003797151957
451.0602635201685
444.49907949914376
447.8848292860853
451.502498884907
464.74509378129676
494.0781944798671
484.88565536535856
472.0762774296616
431.3143411716636
382.5218118198247
353.45068366764224
345.8422224843671
340.8083903311032
345.48065796917695
309.1870023131999
293.579928229273
292.8940053935238
268.9277636751384
261.27768256266654
269.6281637935492
261.8118933166832
271.14362602886746
296.1966189288709
302.99091178890967
323.5397527435123
358.07115594482354
368.1833389320768
392.7209757860829
436.8170492899602
438.9233639935561
449.2139762650494
460.1910414464063
497.8867335158488
555.1878028577503
600.6424790683898
614.3339076859471
623.8947112672025
506.44651537331663
496.7454211223098
485.71586040597344
451.94201307369843
413.42437901451814
374.94940537886635
353.7367885511267
355.4737224901226
491.4917654416713
312.42839141779837
291.6608271416114
385.71291357957637
259.18323723674075
248.15061602352716
342.0635666049666
245.12529909064983
254.56326678640553
368.47263253237355
291.8912729940405
316.7513272520838
452.53952207744743
370.8601688619821
400.6163730298732
580.7754824725777
456.7585094599519
460.1452170737068
486.8083588127555
533.015575167298
577.9086347680866
615.4112751125402
626.8344880382158
636.5964520905054
529.1057651724362
512.9560039058307
496.3446219076617
460.51220873166835
426.5498409072403
395.65558025399133
364.1070811463742
342.40011689837206
331.3050130815724
292.08026727141765
268.76606126577457
259.1790758124782
229.70508131543275
215.44055922848065
218.64284879791546
208.56743590926712
218.69586569248773
247.9431740347252
262.4624829933922
291.3742606655775
333.0996699092287
352.6932227204888
384.06595476105895
429.0598580496498
445.37700646241694
472.5717198608127
510.0985977815556
547.5741145702729
587.5473396522594
626.9037876899981
643.3648635200967
659.0559411358153
625.2192956579138
602.2115190626154
565.08580172989
488.5632700805838
450.5509011080285
430.81653510629144
380.44848793970596
350.50331412298794
333.10960692739474
292.1669642831964
263.87174443130516
248.37581231398434
215.43992948647832
196.80354969533516
195.74037256113508
183.986274178523
195.41370815141525
227.78997508107688
247.3573151394286
281.27591401081884
326.45622309381946
350.67872577715036
385.1552923980193
430.849531622812
453.5980065882531
489.75203772093465
545.8203592158619
573.5906639328383
618.6376758049216
694.6324556800931
728.2307165770263
749.2428076252833
838.6685783876869
883.3251433687456
951.0769933050256
536.3018470155062
488.47563354545537
597.1717315071636
406.82158810820323
371.69728059340287
439.7760611100228
307.6292993031507
276.24412863686916
340.77939377739017
217.6653509871892
194.78981500521635
276.8062804525649
175.48270663041103
188.63116377800966
309.3472297483083
248.37663321860882
286.53429011179406
417.50060026825406
362.802721356603
399.532562088966
531.7587114478845
474.2540599144706
516.2431566188293
700.3911289096378
613.2680880063887
669.6130237281081
1033.441919807428
977.4799067020283
941.1349948345573
669.9971116846925
643.5600653039004
604.0882491369443
525.0285651089708
481.32516610960965
456.7682273921902
403.24180121384927
369.07749484037504
347.27262107926157
305.1424413861642
272.6065287450959
249.56005680852968
208.07731919320125
180.61228628014308
171.16404696175618
155.10181443869206
170.48709573301798
210.14834345954986
237.23611845813602
278.6607688530448
329.1241162519233
357.99110058036234
396.44511369735693
444.0727527832452
471.8662488290474
513.3824289784128
575.189232101571
611.317912251327
666.6210567229069
750.0919150972134
787.3022259231151
812.7325979243028
696.8074420276504
671.0958833903707
631.1719198819538
546.4174291797899
498.9467875091019
471.13138618120786
413.85073629261865
379.03366221458316
355.22780114118814
314.5685805353818
281.8624787101544
257.35883151187414
215.72846885102214
186.16286364381466
173.35119887321926
156.2814084324786
172.68577803871744
214.8580585546045
244.50386420503446
285.26789404723763
335.32449395275626
366.3550019953873
405.31728736271367
451.46698721815983
481.4989398755193
524.0888318439806
590.6428251594339
633.3764062875855
697.5302046991836
791.4308832456617
830.7614823251007
857.4934344482069
906.5904567631292
952.6510452940211
1024.5390036914262
602.0436939636531
543.8326949032746
638.1590658694081
440.2284492714818
400.62261832748123
442.11826890349306
333.8426629774494
301.9939568848128
347.84978229762737
236.69286045198027
207.69959992732356
274.2246716666771
178.83918199406654
197.7064632189904
320.16956084521047
267.3972290468526
305.8548415191158
424.2081363452918
386.279539058808
423.85911847157706
533.5802523524646
502.52077554246927
549.626770284222
741.7886238780612
681.2351712420926
763.3933567158873
1137.4243008530648
1089.568164471995
1061.912301180131
747.4388225680444
721.9277259741444
681.1066600310224
594.6125487583964
545.9648631165745
525.5022464708928
446.9792113967858
405.397438064812
378.851815158163
338.178782498836
306.1315263313321
282.6042382793413
242.77653047411445
215.1231462942427
203.6782483327337
190.3554107126692
208.99612456485607
249.90747207555881
275.0642117393
312.5877826782331
360.1956949499265
389.7302649297405
428.8458064085972
475.01176397756353
507.0369848298643
554.4496710267208
628.8722245833424
686.44179693727
773.6828094953395
910.6460580450491
969.4743530396871
1003.9552073326875
745.5707820834486
724.053684661142
691.1526383611135
616.9403765603092
583.4118172893228
663.3459230083688
473.6269966595015
420.5547673526678
390.62790070428565
350.8384659068227
319.32510120995335
295.97919640381076
259.6605857004211
235.2055445720075
226.91435940410884
217.7773888999518
234.49684431917922
270.498411667936
294.43404706022636
329.02127052658653
372.86404758831674
403.5073157157339
441.5712772249591
486.98233987634524
522.3816356252562
572.0940881217668
647.0940853890079
712.882051921641
821.7264560192259
1180.0367252260387
1152.7429946673412
1135.0360715164645
848.4312858277211
867.7792452641411
899.0034841370377
650.1890083029139
596.0082448038404
642.8763326791259
488.82902719234755
441.1244989247338
463.3281478706476
370.9260668172793
340.6640330208668
370.4276900211028
286.0102522250157
265.4035493726821
314.2729461134687
255.4751368447207
270.69518378798847
355.43819546841956
323.66116428507064
354.61884126309445
444.5164380378324
424.89316045320305
461.81719741565485
556.0312644574763
545.2217117183264
599.7984009775512
741.5829534289
738.4882283256551
826.2378234902695
1069.6899536937494
1068.0408382603093
1066.7213207068044
753.5124781167252
734.9509942721443
706.85940404873
639.2158386969346
588.3338106045611
550.0175072718471
487.7807721721719
444.6215168000021
416.24606731799645
377.33754758071103
348.5275667154884
329.49409680208174
300.29468593727233
283.7837558698019
282.5465397585902
278.2833389338029
291.9962500405828
320.2311936196411
338.3729566528136
366.5303289173784
405.14126127770237
431.6813383348509
468.19760817484104
513.9986077116483
550.6181844544982
603.6136763197879
675.9916635955437
733.4727088954564
804.5730938358507
886.5604458460423
918.7066150574371
941.4580642905207
755.4925691895805
738.2939493834704
712.7916581732876
649.4175075759716
598.8351897933027
558.899410494745
497.5675762253801
455.4160370737556
427.989325048473
390.5479003906071
363.8587305430367
346.88825021709596
322.4993242299803
309.49589510320305
309.3734008588074
307.3658881107162
319.3669235530418
343.1494684481464
359.79922987278394
385.0932757771074
419.4643010828508
445.1292087192515
479.94367361712773
524.850257713159
561.2616410301263
613.837280504363
685.5670984918555
741.240355894381
806.4325641431205
874.06583001739
897.172361499429
913.9933717458197
883.6923279813469
903.5258881980158
931.8810047365164
680.786890051451
625.5406734243282
651.6213794819682
516.333160967572
473.45693201079234
492.22417169581024
411.1637572207587
386.25691801451495
409.31413299097085
351.2162488315825
340.9405344877133
376.7348684618426
340.8340571065938
351.3313465351209
406.32802539561493
386.4224853213687
409.4406217469034
474.52298714083236
464.2678635404023
497.62178266687994
579.9234927377579
576.9278682700611
629.5795188832029
752.8827969350511
760.7615705958559
825.8910583396489
986.0007686295182
974.3717397394919
967.5838350295395
885.3070670457215
886.3149282554712
875.6031890554675
696.8425546573795
632.7381342666923
589.5293823363926
503.9307131344069
470.77633624928745
451.655722180886
417.633637817
396.66993825709034
386.35964896205684
368.0308384293227
359.90095833692135
362.3266430450953
360.76741821262186
370.2120280655343
389.2167451276574
401.2013297214328
422.0705160134852
450.85268498121906
470.8732166566229
500.8630617314841
543.2982440928729
571.4099810661494
613.3526997914985
700.2022611764428
763.3196188322632
835.0124832739865
951.8188857977614
960.7180172373747
962.7406873161403
869.9385955017348
858.5617119831757
829.1571620750365
686.6579735743809
601.1102620994163
533.3696573391201
496.2680748786612
476.04036994773645
466.200264635239
433.28487734305924
414.57706571002393
406.6090933038317
390.2622523840015
383.2440428975632
385.483287583892
384.2842479016885
392.64783738674413
409.7797480771335
421.35090268298273
440.25881543835413
466.8144132755445
484.5071086180484
512.3010305319791
553.8751273311492
572.3690762033983
600.3841524869682
642.1768601680074
725.5391659909186
821.0074237630131
921.6775903832336
941.9720079207934
950.8914629382249
542.7862427655948
505.0374721278596
493.9034652471109
492.1338162969942
527.7314055452035
459.2674914069724
439.8296156882431
460.9457846385511
418.193139697206
411.16652312007994
436.45103364309085
411.44823094910595
419.10681642462794
457.6481563839683
445.9997019806737
464.25105445121466
513.255675978866
504.6693075654712
533.4389795319304
597.7521657985385
582.4698085093669
592.1936635654899
606.3623699897357
654.4187523460644
506.33222801909494
492.7435456142615
488.27577702850357
482.12588719350344
483.764486889953
459.6674308469635
449.8588563731626
449.1046618265007
435.03249378055193
429.60346043755504
432.8167670273635
429.33799345948233
436.6284442280082
453.3201485759455
461.9108068480802
477.69157416269485
500.7817510812605
510.1022353660062
529.0984799006469
561.3143305556848
568.5170754163113
581.5235232516214
588.1759716582861
606.6095543235779
496.33653375876764
490.2267371303724
487.2298616523338
482.92439292194155
482.2643550924086
468.99663618830533
466.8723481158818
474.0405892501698
458.5641271131717
454.3154718200663
463.5116955423899
454.9769491212999
461.95044268858527
482.94404725482576
484.58518986797606
497.9774314827949
520.9505941419081
521.5232873515569
531.8894184379401
556.8500194162049
567.4259678762635
578.5381318092348
583.6924089097126
592.4814270708455
492.9000756822429
489.3494260520149
487.50981852098613
487.0731475743095
489.8825767279524
487.2978947252791
490.7708516994461
522.1150434051317
487.9241258982791
484.9808852296883
516.0559728953019
490.4062414135029
496.6867304743459
529.6217923914293
512.7359811660616
523.7071483665618
553.2467613637872
538.8267142742571
540.2007249988524
555.3498517917536
567.042457781048
576.3974063226913
581.1886485145075
586.9624633908287
489.2498117466003
487.43938125298007
487.43680345082663
497.4359465064167
486.6960179727539
485.94246889537254
498.230098161651
491.6225238162549
497.63226566611604
515.2215584813802
512.4157450541452
520.4331535265591
536.2696235506559
532.2380361255587
534.1926455986905
542.3462984150466
487.58294988745956
486.90666929372145
486.6501669030967
489.22044688295193
486.98392191721075
487.2310165661957
491.8066234879624
493.32839720201775
499.0969469904444
508.38072939508396
512.7151877861388
519.1823874061955
526.909734051535
528.7702261033058
530.2455436599453
533.5582461352809
487.27817415970367
486.9574723253047
486.9948726302666
488.90550161100555
487.4400843765184
487.8229420312413
491.7915999858425
494.135367673899
499.9135639809411
508.373100406335
513.2278830350486
519.3891938788518
526.2001094880103
528.4293288717813
529.5646447782641
531.5191671444715
487.1863986264325
487.0493183401941
487.23830416278514
488.72074098637614
487.7835327902849
488.29374420991195
491.88424525365696
494.7716805995846
500.5550415228964
508.4301537566726
513.6104034942379
519.5065510702066
525.6407483547704
528.079547330841
529.1541448837961
530.5303350527989
