13901.493165832577
14075.45619059931
14224.23850307499
14183.715746635065
14210.262039818554
14180.132170096576
14237.72479435926
14255.586993905607
14359.282680840275
14415.483851026338
14536.32931066291
14585.274039447017
14672.205769637541
14599.349286547436
14474.2454310759
14357.115058979502
13746.248329898277
14013.639869847599
14282.646841775108
14166.681395911839
14239.419881323895
14159.125685213385
14268.808769501047
14241.89790968322
14396.870085795355
14406.16578177276
14575.523522459918
14583.966310126043
14735.773474543534
14596.39076817853
14417.62245436018
14253.074196617385
13405.335781303587
13834.940544602874
14440.44994174841
14098.16575241581
14327.037393667271
14089.674304849179
14363.938516482332
14181.670180401723
14501.510344913939
14351.458383011186
14672.56200917291
14540.47784421358
14883.368327308655
14568.755574898669
14294.056962472196
14043.722214549965
12709.370416932446
13122.308509956356
13490.14970349377
13736.59786943961
13615.613701849334
13756.196385059464
13667.971527520654
13855.718818606698
13807.01374039381
14036.293182701205
14014.851200249655
14245.464383611836
14205.83988955135
14398.032138669148
13967.11434817483
13640.698202869502
11378.69494733243
11479.982977417658
11592.797018671974
11704.286813360908
12060.844909295805
12478.928800747597
12961.23976159536
12935.446209475664
13079.488815780931
13006.871044021866
13138.517583201314
13094.921972174856
13283.47015634182
13299.06518894705
13518.6377979565
13538.121610371434
13732.49038510809
13617.13460225181
13400.221034868739
13180.379910518755
13066.305254297196
13019.946657138153
12983.740033694969
12954.17559025799
11288.380827044159
11428.312924694681
11575.043647390969
11505.468208866405
11650.472795579215
11832.964683721262
12133.913555534862
12356.257446702191
12333.55151529575
12444.62856227998
12402.315579459597
12535.684532208586
12553.255698998006
12753.658177902827
12820.527334797542
13027.080621473098
13054.65762504242
13205.80944831897
13020.027377296727
12928.96952600769
13029.971264992444
13019.305237619517
12973.101963102383
12933.06077220345
11101.970579186693
11320.726343645685
11699.992165973776
11381.385927195173
11505.623954304465
11413.914948474248
11629.321791792107
11646.12527852599
11773.66759479372
11761.509536070227
11868.182108721023
11878.529062850448
12034.920585142827
12103.424421338561
12306.74246036857
12386.99951917807
12579.168445962165
12615.675207820956
12788.39256741419
12792.02990652168
13138.603702617946
13044.868625165995
12947.890027538513
12890.587208102817
10748.056987562792
10858.545043061113
11015.81675962833
11091.872234123677
10929.452208883224
10994.787555587187
10968.614547637508
11092.780257498807
11104.740883046881
11223.255192261264
11245.35850064219
11379.12431614068
11437.070417699088
11611.76192223258
11704.017813157772
11900.880587266296
11990.755660720195
12197.65168318027
12293.065457288554
12573.017101434001
12706.528776680272
13024.157443545892
12847.052667179365
12819.451569410188
11182.533236865209
11132.712672626698
10999.962778662497
10704.596668324664
10533.186564018539
10506.422945287224
10675.104164134651
10476.712479858195
10459.095705049325
10346.084052892591
10416.739006550048
10416.464224928157
10536.967597439516
10575.679755313926
10712.122219300001
10772.170509423057
10930.789410941112
11019.695436438808
11207.79832001795
11317.165813722984
11526.37278087181
11651.071687078485
11912.313316999045
12086.827542181609
12430.189560457458
12548.311507040735
12613.162041920323
12793.120681930764
13133.861020673981
13422.015128693
13567.311019845889
13639.472183678643
11237.456427351219
11236.199621168063
11174.073121711639
10765.7359241162
10459.89810294659
10174.123916067623
10094.707851538036
10030.462921494698
9823.24071819389
9797.171378834651
9733.566748466423
9818.556076938083
9848.170504453477
9985.859359713508
10055.652902996979
10215.701021559395
10305.739794924892
10489.148632960614
10605.768494569795
10818.988610580465
10960.413162763194
11213.953908971233
11401.19737339669
11741.289158049458
11991.961278895042
12386.050193727942
12554.379600858565
12871.043467127682
13330.783916564711
13582.952254829284
13675.353851097452
13717.769090653952
11254.179756070029
11334.677429985677
11506.280431989164
10863.802642905028
10560.13315727334
10024.091924828948
9801.253871639847
9478.680137670928
9325.628947566838
9139.584217852424
9127.165054969204
9093.456910287581
9195.050703866904
9252.477529646707
9412.908120115622
9510.219070513922
9697.819908909398
9823.809877055332
10044.923526044098
10207.329273852318
10471.406365478213
10680.019873936923
11008.118363068466
11290.071539798257
11718.209710259782
12070.02868775834
12589.971709422625
12971.115240062922
13626.879730977129
13772.235951722852
13797.52364011343
13804.12912905103
11092.487008079434
11102.422735214433
11081.363788681889
10838.049714271823
10249.167044815877
9834.108224586338
9349.563721822276
9054.556843963366
8733.661975774758
8577.839238822926
8417.117168864756
8413.93936616379
8405.93658184834
8528.398763409623
8614.72414427847
8803.47346140792
8939.935038246196
9173.54135216043
9357.695573280522
9643.95321210334
9883.578006025704
10230.694073839142
10532.803158455836
10956.897091708543
11340.567499387107
11872.712417284723
12341.737091166375
12981.141765474798
13435.92299786766
13978.877835333846
13888.456147073588
13852.783893263966
10950.274002611508
10976.647437613596
11038.907730982824
10503.662176804237
10047.870479748211
9426.819286032567
8983.019878385887
8519.813466549509
8223.598196559959
7923.88499734956
7772.361538263572
7626.89509327407
7644.101243554473
7669.422073327491
7827.347907210325
7957.96012381892
8198.298482270164
8400.348465606017
8708.715048062068
8982.718525797576
9363.707293358475
9704.28244437044
10145.155917291268
10541.83656602145
11059.18690735707
11542.858200436607
12184.274833112146
12740.239996126238
13405.64851172547
13706.999821637688
13766.958157123929
13786.43921102837
10746.490642602426
10723.064988168686
10655.241839695209
10339.51612145166
9668.4734119643
9109.839340774231
8494.200884357128
8061.911315644791
7627.958593477443
7336.541361178166
7041.867737830186
6890.8511974399335
6769.859656399229
6829.276328298772
6908.724402552822
7128.514597558666
7333.090027155739
7660.500272249834
7962.273786125493
8381.235796766456
8770.506250423503
9258.339195347064
9692.261266183412
10211.409661200429
10692.104051108614
11301.789859667088
11889.325801199982
12630.375342478093
13191.005174265629
13763.095294589051
13748.10264776021
13751.553484177348
10578.74568952857
10575.946854568876
10591.934508380251
10003.53880510456
9420.419293798828
8662.793608778717
8088.313130908743
7525.9159718586025
7108.064524691619
6682.118071954851
6374.412592028373
6072.711073806982
5936.393659649777
5872.119221828171
6003.402425528875
6164.314484113211
6483.796870501846
6810.377090049887
7266.867889038219
7707.370721611899
8253.715545114315
8757.794664541909
9323.012704506356
9824.185409856755
10411.1526556778
10968.385307873643
11694.670893945404
12380.64440792052
13150.442347923961
13531.194256079034
13628.963482371726
13672.95948597097
10355.887777754535
10312.173904751331
10213.939870152253
9826.825637620635
9041.711770871256
8345.299568280549
7627.64396709366
7092.463188103153
6546.781788268281
6108.727854600093
5651.493831681308
5316.341657799986
5024.635514391931
4949.999118304558
4985.5503522780145
5227.3226344764835
5527.00412484425
6011.816575824784
6507.148924091166
7117.136146482231
7697.034314836776
8346.345634794976
8917.42086773139
9528.209935517385
10086.136185546004
10749.708603905936
11422.963327541283
12280.719183838897
12954.305248014998
13580.202724510698
13599.489633092082
13623.937765736395
10161.971923379444
10138.780094653755
10120.804690637187
9506.414740592752
8838.844729276034
7985.646286814021
7310.353200600894
6646.8303247334115
6095.825662380809
5515.728082259828
5016.459364931014
4513.956966149774
4178.613973026926
3959.492076076115
4031.741063831874
4222.024410920728
4654.908163202588
5179.071713724129
5858.473535410375
6516.027500030586
7251.201670446454
7918.719560544962
8609.17814070421
9212.717369682276
9875.786151360546
10509.097146792064
11306.044092389227
12083.188291607548
12913.843665023689
13340.1515026657
13459.790294783943
13518.79928224849
9926.318225913035
9871.060340722031
9759.307290596178
9356.312368259813
8560.197257910171
7805.262226419295
7005.628869919091
6349.03485763308
5662.47812613977
5049.087713414306
4387.7030595007
3824.988646307015
3321.0831517441793
3082.426107512412
3063.9274094327225
3350.8856443677723
3804.331775303764
4503.737972965558
5244.717722753374
6062.905041481032
6821.339741969986
7610.794331116663
8303.25742168021
9015.031051935286
9669.375922309813
10413.251132607948
11158.556424440194
12047.651694883496
12742.897438445441
13347.055340263045
13392.995277084932
13431.612652050617
9735.291019322838
9701.806926482855
9663.516246756168
9102.48370038613
8454.22991849348
7609.14982009752
6863.661102775231
6086.18236040908
5389.8065306821445
4641.877759823507
3938.125951997191
3213.3313572635893
2664.27563672175
2304.366091447639
2319.6857868846164
2609.430838384561
3221.7629908678678
3968.4171094137137
4848.746674424696
5684.671392194092
6549.953407898394
7332.250725686993
8120.058108545814
8825.124985514976
9580.62399796918
10306.474778233973
11148.466936146162
11924.91561489342
12704.744695865862
13114.950518491964
13235.443729167055
13298.76183410655
9532.120410859752
9480.026406323757
9380.742488014472
9017.22043318286
8284.515697119576
7548.576879392796
6712.6806298174815
5969.955692367568
5181.118610571759
4448.230761164542
3659.926726714463
2952.9989049119777
2329.4818385477315
2035.7680407540856
2048.8705739283514
2432.8461304872867
3020.343036527546
3822.437865554962
4653.640856461707
5539.189372039939
6360.016813622582
7202.646243863951
7962.919976024207
8747.111253494351
9482.492208553567
10298.826143698685
11077.368400213532
11932.025548542524
12578.062748351034
13118.199995005181
13164.142186042387
13200.496470974862
9372.489688877766
9344.871146483609
9323.288257952316
8829.241691610014
8233.512343793194
7429.526579267325
6683.202978864371
5876.6397126328875
5145.488321321309
4374.563951910943
3678.6722812848857
3001.295767546815
2535.394699942642
2304.670290081718
2421.0928598460678
2751.561970030641
3313.9340756128613
3982.7856025392534
4775.693441620246
5550.424565996068
6369.734759086461
7138.043454797715
7939.067066348741
8684.154554700368
9485.681613360111
10244.565682531842
11088.25280786509
11838.614095627032
12553.957995482602
12920.956556322664
13018.52022504947
13070.212134009204
9176.545322347163
9114.906461510902
9013.854242579235
8730.168597360536
8039.252171116714
7388.914846721003
6619.247047365398
5927.065882361051
5180.438176473468
4517.574748560091
3857.08552435951
3341.819768842039
2948.0036066453654
2839.5159367591036
2957.4242062087133
3312.1480656039867
3788.103663675462
4409.139479822868
5056.409854465928
5780.263631995689
6482.967698291203
7241.107656823719
7963.741065334796
8744.25864887289
9477.272647615919
10267.74394437742
10981.883205231801
11805.192159882774
12378.304775289549
12900.227599455331
12932.609029252004
12964.969639179064
9005.479545871942
8916.988968232408
8759.443458270123
8392.439151973598
7777.204068063902
7159.898000911471
6644.149221082041
6002.7027642416715
5396.182084294469
4754.705206889574
4240.462571445541
3782.0799020982486
3513.070908803587
3433.3358722773837
3608.5975611997656
3911.9885434616513
4373.976671685107
4891.590516999685
5495.5865426881255
6099.997511739657
6766.238904768529
7415.963675515155
8139.177325773657
8840.086170216504
9588.667097206579
10206.797089578631
10804.717088709665
11533.580241148795
12138.177885084464
12599.361960133934
12746.76961788432
12821.07234362906
8875.16388468473
8754.612823425168
8529.723190054889
8089.383746866041
7490.425323003274
6992.99226235395
6646.84779326301
6235.360936167953
5663.210918625648
5171.730455673811
4691.13880918346
4354.554351825082
4121.515742247905
4120.830459365811
4266.444373896295
4576.961917226961
4963.132018124066
5464.1056502782685
5982.018717561918
6562.883028772173
7125.561753745203
7752.976267270928
8373.910259390268
9086.27450517532
9714.536409305461
10317.977321727556
10700.990595429503
11280.577204515821
11898.700355204339
12374.545536782678
12592.63648695254
12703.232462698688
7195.844307383739
6930.931897606455
6799.821946932944
6438.68186048482
6052.181557006777
5601.908282617519
5266.382692868703
4968.038042831382
4841.669515457578
4828.585371696914
5000.286994014301
5249.828943661118
5634.263322179339
6067.795979191259
6584.742113123831
7082.994996475948
7627.366920347779
8141.674767024392
8736.762260964793
9319.76133040405
9923.544785832602
10325.567051264912
10577.399133362163
10944.40886377034
6989.713344658269
6855.234635292688
6777.603944747446
6655.525423002716
6326.219170998327
6093.22793503465
5845.890377318998
5699.267116965441
5590.16660304642
5640.281711590043
5759.483745942766
6022.618923312506
6348.387094003759
6793.66943023139
7244.455203905951
7736.12482971448
8174.049662000806
8643.031977056222
9050.748370816731
9597.574476432705
10011.836143604332
10401.68615064154
10510.108076881726
10699.241606052337
6887.766247223984
6816.8797276379455
6765.758950536424
6694.025701268029
6559.195704618603
6489.686236891819
6508.196948122173
6431.014911148004
6438.072806535306
6480.086774363955
6654.292783365895
6874.243261265046
7230.353387547103
7604.0251834194005
8046.120602148513
8425.981703599866
8825.209423195962
9117.76592095988
9359.864546525614
9716.913122217911
10025.589840496546
10294.943128874787
10411.25710201279
10531.638975562155
6855.680834525334
6825.077145234919
6824.59720173276
6858.93395255622
6918.143708182508
6989.550317501224
7106.682164808946
7194.266585880303
7230.448287425071
7380.571158593675
7557.734037179399
7860.71664917752
8153.559799939131
8527.716376459592
8832.571588926716
9171.59022849132
9432.15318655395
9678.776012633003
9772.571601773894
9970.72086675156
10134.658476414672
10286.275941405622
10371.466773707703
10452.726897661356
7321.9494746571
7466.679292885977
7661.763778105157
7774.644184794862
7930.461454047598
8101.383272162548
8385.346813447773
8675.477777965538
9007.942409852598
9279.38123925588
9538.13344842986
9743.108985107156
9944.54154103549
10041.403132883466
10065.701930942856
10161.62184038637
7615.592634570848
7750.376459409637
7922.530690095156
8139.2569823161475
8310.286799820818
8580.139794914952
8854.904534941395
9215.67937182996
9492.515780223619
9774.303303142708
9930.637126006142
10107.528333364226
10195.465960263595
10261.876238565292
10233.292772115308
10259.744858446329
7770.724151664734
7877.927037957435
8026.553451457525
8227.287037116446
8435.612559213369
8710.199969567051
9014.711870758156
9360.93049470938
9649.515646821292
9897.49222879692
10047.933520967379
10178.352991714335
10245.644535714078
10281.860791377678
10267.060924706646
10276.207046764552
7859.993648350433
7955.040027018999
8096.603312038237
8290.392280254808
8513.788251964404
8794.03426713942
9109.792396447667
9448.864477207115
9737.733640286342
9968.11143095202
10111.616038580612
10216.689488319822
10269.788152036119
10292.462964606912
10282.139317025174
10283.250558943831
16831.077199573432
17097.55219178436
17090.60090804426
15246.314518864201
15937.64730629323
15075.316635317262
16331.762562293488
15474.568138465542
16561.86420966124
15495.653667413831
16216.765852040653
15442.040813626047
16569.26614693715
15440.898592619493
15272.509681881793
15211.754595568416
16637.317354988725
17110.36811128425
17408.123933245894
14979.274868740133
16129.174444992806
14830.95127311848
16629.672922278784
15224.312898919909
16855.78281246756
15265.984554062508
16399.147134463954
15219.766365331567
16837.82978087286
15255.606385088166
15201.31155448009
15168.263077275918
16143.545149407848
16929.015469876536
17865.316061802394
14549.562752618593
16458.733259885237
14443.40088600351
17133.436649746785
14787.745573978695
17335.27301116787
14867.67667888869
16701.63270598094
14857.218203495375
17259.9520647861
14970.111493265456
15164.616052442389
15134.123595048055
13919.313861430694
14126.65071492919
13909.785451355176
15291.882290866772
13876.977085234032
15073.931417901329
14109.948454285977
15729.711663640715
14280.325307976995
15762.70171181996
14261.343688813842
15543.890369309664
14520.661926663655
16456.978730702052
15764.986280118934
15066.280644818697
13643.822405200735
13696.864173369979
13534.611715048219
12502.03969137256
13104.9239198449
13706.71664652993
14429.328839213984
13122.672029207828
14010.564611190608
13136.14625717303
14401.907468766454
13389.81526977536
14590.723053618694
13546.416348280352
14409.667730864972
13647.191759109835
14770.115872151644
13827.821817232114
14021.756221054446
13775.20686288415
14129.68879149056
13708.212853215879
13616.893587030047
13597.981565494782
13593.654755402795
13799.281389018659
13870.635755279227
12129.672449231583
12578.623980161243
12056.02452207989
12243.395769103769
13124.524155576022
12372.821926767216
13084.983430506072
12504.999125707149
13417.623061715387
12666.890138718225
13592.516212470739
12843.65316509761
13670.18959355259
13118.997514925239
14204.856817357455
13920.121235628796
13368.430015765402
14383.171188301267
13587.342048423221
13565.845670238612
13581.277358686646
13250.924583854625
13752.630861219237
14424.174642536998
11738.628500733035
12861.269743008643
11511.862572654878
12325.73558395436
11660.329037369867
12255.929025177147
11725.543847089752
12284.37675090558
11829.591866336305
12441.347560105543
12049.595971783127
12731.86891783906
12348.908104350243
13108.138143282209
12661.728562691987
13749.444347148654
12953.583216425348
14826.552884920027
13344.66435717169
13541.47973016218
13609.8739654675
11688.810420775244
11632.901756644098
11384.736077469406
12298.786532751516
11102.353049033441
11710.937442983211
10986.238211875536
11524.599768837545
11053.940523887892
11557.464097847444
11162.67679197217
11669.926339897245
11345.531662108951
11903.25477971451
11620.579420537242
12245.30115115947
11935.421020378875
12681.119634482748
12333.436665049789
13424.709708444914
12910.79785258172
14643.709660854247
14172.923644803834
13845.912010758477
13355.091255572945
13246.463983980324
12946.98177186506
11560.97235123663
11447.663240516842
11482.851617228374
11957.133324842234
10655.893225009546
11170.774906721816
10386.633583898278
10843.42507785194
10374.417481884479
10845.6415337273
10496.689840292762
10960.53626072736
10672.531879226324
11163.804827810865
10915.580677627826
11464.823557672133
11225.702353152587
11839.868079830052
11592.088996957236
12409.317872517908
12116.954357314204
13237.069206136675
12681.868831887694
13006.79436304879
13258.293019219585
14144.807107296516
14122.392641604709
14126.20110463951
14147.192490734862
13502.455586450857
13530.63446871088
13422.852667718438
11446.643686143658
11354.974304751135
10362.471676643103
10213.330977176765
10714.558773290302
9873.419378228515
10255.665506449015
9710.135524243276
10134.320713033365
9785.578818051012
10245.00818396578
9970.134450666083
10442.631523945933
10208.715824756724
10709.776124473528
10508.32894078906
11066.316847960747
10869.838069817883
11519.011678643537
11343.825426106356
12211.629361851923
12008.62179928797
13203.7624586029
13255.050903064384
13274.057392806662
14579.984253759347
14108.039666147331
14127.127063003212
14174.478753915106
13447.186295278332
13705.79443482985
14071.02464892805
11190.401646590846
11736.429259554761
10128.514713189887
10422.901074530228
9524.267564757123
9742.348174585311
9129.326091945126
9455.198629944955
9052.83613281396
9476.693356728474
9194.004396669197
9690.034630627888
9448.591586349929
9952.325795448
9746.910024964016
10285.495366053918
10119.11919479534
10713.862707093194
10589.609104256246
11284.91184913532
11216.115800929369
12105.768136653403
12059.634678185053
13316.284915384156
13046.388866014231
15071.18385572963
13945.898834020245
14149.164860472503
14280.211558037387
11904.465306088916
11719.540856811784
11413.970064414143
11991.761216660807
10419.635461641356
10462.065170102898
9399.746300320689
9456.061637378663
8733.942404124386
8890.490626414998
8395.69647253704
8698.30088807424
8369.455694378552
8797.295305765596
8575.046729430274
9079.983478514758
8887.394713876038
9424.632131648605
9285.361809838161
9875.257747583857
9792.970904492146
10451.350001553825
10432.474847803083
11197.36348555705
11249.819199451438
12230.115732947277
12315.780617729484
13653.037037279088
13563.424246358802
15502.184465928434
15217.984014250218
15037.748843615813
12138.272543232866
12254.156854654739
12457.909244173818
10706.46496364371
10731.187629309881
9491.13018781475
9386.065107480816
8525.336381566363
8522.705318669268
7913.685675233771
8058.839398160847
7615.843783595851
7926.834286853306
7652.5669251086765
8114.51871315887
7938.797183242636
8465.55190929618
8360.241392470989
8948.702054543377
8916.182617874332
9570.323832933394
9610.205656102877
10321.641790202579
10426.909288655526
11266.469255451944
11441.198176607923
12548.57212924657
12717.612804617336
14150.506965503935
13783.825427609529
14046.889315097842
14208.323345654258
11323.86503823154
11149.443425241618
10874.767532879248
11199.619491470903
9783.915667552239
9584.180550738374
8509.559941720028
8359.502367563595
7622.231839658458
7599.0718598813655
7046.558356826397
7174.736360508727
6781.198331707181
7122.365886362927
6924.882280641007
7435.899357065612
7338.166249547842
7936.808153776598
7930.912662386039
8609.493739670801
8699.90100918331
9437.594910659092
9580.5125936407
10356.510410558902
10562.636857557864
11511.078316956446
11805.374177986288
13089.830125104358
13223.894696930209
14839.881763970392
14694.158784405174
14613.551938625436
11789.582436683235
11924.737350602587
12166.714457296996
10291.598121405574
10219.011812024071
8765.358519845557
8402.562564288346
7518.876449035367
7348.1552957968115
6684.223773516143
6651.682780817458
6104.3447483812915
6236.782241673718
5915.599492501439
6348.291678493849
6220.6622160287425
6833.517749364514
6845.1489168554845
7535.348734133479
7678.538140308669
8459.41079359905
8678.591742167855
9443.520191067053
9690.516272313795
10527.939283485252
10831.938336821917
12096.672799804237
12419.017979670964
14014.73590197301
13674.661229130617
13950.058845523456
14114.228009725613
10994.038816040389
10818.980753855361
10528.12308447019
10860.118448026664
9240.301673932154
8888.121569375216
7630.701037910734
7334.101567734757
6543.936019574144
6343.014397268968
5688.831810612203
5613.260605705311
5091.684351496212
5279.743490782961
5074.631056178645
5596.892262861667
5607.738075939798
6352.569617759446
6526.56742038503
7350.828601282661
7650.8532204134435
8510.568495608884
8804.406468856554
9616.626183723112
9938.66654158123
10880.96779840185
11364.12203315802
12862.756225405283
13074.253237027939
14866.85572478576
14672.34005860301
14563.945156379865
11239.696143890547
11345.328719982605
11534.396929997945
9779.639732677146
9549.999704222553
8072.345732734497
7573.203309676849
6639.696709860606
6308.578001121165
5534.078791819612
5292.106935279226
4587.614531620518
4503.678536036717
4068.8648573035252
4409.709046369275
4342.48931641777
5026.04057133183
5262.389061586765
6123.981020981105
6510.421161493255
7428.5105653281535
7845.130853501952
8698.188999309648
9075.840847245981
9943.96723179284
10353.032384993492
11609.762302789026
12087.903595938471
13617.071081677366
13423.022512250353
13692.523547476065
13856.776311298174
10377.707679594134
10229.57052602303
9984.484300900485
10178.287588609388
8701.895959162443
8237.485790066916
6996.380679925122
6555.567008899483
5662.456251860467
5264.715632266735
4441.834215116028
4121.245474547151
3433.2145248031666
3433.512062990043
3206.6384272763885
3728.7427785418236
3929.5115947974928
4836.587158749014
5292.6172748987065
6272.895131371219
6784.273078296456
7741.767269495714
8193.594035813405
9070.938696717458
9512.591498808224
10484.140724773979
11052.559670838145
12442.616956362759
12763.46651299097
14260.113286608024
14118.105188571404
14047.213297045479
10362.96456989574
10393.131611524677
10462.520760640866
9201.524943585424
8839.199451856677
7619.162828067773
7082.273780782962
6073.683335635526
5575.790572496711
4655.11089867139
4163.161406283744
3291.909881763501
2975.7934402257974
2450.0005514719464
2669.0706464648533
2759.388526049619
3550.8094898775935
4065.343211887206
5088.918167311862
5690.546533349335
6697.613460480398
7260.910763516334
8188.65217835123
8688.390692052422
9617.58502438063
10139.620555511312
11246.083441461456
11790.955804280953
12995.726296552511
13004.382022671998
13218.37954294687
13358.50684299434
9773.512336548905
9650.59650673691
9453.242539806135
9490.717084166774
8316.626054358372
7805.182180630792
6694.909848292429
6144.034275960738
5164.1134767988915
4605.484847243275
3614.5016634690546
3179.840609295483
2445.2220261393436
2358.8964919680325
2208.6327315582976
2760.8424668202265
3153.102623227292
4094.3656989436786
4702.43418746211
5714.289047645013
6322.218062413978
7299.334220823059
7853.913221112158
8780.646976529197
9321.938829953298
10330.381466565868
10906.436294841738
12060.34119777704
12452.69290359327
13557.17671000924
13506.679459993848
13489.619033465497
9899.242548293578
9950.017995478805
10045.04991224117
8911.57373405718
8566.013171767427
7429.575322550934
6868.421684442992
5850.040055101563
5280.618591651132
4289.16400640032
3721.265465095858
2980.3105197720893
2778.269985245799
2431.473424414308
2711.18983137912
2885.4486360521423
3578.749791188929
4063.1501484959826
4956.857830011863
5542.642844698562
6470.840583264701
7056.616694662687
7975.4147281056285
8541.492939285785
9490.79704986261
10068.238443272592
11130.041671578287
11676.440149977081
12757.532140137286
12770.662903632403
12956.195671837673
13073.288224276761
9307.88350896816
9201.12574150621
9048.723669522642
9281.156714797691
8062.273408737797
7658.086071671814
6602.377987731811
6080.551639737674
5155.861982028044
4634.877504480194
3791.3476502265753
3505.561157834123
3024.7736661249737
3076.401838209853
3072.6514342792148
3548.9834658032996
3875.076477879481
4592.388148451994
5068.733362800073
5885.538842240975
6422.7105189010135
7286.72488668617
7842.7183404823345
8746.547055127432
9312.194668740647
10266.771291232382
10781.435180773757
11932.83334206697
12218.373229251809
13429.082056387271
13371.204693736752
13339.450868232876
9180.77137475406
9122.540112185314
9061.59028997464
9017.221225202878
8065.7778298905305
7414.08844674384
6847.826874131104
5999.37942513482
5544.906629962203
4745.699085496162
4364.373101747897
3811.2518748777748
3685.1113491996825
3511.679283214774
3796.347658855727
3983.4677949335446
4526.546953250201
4907.294226790027
5586.342068830068
6050.840022154263
6801.528200979835
7308.376212207378
8144.711078445961
8696.14804724168
9584.056250744174
9989.628787372298
10614.238559876521
11705.50082254503
12253.973746704289
13158.614710752865
13244.526353449575
13273.741667127444
9114.236672859764
9061.82697618251
8988.403815375064
8690.489641873353
7741.458876026478
7021.143836866359
6628.378963977624
6423.801986616427
5673.8419284846195
5311.602812679169
4694.537795360667
4488.166699919168
4161.336420514298
4275.722036215589
4316.494284927318
4712.456888744929
4976.852957423213
5546.292782318141
5937.300989834933
6592.97359119019
7026.0894604449795
7744.094039636272
8237.94173124232
9076.560649139341
9554.256540435432
10313.412340558365
10556.73739311414
11399.923538387307
12162.962870620613
12933.232072427523
13097.2038854372
13173.89034499164
7363.074619875347
7071.614092533059
7047.445007667764
6465.146697198679
6208.102192753594
5604.586537129207
5373.584545719601
4976.070097702613
4958.0851227906805
4856.4085917528855
5108.912203142822
5254.626418874481
5703.464233986825
6021.756558431524
6602.3779317160825
6985.043291000121
7601.604922148202
8001.362425055251
8696.933965714492
9162.983082191182
9882.881919711623
10092.103001335057
10312.798890096285
10812.891048891952
6983.751323508225
6833.849204869027
6728.956680386635
6844.164077493895
6303.6872546338445
6193.737981228811
5830.576406652207
5784.041979711305
5592.563963582835
5727.143453074532
5745.68140864386
6073.794690791219
6295.2349194191875
6794.647611248886
7147.216628246375
7694.5464900375055
8032.2651665979165
8562.8499744961
8847.65859511724
9512.925976713748
9785.228213188288
10394.142854561813
10405.193862334252
10546.072895743933
6885.376786535958
6818.854477408451
6782.359294454
6833.328678720519
6585.560516702031
6589.758265998879
6568.584295269896
6418.380608036323
6499.84561612601
6467.196987094851
6712.935699677475
6849.4361553385015
7249.568365337545
7534.663151307539
7996.972571458871
8286.062910920286
8725.935480304046
8907.753350312283
9128.032863892726
9597.433135553729
9882.417235546805
10302.607472258898
10360.52642264392
10435.141559445621
6868.504972681753
6846.665019946237
6874.25861238288
7033.047761007581
7081.171156066534
7110.463777440869
7068.154974083705
7240.799608691622
7217.751044115448
7412.1851886044
7556.521130588883
7891.64164759412
8114.31754147736
8504.732053497686
8703.586335366701
9060.279364483835
9253.258061706936
9511.700073933573
9613.202099476432
9953.71060108157
10115.372850436412
10303.954336055991
10347.083973121293
10394.018275672588
7553.399210982476
7610.407976742224
7674.262523084897
7754.461211878045
7932.05661137884
8065.483340838891
8376.67950661764
8639.584764551531
8946.052438442803
9191.212646346561
9393.079144246862
9567.471380227944
9749.278400900768
9786.169241841018
9858.406051687833
10076.459779908353
7755.086823433522
7789.852069811087
7814.216641906857
8087.04466155151
8227.453837338053
8493.83984386371
8757.949397337263
9084.77549703478
9342.43441570679
9578.327493287688
9706.290170761615
9846.782222242457
9929.642014561035
9932.92670001377
9947.600142598734
10029.106722262957
7801.583489900214
7835.0640775458905
7885.525611159179
8133.286847032476
8324.389591489584
8580.776896800608
8874.112507341162
9194.00183364487
9465.05821840411
9684.485219415572
9809.42584662461
9921.819336609722
9991.674139779268
9967.33665919537
9961.567601236437
10001.37833899043
7833.622485518175
7870.824598894633
7939.404583775547
8173.644484492407
8386.579565997372
8652.710581719854
8954.875153488705
9281.55236572779
9552.147633184926
9767.739860083975
9881.294769408078
9980.358894921717
10027.209374862647
9994.635492676502
9976.164961095696
9994.011278338014
