80.71772213906607
81.39382682608344
82.14182629510246
82.76770131639618
82.53531192367295
80.72321288380667
78.34530215630338
76.55022998882212
76.05935707528558
77.24015965373036
79.40427398966972
82.13143797250295
84.65083988338894
85.91189400927905
86.13125417361908
85.91739200478189
80.10904916986418
81.04167370546571
82.04617167214751
83.06257951994762
83.16728323472633
80.97971775250228
78.19906172737119
76.1725433650286
75.62101013491127
76.88466276460002
79.26322153094902
82.38745220654582
85.41920401670085
86.46149102735491
86.30257443756842
85.72183227060798
78.90777511434922
80.31779084523272
81.7458325282989
83.43905608218455
84.31889718201792
81.31236700779226
77.89519683308019
75.57376986696094
74.95962400179287
76.31548057072894
78.96830394272935
82.7149373326867
86.77266654308596
87.1660027346506
86.30945835686276
84.99272005552598
76.53388125761418
78.5512327106661
80.70102623847194
83.89921830397567
87.43267032624786
81.68523329654325
77.0464111347244
74.39633029458008
73.74813601376809
75.15864514362508
78.14102351543887
83.10015761172853
90.25748299208331
88.02649250724546
85.45566561981089
82.85141570459297
69.36904959280433
69.83940169633156
70.50288944867648
71.59159163061379
73.52946005952556
75.56944755145443
78.15349742742548
83.24282510457827
96.19346997743143
81.06569846017959
75.07836443711956
72.50614184030181
71.99215748722322
73.28623742846749
76.24149553981695
82.56822159958237
99.60534629894295
87.47086597761596
82.44641526835507
79.2772646327894
78.02363270472235
78.32715858949713
78.54172542281242
78.5997396003649
68.90961311225882
69.44589033856481
70.06633931743214
70.77688961259533
71.41805663874138
72.00194890455201
73.23825694476027
75.09994512641954
77.18486004524738
73.85237278897802
71.26875713656752
70.09027614923092
70.03976214515518
70.87354579462276
72.58838937972199
75.52411014056457
79.79217773847276
78.27501726989628
76.4135034558422
75.97780231567785
77.48513266192626
78.43271429308447
78.68221298998435
78.64984050663712
68.13384389013858
68.86788256361356
69.6969408249765
70.64050168968352
71.00927243048021
69.69362229916982
69.25255536620513
69.40543260476312
69.53687857568977
68.72263670885945
68.0356209413142
68.07082834203099
68.64099058466935
68.86994809625202
69.3762676223007
70.46367321611456
71.99838385356016
72.27929868722056
72.63053483378654
74.82595158374308
78.10195059146588
79.02495989886464
78.9444577104573
78.75236550661145
66.94118226926216
67.76882021501686
68.97940882239233
70.91981647426695
72.65925862805895
68.5534944500369
66.28513237949163
65.49421774406123
65.18766139958694
65.12998127991892
65.4800255778788
66.66883523183377
68.56493835330566
67.45472069273525
66.83576429460787
66.94566222556388
67.71483292190095
68.53910837037257
70.45772831271324
74.62603026076027
80.88226128613351
80.20027701333926
79.18905301471722
78.52594475549978
66.78170388012576
66.71477940825514
66.50131017632359
66.06612843499519
65.70758510728567
65.98799523669447
67.2716326022992
70.65551140048885
79.41406590236701
67.42452107709325
63.563975019352746
62.26943106332473
61.8984734140862
62.06944384459621
62.93839202560438
65.35160217315656
71.7396856395498
66.16969329830383
64.35892171141705
64.04481457575021
64.60743392616217
65.72057513527626
68.50994997820526
74.29922514032549
89.04801794495077
80.84225962970957
78.14115166230772
77.408313614622
78.98502908291037
80.76125003776212
81.7904999994129
82.40169772882341
66.885149465442
66.88226735956157
66.78404860294513
66.28732640795991
65.2355469590782
63.826409832870944
63.60842502837352
64.25352845363798
65.18352724593186
61.887935644779056
59.935978232217074
59.121098915460536
58.90322952453329
58.95562902200208
59.53559277534735
60.782007691488275
62.588358452804606
61.65734874854658
61.04710007138042
61.213116965608265
61.95097653397762
63.279630342919596
65.47533993511107
69.01156733986673
73.94959763778365
74.15178523340424
74.2842577043355
76.37765255296712
79.49669857148012
81.59892134299432
82.57123904031911
83.0925602208934
66.93431766431497
67.09358574087058
67.18812093777434
67.01492214756254
65.85919878411961
62.86557683972134
60.71240626895857
59.61470319792019
58.801624651599504
57.40200941904748
56.437624284539865
56.203654174315844
56.233029985965075
55.875469654448224
55.89782639600838
56.29992604179949
57.03332048942073
57.29323283989808
57.63894163145601
58.550825560911164
59.954585193381995
61.14112495567451
62.65963764526879
65.08216404832949
67.86890154764926
69.79506037508915
72.41151388577788
76.31515290263522
80.93439860866583
83.07497919508683
83.79795507705647
84.08634545582726
66.66593422916169
67.10661677095503
67.68488133968768
68.52029353292578
68.6746482431401
62.68270871272707
58.6920280064758
56.33782848615715
54.89590020889395
53.75658534162909
53.27534213041397
53.676607692758054
54.65778298095923
53.13172792965067
52.22141891867874
52.0231578771347
52.455745207548226
53.20173342302815
54.28972767495869
56.36422856935313
59.157693298604315
59.4666862363165
60.38933963018844
62.2378789102556
64.5316317117057
67.46811603008976
71.3621899607233
77.07487353799795
85.03003906619027
85.79168376817074
85.51079788783956
85.13510361713622
65.52282362155702
66.1671284848446
67.27375407225658
70.10844238737876
77.56014674403772
62.62900510295392
56.680554767258016
53.60141947666871
51.75289795502624
50.56046212299393
50.14098287554409
51.28543025119611
56.02637006268198
50.46496878306363
48.36283326321822
47.77264943572534
48.132087892107094
49.16571308239973
50.98237492462601
54.39927259357018
61.28376619866806
58.124671227333664
58.15634110452382
59.88338195437835
62.379687323602106
65.55685565978996
70.14713760356916
78.09634755764567
95.84885714131786
88.61953674103678
86.1771586318669
84.93845004368933
62.907015593572794
63.18152369199873
63.54885597580851
63.98644188260022
63.66673432098518
57.84455013337002
53.624213663387636
50.94678372283006
48.96254523397774
47.37070707336514
46.33672480823898
46.10022548693906
46.57922394411792
44.80454676325194
43.617191514202204
43.249728641070185
43.82390468908581
45.01172586640455
46.87907213123597
49.74716124148639
53.20260438805487
54.08761302635432
55.51107086477558
57.721850002320714
60.412897159538964
63.510871073253874
67.70150427859559
73.5164019939431
81.01617373410497
81.94844231595606
81.88659149990355
81.71160861500783
59.78948221385518
59.674086417690475
59.413488694024586
58.6547810053341
56.90474407555484
53.543731289944716
50.75412553685194
48.631515127165244
46.76352152921315
44.5474899569211
42.55114534471779
41.07777661064524
40.16548567645545
39.10777680667687
38.53855481232806
38.689396494616005
39.74174057973373
40.96165168584031
42.71591184931317
45.27420316957679
48.13042090897733
50.3997547906051
52.9542639785619
55.86387972233123
59.0009831022027
61.95157349299338
65.33219592064079
69.58457331557156
74.2494543909523
76.66641027972346
77.6640968513117
78.2128587827442
56.910789229068186
56.545430754366265
55.9591619873812
54.78883708473893
52.889044316536676
50.41896304846552
48.392274937785416
46.99100052386444
45.78110867431832
42.31495733555513
39.19174439367484
36.64228380037449
34.74729995949889
33.68321520557788
33.58013587725727
34.75702553564195
36.967779270535246
37.34914386755409
38.69668657099723
41.20062605638683
44.1982591582152
47.34268545083385
50.74950624652385
54.66569653561919
59.05560166744037
61.1987380032538
63.75251975267114
67.14381519931648
70.82334893900833
73.33708360241182
74.67421528646888
75.54185818162723
54.88329603374105
54.42683093757937
53.739461209952516
52.47280482095543
50.57810291851658
48.32660564214479
46.42015810319161
45.83538921720247
47.6287799229696
40.44222890844106
35.93167362776868
32.51439337362667
29.89446868337058
28.433424063093018
28.62120084333164
30.876698586424222
37.00571432073066
34.16584364056823
34.94045371775073
37.49872018103486
40.92182782523528
44.68487740056287
48.87993300215552
53.93868639528363
62.04866555479612
61.0840036713102
62.67227929971919
65.98922503865514
69.3901231042559
71.87147301860222
73.26729809969946
74.21043797228828
54.20581034955565
53.78529303686746
53.142880510830764
51.89908693107221
49.87740689059652
47.14342786573348
44.58958677042691
42.448397005241624
40.67676528013552
36.46058856011871
32.30266254500404
28.61344716813514
25.42149328028949
23.39865054935361
22.970189499235712
24.47061891812348
27.269154846554546
28.57340327945222
30.80606351681461
34.199520398684186
38.19310023989264
42.29131884925583
46.538198365369226
51.12019713685108
56.0426388827296
58.67148618760752
62.14101253700788
66.2609333283023
70.19605867865872
72.73079591985696
74.0279757589446
74.86786752390678
54.39853970733097
54.1310854395865
53.69804937575245
52.7273095413237
50.738143756701966
46.976818292165184
43.28407294892867
39.964385414436975
36.68241966201165
32.884010657470526
28.957396718796243
25.240490035674995
21.936808373564336
18.983087320913196
17.714674657434994
18.6844691938814
20.910691903603706
23.69664428651979
27.187327494286567
31.567241596461503
35.92450091978687
40.14517622981853
44.384157840097664
48.70249693120848
53.18931349882598
57.5448688896693
62.30239650369844
67.56267479994528
72.54206075880775
74.89956875683706
75.88229645976169
76.45200459113316
55.1988037479847
55.21261979336069
55.223503783976966
55.12230584523049
54.18331523622171
47.98991829733517
42.654949926496556
38.272540825224915
34.33493239793404
30.402825653278278
26.54035806885494
23.10422913915321
20.1500686407875
15.8675729040615
13.462879868354973
13.923493457049245
16.245420423760613
19.99387594233805
24.62959287321029
29.808721272842412
35.19753953626755
38.68127887237452
42.81040916889909
47.23184378273058
52.05332526626243
57.22963244968783
63.14836814298271
70.05495891868888
77.3723016096112
78.53024757993994
78.69857936390082
78.71444179884442
55.97598592662731
56.27401678278378
56.87278192573712
58.61389020114068
63.55065225467487
49.63132807970068
42.126835649068894
36.93432717240969
32.56203071582823
28.442654716113196
24.506356696894635
21.593290552908314
21.15770553048591
13.756492910215341
10.06865571523591
10.179496200033727
12.881148316629893
17.350981255396707
22.589207147710468
28.76214924201578
37.09491954639043
38.195054348825465
41.663810882736016
46.34571108335961
51.528871154811526
57.187651678936
64.03458410511838
73.15372670740739
87.63032121308913
83.12597044704593
81.56719715717114
80.79688142538221
55.934323057271165
56.022987283957264
56.093843028034954
55.948997700057014
54.684233573966075
46.994185022793886
40.69885246238826
35.787210141394496
31.392533140128272
27.015104018145454
22.813442420293466
19.04636994989378
15.870959975922005
11.11977912659514
7.880374119418574
8.02837027693981
11.218635785926244
15.96721272708136
21.22359859854221
26.924883299501303
32.71533788696446
36.57986968114961
41.08860041560805
46.326011973796675
51.78688853113792
57.24691281642905
63.49436404643832
71.10628334634792
79.53440483761463
80.83567004113009
80.88446872283119
80.74725520066885
55.42152032837529
55.20975363683737
54.751440409092325
53.32745779802523
50.0092269326265
43.8726925094751
39.02670023072862
35.300177436616835
31.71622397555485
27.085046794238735
22.441863619186215
18.229803779601014
14.297466859772134
10.601720181784975
8.667610341862309
8.953275300694363
12.262069983794856
16.439519651082666
21.315572948607297
26.386592250070187
31.45194247253611
36.13578556919068
41.544463060918496
47.39440156109139
53.32576058557319
57.8883978012071
62.89827347905779
69.35262228391805
75.82520469428398
78.63770557416001
79.58440188427842
79.95202726366479
54.787085864929495
54.28678284728732
53.12536235105755
50.360473794956604
45.82600685959938
41.303152975570626
38.57067203674454
36.67178779471166
34.49772098662
28.5606827681607
23.129736240334537
18.597404192321637
15.019883326807218
12.833901000818054
11.785839165753032
12.742696088849444
15.771497115440964
18.68324834163374
22.710313580993887
27.353838682803605
32.1050552160681
37.161436576388624
42.974656134989594
49.88451585224395
57.3301713787245
60.079142332728736
62.96215802696172
67.81828326652037
73.4115907536562
76.83027725281225
78.34276020372081
79.11049437796859
42.254526662662734
40.18472125630939
39.185101858213464
39.34784089880749
41.777088746887024
31.077201060461295
24.583999238327156
20.44513934583916
17.93141235939929
16.19218345584931
15.487285825294606
16.931385961340986
21.713192908847564
22.066639098356884
25.21903741235438
29.69254046494044
34.40601457038553
39.37846838245901
45.48739415555894
53.62926609685298
64.9620610527052
63.112826599766876
63.684826333877744
65.89095860031513
40.37382126636031
39.26873287091816
38.601964287060085
37.913467020641896
36.492005526051656
30.485398484512555
26.142668153992467
23.595392951529572
21.82113095396037
20.360282227402173
19.314620354952933
19.93950876437347
22.569643655405105
25.104227433740956
28.571273956061717
33.02688693741436
37.60139390156423
41.98422631785115
46.96801710259638
53.411597983406814
60.249696469836216
61.648576974889394
62.465892245690625
63.83175115785899
39.31706313358792
38.61101498976313
37.82520854283599
36.47575298512653
34.23003757746551
30.57054252611178
28.68824809915455
27.818882949881317
27.04693788252264
25.34174877871953
23.86917925945329
24.027465422632687
25.832044255942783
28.862365192489676
32.70603537752475
37.439477665922134
42.042749241436894
45.26566134122512
48.56904603049442
53.41853481025004
58.38696325217487
60.49853870762503
61.57912238485354
62.49599624621434
38.703021295427895
38.032643967442795
36.99440672315894
35.398337573792936
33.58183701085543
32.3974295194759
32.29062024907487
32.89867940942199
33.81463365733523
31.100509772459034
28.988697874568025
28.6679884842792
30.173395051824496
33.346439581300594
37.450489586410995
42.526539388066894
47.82543379562532
49.33626826813138
51.13172507061189
54.137990977782614
57.757604609488915
59.85596367213541
60.98109532591674
61.78640981410362
34.642464096871954
34.882098515195366
35.727360428208584
37.9042135820175
42.265223589189944
36.679851692849276
33.67550838984978
32.93057557024053
34.18900824971323
37.436301854468944
41.767077754070165
47.30891711248637
53.96890351044139
52.84145956412413
53.04763808019353
54.518810270418555
35.88376893085834
36.30113709648533
37.07352867370823
38.50559995338696
40.054964712239425
37.722704928048756
35.97310266183319
35.67211150055248
36.93895557297581
39.969066630557414
43.693002411151014
47.8534694303723
51.78909865890131
52.33840994358402
52.80973390575173
53.72323971329295
36.50869084987716
36.88888113060341
37.52158019259722
38.53745410237189
39.241101599322185
38.011380471915444
37.0056243646681
37.100103129715734
38.42132160325351
41.21583064200487
44.4654031155329
47.86184850662132
50.79392779908558
51.82197351256969
52.3966755543927
53.01870179032979
36.851960577275136
37.19585455743198
37.75117680250277
38.48969679087223
38.847109694484814
38.15973516054836
37.64168726089572
38.02606006333794
39.39349566738021
42.00074840658067
44.90714732734519
47.79703238672249
50.23562358769729
51.39008789385476
52.05460767347007
52.570440346531306
86.87126860729023
87.2876315782416
87.74183769311595
89.10749057737605
89.83332992230423
86.97808282063049
83.67085646689199
81.25777319498918
80.58572629038724
81.92811916948085
84.47572425422533
88.03802589839518
91.98186173709378
92.6900481498799
93.03150328202352
93.13719597004959
86.56737933209584
87.10397175339598
87.5345035744352
89.14079936267217
90.2848453927995
86.99834917384514
83.51700937248947
81.06294049141025
80.38731747297439
81.73216708192955
84.32511220301512
88.0699300864417
92.50707020528868
92.79736962490604
93.17774966442319
93.21556667849266
86.00485748363477
86.82946693084689
87.26390484492248
89.14205408634378
90.89695746101094
86.97338224222352
83.30911987736785
80.84171137958539
80.16701118316998
81.4970040105568
84.13313519468838
88.07270215421632
93.2028843392921
92.83944675450151
93.43786025042078
93.25935073054697
83.71484944932513
85.57306975315261
86.50108775120904
91.04204268590486
102.313839035569
88.60292087394218
82.68041672473355
79.71673110119798
78.98959772143046
80.38129090400635
83.4445537220149
89.63780326956545
105.52644950512124
95.54936888706104
95.33021518517127
92.78212610929934
75.42342814783916
75.64924873926671
76.02969641979215
77.25617236912063
79.80858796536087
82.56918030593916
84.57477376176891
96.6948982319578
188.15449656564127
93.55291648140998
81.23803991557524
77.86675083273438
77.23691750689768
78.53356915947023
81.92319278179852
94.46849702715741
195.23233998315115
102.54020031865069
95.80638364136566
87.91887119311708
84.35250019408569
83.94563422710787
84.10850830865478
84.27002059458724
75.20168285957102
75.4443433197317
75.69764762032034
76.5563709295536
77.2896137133649
77.49422935041939
78.90216650416849
81.56065761182373
88.29474312146512
80.14617393186437
76.7193128745668
75.36574267375245
75.27704403026392
76.02169638202447
77.76978294197879
81.41990649656489
90.74884500366329
84.52387516792201
81.96149030380201
80.7075485389511
83.11274671452992
83.78724385059994
84.19456792658572
84.42694609686262
74.78046907464339
75.19961279424632
75.45346556691425
76.5093992564244
77.35620378089813
75.32683374765152
74.78676165027935
74.97537420672847
75.35820995378661
74.19900301913992
73.38081633116026
73.41909632324668
74.15635605764466
74.05532280122638
74.44457095569037
75.52711172698902
77.31733821377352
77.24508680754009
77.37329562895994
79.65821368338473
83.65581529987503
83.96029838858892
84.5848224067612
84.82158797161644
73.6361324199657
74.41260890686235
74.9721540816977
77.93729587489386
85.07349757899053
75.03571438106937
71.91640132762281
71.02460731456684
70.69061578731936
70.57125485412872
70.91477088148409
72.4936125908934
76.99599652940068
73.08757270640642
71.93504009811416
71.90955718154622
72.60904287570798
73.33385860334418
75.22608625169842
80.24299865434027
93.10657508041389
86.4676817199157
86.71213384662393
85.89619219560764
73.07657007518941
73.01986214705866
72.92364035242042
72.55476069541147
72.11194302664373
72.62912644170815
73.82622447459394
83.110194017824
152.38200468669928
77.86060802285509
69.4932337120086
67.85637881393265
67.42448860603999
67.56049477342792
68.59207189343965
73.65472009500479
112.62464010346235
74.28922598785233
69.63676956953633
68.9884031784281
69.43078022615185
70.44630306841297
73.45654643288374
84.08351983728706
166.11594143511766
93.51274790374389
88.62999401421177
84.31541976508169
84.45894394873179
85.54096299366023
85.98353772058344
86.34284043408928
73.16864448330283
73.1197843845986
73.05211122156089
72.81612254145608
71.73145124629954
69.49371555334743
69.50307502632536
70.87853286070259
75.6652096914345
68.23154019702592
65.66277823353212
64.75543808772021
64.49983235999589
64.49682633687534
65.071507839014
66.65570613301382
70.755873822479
67.2920988438267
66.13905920573065
66.12671049197061
66.73907101607881
67.89841026810339
69.98114093665183
74.0018063440797
83.20775433796436
79.11004532350798
78.3548923681922
80.14390961537545
84.11585465249121
85.87033438472005
86.4049980196536
86.8323315199175
73.29198711217852
73.23732254520752
73.14871926435472
73.15811149680918
72.48538660912106
68.81606467603669
66.55020649640767
65.48805322899942
64.89436788378825
63.20951154570959
62.17547363063501
61.9382601634865
62.09609715479838
61.52111892116933
61.46274378911472
61.846857375049474
62.66503608323857
62.56244801970394
62.69245125425501
63.47278624510612
64.86542359437638
65.69965825086364
66.95938998760934
69.17347351939829
72.01209241213904
73.47938987102638
75.8226923329573
79.75169445052677
85.01747752438767
86.44134429606841
87.19200054932253
87.83323149713154
73.66972106491167
73.77381851660816
73.85770233869498
75.84338667396416
81.09571286401619
69.43670396165916
64.64951523866705
62.20881401062846
60.758077451697375
59.58349079594116
59.1137567981077
59.8728653598803
63.13312292685228
59.24363961815179
57.88459659032913
57.57711270416107
57.907216237123905
58.445478795587626
59.374607746773194
61.62993819966049
66.42815888145162
64.25245948329037
64.48914111011828
66.0293047780112
68.10581378407767
70.8406672131513
74.66650746301548
81.18069461982601
95.46308400021432
90.51334172082873
91.27519245653716
91.67158192972363
73.24880576012896
73.65409721468406
74.19292549073629
83.62015329661847
149.8344499976327
73.31203135245565
62.94085763903214
59.53745814187851
57.65843140698579
56.462456270147584
56.229547734954316
59.88112616680422
94.35417951266294
59.01180984814318
54.307097594662366
53.425900756600484
53.64944119978074
54.46429367221927
56.24252414559652
61.86375066990596
96.36160117643989
64.88601851774501
62.123919302570506
63.41371725867923
65.67981586376999
68.69701859975888
73.5426103853906
86.31316317559309
169.6386897544848
100.78776105702184
98.33696463701946
96.60307681710779
69.76591671976965
69.79250573010884
69.77851474219932
71.24003817616475
75.45242447981497
64.61375430850593
59.65320375895653
56.916113246644095
54.93619751587914
53.33393445396626
52.33243394665332
52.462009090592204
55.23341450852126
51.1196829650287
49.50307663326222
49.02013195796699
49.4715165925034
50.37595444749634
51.9786632717007
54.891695607296576
60.09003206859272
58.3681098576863
59.05876909907402
60.96505833891741
63.439625486896624
66.31912581745786
70.45234081789997
76.97482209446092
90.00663455260324
85.86915870487265
86.6475100083522
87.0673432267097
65.8265004546918
65.68072288555054
65.48315134781055
64.91176579369659
63.61911300340646
59.661879590295136
56.74288672957458
54.67360208821963
52.9551850916972
50.61738041283426
48.599305737356396
47.154566350314276
46.40177739314106
45.14868671334179
44.51158365637868
44.63580291676275
45.728739114530846
46.44043643617238
47.76743549010614
49.876130475772186
52.38198464896382
54.024808311960605
56.17806327475772
58.79267155077037
61.78887901650829
64.30611153122078
67.47307006548532
71.75796018615068
76.95431895796949
78.67059296127428
79.37597403164476
79.94312518653192
62.376930081849316
62.18047664056863
61.9568086777433
60.837645097752954
58.97640335010488
56.42486277232044
54.45780345721187
53.41474475205272
54.04619909761934
48.7547679396718
45.35858316171764
42.783580106764134
40.8989537812066
39.81085030596092
39.71274689275929
41.24948958127518
45.768543024153544
43.322674955382396
43.7136324053323
45.51752157894246
47.94402608717218
50.57666870998781
53.57440547012604
57.36644117459755
63.349376866861476
63.33325176967176
65.26527742335361
68.41372378250998
71.97594943215073
74.26369843794157
74.76035712889902
75.2230899916546
60.17451263820479
59.97726699283383
59.75673485047851
58.530256492425096
56.644372595481784
54.37565549446203
52.71571703248109
54.276612806326106
78.68945508603008
48.73533599815635
42.32858405550599
38.75051497828472
36.14173225573741
34.696791430499324
35.05930958239055
39.89092167323176
73.74473390140932
42.54809531144089
39.93419501538188
41.56092968073733
44.277944064141266
47.409105169984464
51.21014024814405
57.74371604333554
87.80496832397867
64.59843991918224
63.614997344956905
66.44700803666564
69.66982727937943
71.96457871016115
72.39594561984192
72.80384019421523
59.623046498221
59.43352459008354
59.21277741492275
58.023384497600624
56.042922635925365
53.22595792775504
50.738898310742265
48.98607429154568
49.054208466851236
43.03627675927492
38.61446337093498
34.90971031563553
31.751163994622335
29.749627667008767
29.305799152792613
31.130561734497995
36.10542198174898
34.469597363651474
35.434282334127
37.9086388775103
40.98294396216515
44.33113893772933
47.94111442680919
52.24465626739384
58.624226052486534
59.06612755943895
61.86271637851516
65.78010096882268
69.63813129661335
71.97960615019318
72.46898945982366
72.91007171367995
60.17416433808048
60.02182659546753
59.8383675852672
59.00531198003408
57.371526959607735
53.22905911237397
49.48383748919339
46.224058220402576
43.09956959101543
39.235537131728734
35.31314352432226
31.65731629072945
28.52462568357305
25.456330530593235
24.131395214203817
25.036721264104454
27.19848437957356
29.036530956852857
31.47658286008878
34.761348554685924
38.133792401488705
41.2519683624797
44.65562356169566
48.45750459546114
52.665968306177305
56.5283239588195
60.9606709917606
66.16614060681698
71.5473587757831
73.41822394649685
74.01157376626202
74.51658263542761
61.66426845883591
61.63663688700262
61.5827496731273
62.34784526143614
65.07873045008404
54.94563579668666
48.98332388802774
44.567457416918174
40.674981589227436
36.791386692551356
32.99915380978545
29.905182927171193
28.664857605502096
22.732100209978462
20.03489050314487
20.379814416048518
22.398128713188388
25.1084334797935
28.47148284919844
32.57871321846738
38.098178993290475
38.83555264846885
41.976232478561236
45.73575636421353
49.97872184234895
54.78958940736691
60.656295626397245
68.35119861477514
79.77018847153616
77.31073490046234
77.94226058136938
78.31260874686244
63.36596918488026
63.62770694415374
63.99147250632137
71.09533556881158
116.84755404104756
60.19115044230902
48.81459628711561
43.31516155101927
38.96314122733173
34.90633370855684
31.14744712844819
30.104653067784653
48.22094926024853
22.313429508970007
16.88286353558697
16.746714629151295
18.90556086342364
22.06474762464909
25.890592179558627
32.03689431031601
55.58004210029865
38.628941755207435
39.485862016419816
43.25629794637154
47.862586910004765
53.385262506385104
60.73681633570874
74.09528597325317
126.59407564328504
86.59518803439069
85.1091092960348
84.0660683477831
62.977077918234436
62.913265341397874
62.78483263624031
63.888332707393836
67.32626691581889
54.40329317176864
47.1896867222628
42.22111968316116
37.86967451249873
33.52048037732256
29.381989487555888
25.937714312245735
24.419087282921943
18.068300882018878
14.542839125113273
14.463705978054813
16.80537194197793
19.97354574579813
23.46725378363908
27.306060137964124
32.80625700160931
34.00755183035457
37.17115557953613
41.56010680734123
46.6271530888534
52.06236903717755
58.80689448557444
67.94758751287047
81.8156528386946
78.836565907661
79.80392144916613
80.39520295359482
62.91537918330878
62.894920248825436
62.8942259116637
63.38369507981681
62.508337068767865
50.974822862969326
45.41107599853155
41.846888238250926
38.54005239233601
33.6542938628498
28.995035017349686
24.850160930313336
21.05270966377674
17.2338176748718
15.017397059961883
14.755906185799322
17.113398081827334
19.783005284611495
22.588211929792728
25.31557038244034
28.6452567489514
31.853613747263996
36.07663436655611
41.41518501638312
47.70031849308682
51.99008766452015
56.796147093650745
66.40079867666276
78.35817685492398
78.68689857041974
79.118808857055
79.48562603424206
62.71319677296863
62.57894620269628
62.299940052389346
60.78239954776707
55.258274937513804
47.19003801144842
45.12059816200183
43.922656386797186
44.45483783563826
35.67769823387996
29.7487604236778
25.205636159057182
21.605718900851166
19.068775270174108
17.675422253864163
18.1100008759501
21.145933850344598
21.313673876551114
23.08945015242159
25.187970637791175
28.10510876406052
31.83986689282464
36.77759930831743
44.396441979189454
55.07526199428014
54.88074186957813
57.142012428873926
64.27907431560534
74.34453812690163
77.40073886760145
78.27227683470676
78.78206133709662
49.315594619451595
46.61369610338407
46.30075989679233
50.053487799024666
74.60135716776935
40.955791253158836
31.46396281739097
27.0453028927388
24.206328193338273
22.2660811086801
21.22433364368031
23.13422530444067
37.361304976445695
25.081148404554565
24.977196595871327
26.677828846862116
29.576923226311045
33.630516538513085
39.550962323358036
51.26934497169769
79.93783607018764
61.60607991352788
60.9190821516879
63.14651862444453
46.64040629760566
45.72685787310497
45.42633813385467
45.625152874885465
47.53786769965341
37.83977694264501
32.80122725111136
29.98446428783033
27.98336879010837
26.321232905860956
24.897674669556814
24.7525201878613
27.08084098969712
26.532860636316766
27.63446547005502
29.54072977846816
32.39819314841094
36.10504417721971
40.82542205494166
48.17027008561872
58.70840216029705
56.98218407497725
57.903831597020904
59.20046164758578
46.01539292584269
45.61999350014255
45.467672073318894
45.397508292651096
44.75662576536907
37.38606969719579
35.13522608606146
34.12352721429003
33.564643852345995
31.362164684490786
29.29145406940729
28.414570464023214
28.704260228870137
29.700475524878662
31.310915286358746
33.833172185861784
37.12980885932731
39.39031560325332
41.997236032473445
48.3713470768017
56.85805913749202
57.023655526730614
57.49097419120259
58.13160533324194
45.77388531401392
45.512409199014954
45.26669827612188
44.46254902906296
42.39341526550211
39.12709238299605
38.70926441049107
39.782418809227934
42.94304188319223
37.69669861948367
34.4574476552393
32.797754964243886
32.66012007909137
33.89907908551645
36.003997288144475
39.622083403757216
45.52063080886245
44.27594065354105
45.454281101651844
50.11285650830221
56.22084919829518
56.962444332637645
57.334349360995226
57.74629307777368
42.62304220642692
42.02349303788574
42.489173490110176
47.16021976964024
61.225527371193344
45.57686461836816
39.46147470724673
36.85013066254545
36.39911611392815
37.78399978093199
40.51847971313672
46.441693757913896
53.96727417982035
49.72470056866116
49.27572946156514
50.918114201962766
43.09894757697394
43.112778277106685
43.42127581406712
45.42385780520109
49.23267506520203
44.187654469476655
41.12613180210124
39.28399128415174
38.886026924944616
40.064277830172394
42.01532972714362
45.19144454495515
49.56754009324709
47.7864634544428
48.1112606519141
48.72466373869098
43.27666746088685
43.416003999080516
43.82903823634752
45.78617696931026
48.54699102821589
44.62380805725815
41.67094855457469
39.77910722070782
39.35187601812724
40.53829100610149
42.475295176878625
45.535886338363255
49.086309821434995
48.01478825077468
48.058114161452544
48.34234087281562
43.4442659861533
43.65038833056673
44.165753981814134
45.98620772057766
48.03654702179365
44.88028700253616
42.11161948622049
40.234326010827985
39.78579835951312
40.95797007921836
42.86126523047422
45.734997179855576
48.711388582741286
48.1134321809749
48.069440520439315
48.20878833327998
