153.73262440932675
154.66399123412685
155.76242962843133
156.79863263103354
156.99737203763243
155.68660157085756
154.1217064000805
153.12846494332848
152.50995027131543
151.5223351582253
151.0602570979193
151.63852798958135
152.5105187110888
152.28681419494126
151.34215561739046
150.1993673723816
152.916822132747
154.15114833680474
155.54218971819554
157.051751702857
157.62984239831144
155.888504746797
154.03237138634879
153.21479601525957
152.90540041195345
151.50552158422263
150.79881786778554
151.6239259497061
152.97439440962376
152.41470468350892
150.96346117180124
149.2137943147877
151.35595361917186
153.17257405238658
155.05036440530228
157.36982351251146
158.82949319387134
156.09453959533784
153.70206683725198
153.2766962826404
153.8030411407347
151.43204625907916
150.25300680664532
151.54051989905437
153.94837247477668
152.5183287069321
150.08648761554926
147.0177153532606
148.34518821926608
150.91206000617123
153.61679891185386
157.68522698742336
162.2352428929603
156.10044880895595
152.466739521391
153.06838035731715
156.6776261532419
151.03430680354322
148.7075572761996
151.0844564356651
156.99616625363336
152.2501845498924
147.42637498784973
142.10161270226496
141.02559830062594
141.3548337562463
141.94373731005692
142.9095492798035
144.70987390806414
147.22091320935132
150.4434552377056
156.65655738435268
172.28973584480602
154.52829074445216
148.99898640698734
151.20120146362007
165.91606214576777
148.98854675702697
144.89120589493302
148.88069931092878
166.64067745034774
149.93545924409491
141.67606768628235
135.1578541746931
130.13667393861303
127.79567670119005
126.67553733220072
126.1386647347026
140.85690919938526
141.10606407217193
141.56465835091578
142.22010195517888
142.56291544381472
142.95220714639316
144.53907595362736
146.87892438198529
149.24780979805132
144.6935307654887
141.51928406119637
141.09709899308913
142.67159028474725
138.8433273956898
137.11235881251787
138.2943224573148
141.2801937278917
137.22208132237265
132.47400331129145
128.95833681283887
127.71848819732135
126.89152752937747
126.266378877737
125.80756418803801
140.58742900999505
140.90637447600503
141.38767946226787
142.22267466824928
142.39006690512377
140.4478756311978
139.90784200047673
140.36814163472366
140.39575587140754
137.6910153738251
135.26638804248523
134.16091416148276
133.74272379934226
131.6637178295377
130.318162969627
130.3770429064387
130.89078756912414
128.752878684923
126.20989794588891
125.64527778603652
127.18254252917114
126.76382281095881
126.06924074675017
125.30880413342457
140.29264028355226
140.43234643869843
141.21096778649627
142.8125939438236
144.6268010746844
139.32303772989178
136.57405520252246
136.46400728164687
137.0683505545487
133.1660603805856
130.4728908246974
129.63366199149306
130.02190769647146
126.78643720915628
124.8192779952184
124.8975561849221
126.32404973426553
123.49690985675231
121.76219707066173
123.61571069944266
129.3310337708731
127.42867952931641
125.60117793657784
125.01806302825024
146.3930531363063
145.79916336109852
144.74022591574678
142.87101396181276
140.62456051353558
139.4546195436831
140.12105164367134
143.3048840726699
152.93770357225526
138.06427222214276
133.32591258773894
133.42096965955605
139.3914951334186
129.49701842959152
125.78544646049659
125.76979265432783
131.19634195229213
122.5533792156702
119.38268040152734
120.19381661561334
127.67694167820963
119.08844013019964
116.97142105430238
121.19459517054672
138.38325015468763
127.40230953382066
124.32153242181397
124.9331999977106
129.156616656001
133.66712123304967
136.36138394311217
137.92886607239515
147.07943337119056
146.68909033501103
145.942790160721
144.32475523812647
141.720001910246
138.51501358124762
136.84910401337243
136.62996210907957
136.4906367896333
131.09807186696568
127.747632186926
126.2375923613174
125.89549551999983
121.91659250427793
119.09741642618745
117.92635931450218
117.69363516611575
114.27979362118884
111.87432010675728
111.3677656557531
112.36746615558555
110.05790486120938
109.49867574910883
112.25745845989651
118.06502431654108
118.82608150569116
120.37082815999797
124.95856222819774
131.43023739168868
136.0657590994522
138.32965052654788
139.65137313290106
147.90411096081067
147.74232505088668
147.3556005197088
146.21138446778963
143.74526459694863
138.83551913328918
134.9900958463991
132.42417345017705
130.17270144522664
125.94055581129903
122.35129942942454
120.04421231281032
118.13470054042345
114.84549515606872
112.03779316120584
110.30237955783718
108.8991829775085
106.23527407164464
104.02082544699448
103.11332136683082
103.11916599302197
102.22334070380958
102.64555614781204
105.44833193979517
110.33325147563777
114.1372544075162
118.97781133666776
126.38064767135891
134.8807190975992
139.31461933173327
141.21372177462388
142.28962228397077
148.64769070225447
148.87815483329106
149.16477845928497
149.45187498216214
148.55807442812676
139.94046124232446
134.10856282908358
130.68375261038798
128.30001402339744
122.56829578038302
117.97083676022585
115.1499074649957
113.49001330803763
108.82073074065062
105.16158131788113
103.44195644204001
102.65109237891593
98.97578539731563
96.40215763463286
95.95968868941267
97.13262385396786
95.9882178934951
96.99854250714165
101.15995025867726
108.18303626900787
112.23020046539179
118.99729731065091
129.10234558372122
142.41319603012147
144.98845994804748
145.5533684649383
145.77129824927164
148.62903184235168
149.16114599231926
150.17663829711447
153.05709081714187
161.4195687602152
141.18468798057546
132.84261151062097
129.63780395377233
131.806951119697
119.97727485121898
113.88502377481494
111.11650079196141
113.48786951274619
103.29165562257059
98.24849941872377
96.93551413201625
100.6646082823504
92.04404121131111
88.70143373324424
89.3916544157198
95.77296696431229
90.78287774818469
92.00025740265018
98.17497867685564
111.62979108329718
111.5445229062577
118.66416819408848
132.44394065709096
159.68086566359773
151.75339179765734
149.4760930784914
148.5681209904223
147.2821950142709
147.40983686725406
147.51409021801518
147.35351613175862
145.6522634467972
136.184699469737
129.03285138680263
124.42749516019674
120.9100804156247
114.12871069406678
108.26466270661776
103.8873042754019
100.4397480975411
94.39254347087943
89.56006657599488
86.76068159611422
85.36595354857673
81.45353295911913
79.15353189203817
79.50894786245958
81.86279183764164
82.70002320539345
85.92972082107104
91.90075792146605
100.31828696273953
106.50356464107651
115.33136262070106
127.84070814614277
142.80061853602325
146.58851256651593
147.71864557645176
148.26406247859816
145.83574332152745
145.6527322810594
145.20258336288754
143.80398376397142
140.15529012842248
132.31784026835393
125.50675294817373
120.20916643030309
115.37794352963714
109.15076333067618
102.94199253693569
97.42612076452771
92.32175109946746
86.12785234489962
80.74084607696771
77.01286963015357
74.44842836642444
71.37103511703695
69.75520075235004
70.55897948937704
73.10655533824125
76.07738644830009
80.75372547188415
87.24324164863557
95.20573751568902
102.91683503904828
112.75452054907979
125.45324779531147
138.972902122891
145.14353546813402
147.5237655106649
148.74935901887642
145.07307512631255
145.02412792385482
144.88005865135912
144.29003129655354
141.91788497392164
131.28331159833493
123.35392056305699
117.84462055159487
113.19850081456505
105.68279797119759
98.60526572906325
92.5069764907066
87.32671994810669
79.5081304297336
72.90067381783184
68.71332570375002
66.51967809893405
62.8463349920471
61.580218363897544
63.635485027668985
68.16292221129076
71.79051536104289
77.47177106773566
85.07874490426302
94.5559247739484
102.14181717879957
112.68151663588088
127.6039630974949
144.959020617662
149.30859366661105
150.67777381536663
151.34394042913783
144.43527332330802
144.65185802860088
145.22506487986308
147.22313790363245
153.71368346232907
132.46747903456594
122.14586914910447
116.8114410860988
115.72676887917525
103.4013211840709
94.87412967225733
88.86279396546912
86.94337480594443
74.07970650207594
65.96989901151552
61.773142439044726
63.871939373521954
55.9733264684161
54.85177352876035
58.86183131084986
68.70230708831917
69.69308047256442
75.57756558383811
84.70444013110063
99.3222272639353
103.28319128946421
114.08344156337257
132.5715555916837
162.15974747009813
156.27129412408334
154.64426447711486
154.1179969841732
143.42512861012324
143.28714765217927
143.02075698888981
142.22736090177054
139.54913859026567
128.54550953550026
119.72585952201328
113.15718240336322
107.5614889591645
98.94626743039358
90.50453669697515
83.00330324416657
76.12946868803434
66.66739061312828
58.66643775163684
53.306190204640735
50.85814643273253
48.26298842738756
48.984666046701804
53.41698787561557
60.490785782114195
66.25650508803143
73.44340924192521
82.47463937875374
93.10270782268192
101.79486581869348
113.7255081790356
129.58359662283362
147.16180519171888
151.7392032529217
153.18795577036812
153.8896048311249
142.73108576495284
142.38937634920845
141.73429201921587
139.9941081667378
135.78897169085542
126.8426750881393
118.299449798686
110.98564626791216
103.96879671672531
95.66923932066211
87.0784013449416
78.78626270728572
70.72200419279632
61.72472672551489
53.83746923666931
48.14495555043139
45.2387190512021
44.20446298136905
45.9703011608551
50.788904957132544
57.781030367221874
64.67652501511596
72.4295328703245
81.74136765565252
92.11703569401362
102.41950741509866
114.76044974443982
129.3922537061328
143.76924451926675
150.01355420849924
152.35876883425246
153.57075315800552
142.75260257891406
142.61816317213373
142.3629527731735
141.59345242051555
139.0332441333803
128.05647524440144
118.43770209904086
110.82823462269339
104.1379803606801
94.61350207142691
85.43383696472159
77.19013407545366
69.68622633095501
60.29857205747752
52.5933998840537
47.63590399553559
45.94891751251969
44.49552959370876
46.31583301435091
51.41778450089044
59.069795719437565
65.56590702167756
73.38210128518787
83.29901155889533
94.98047285611116
104.8889999455972
117.43848360975666
132.8479339150492
148.77404064052976
152.7276351943033
153.9672684728267
154.57514859874112
142.91036765531243
143.12286773613403
143.65894909393788
145.4933552064554
151.22698460820337
130.8098009998133
119.05196465240337
111.92720878296585
109.23625338375646
95.26294268569902
85.32816999142537
78.00797291692933
74.32265286980594
62.27592124529516
54.8968973985307
51.60637365824631
53.67558954575367
48.82631939401694
49.549798814624026
54.965964117437906
65.51958085489973
68.39778950124266
75.58426726140827
86.5186720591848
103.04483013213819
108.52150307186389
120.55815456663872
138.07525332741554
162.51395737577477
157.6892912551113
156.23398253154775
155.67350634960354
142.23623372935754
142.15729823060582
141.97666311759636
141.26841912394093
138.774084166033
126.99361464421825
117.30790747223926
110.19049063596822
103.91623230664491
94.3640781686294
85.66048495572072
78.36822318915304
72.36101008104357
64.80803450903821
59.22542391833766
56.20519557197415
55.300307532982075
53.57589997434417
54.278453118156754
58.40662563041166
64.92016145894165
70.28470790270593
77.80273578278994
87.65721514966104
99.52581021726208
108.41271039358952
119.96964794229072
134.55112865769678
149.8317333181486
152.99755653391932
153.79949917395845
154.13656904652353
141.17767779067933
140.708569107183
139.7503529695573
137.2032918045575
131.9224177566325
122.70153074735455
115.50163892107764
109.92015105102163
104.08206812727624
95.78260111353664
88.01280070551817
81.50629899168722
75.85036717264123
69.9391003666559
65.37894044826234
62.675817703667995
61.41044718715992
60.38987786599923
60.95646602340185
64.24396492908208
69.49072894315555
74.78197422099839
81.84158315515332
91.3294738011787
102.07966409755502
109.77518040621868
118.68441543182763
131.12063447108034
143.43973586233903
149.06849064098145
151.1350901681157
152.13441312622456
140.08678114711495
139.12969478557432
137.14335972187487
132.8329105737385
126.34870385049416
119.75429409539555
115.68430695430321
112.8970158866902
109.85836481757346
100.46844283821756
92.84628188404082
87.45485176088219
83.39393467462308
77.59578735970473
73.23196601465698
70.90331633869562
70.41763687637894
69.14771441523213
69.70638034245498
72.86626571450454
78.33600652877013
82.40818501570678
88.76392806696246
98.5508990318552
110.88063783617216
114.97425696599305
119.8205842832563
128.39177602325697
139.06268980577664
145.70032175869818
148.86057484827523
150.44090976451446
121.78350298730179
118.6801019986375
117.46685047486311
118.45889097990633
123.58284391349143
107.71077266992518
99.3676837406076
95.52224506112418
95.80899833347975
87.0704836919416
82.23244739911864
80.8823395818022
83.56167915822859
79.47172380077674
79.87119782642819
83.73733018832277
92.44563478325962
92.23097038096037
97.46805512298985
108.6250094559068
126.74661824165462
122.29191039841773
122.39535092948255
125.90123664572387
119.2832412215184
117.91521362246522
117.34634140460837
117.3894584201402
117.22747763903496
109.86755320129507
104.8674660817625
102.25767371649634
100.4293763662175
95.7537320504927
91.84762132491402
90.14298369836916
90.45051169281084
89.43027036271302
90.69599955766743
93.8558504806228
98.36748471433472
100.20685894104132
103.72363333813391
111.16244486756278
120.46391628787741
120.85951116332173
121.4643070438458
123.30758119630318
118.14006816646757
117.43361512586249
117.01449142710521
116.8221487347233
116.26481180753147
113.02832159850796
111.69140516126166
111.35870279677209
110.8061133842608
107.28147328852985
104.1291889674024
103.05043307283691
103.71539617390229
103.11793824844442
104.18258930793458
106.96166954388488
110.58743014818096
111.18253530343472
111.50987090817338
114.68646705645877
119.3825888497599
120.2541147611536
120.6487480836295
121.63896146161134
117.63656162769686
117.22925790920164
117.11205121397442
117.69914809410947
118.7602572310852
119.14119833256645
120.32925620763993
122.79048363796618
125.81508946361878
121.80723512080733
119.29260930537345
120.50040700357187
124.16728497435827
120.53574275586213
119.99083735297415
122.77076683399932
127.22181132202597
124.61079597843806
122.6218655406279
121.85778939343128
121.60021284669476
121.04374736209635
120.77962790906626
121.013662738784
124.02383278168024
125.88763509898494
128.6635852175272
134.3877764827201
144.62959320647
136.4529920768454
134.15287612124533
138.47284227914494
148.5544693828615
138.3324761733878
134.80681854632067
137.84438495084777
145.09280374239117
137.06613033322824
132.69117910113738
130.26309719967097
128.26966766819385
130.06015588158982
132.57836213696763
136.88582342024645
142.0794762367643
140.47786934499723
140.53839717370835
143.50859694756377
147.53857498510956
143.46079975023474
141.11945328774974
141.96688004404717
143.97797275772754
140.05091557948714
137.09195052304193
134.83722988180557
130.5159707274461
132.0026212572254
134.25387383567892
137.7483214271397
141.42223777591516
141.9292270686343
142.9917634150189
145.32729058538774
147.40036388543706
145.3520265836505
143.5860799220242
143.4614509728231
143.74701613778643
141.1462559559736
138.91072353118173
137.2076811134281
131.7988661859765
133.15010621720606
135.26607511329127
138.26413536784895
141.31282472688972
142.73514911713403
144.28381908637286
146.28895362800242
147.5800586887484
146.38461597657175
144.92564881538868
144.29584736790775
143.81963214022142
141.78621358707898
139.90182727841398
138.51001859173076
152.48967308925228
153.07763005662866
153.731562692394
155.7200675856105
157.1656222770871
154.90527240866578
153.06036155312225
153.02853573564676
153.8274694925536
151.172683505188
149.73759013484568
150.76039176023767
153.01879980724135
152.12055772812366
151.96616554414783
151.5745672756546
152.0639489682895
152.81522936679013
153.42705443141608
155.70835087368246
157.63700562623438
154.86256315410878
152.85238033357334
153.0051104167061
154.38531153838974
151.13069024126978
149.49221752280613
150.65752717960703
153.43638068911292
151.98081163732746
151.9150040294183
151.29964974487945
151.2994822729375
152.42731762339602
153.04418815849598
155.65445426042325
158.29093054057142
154.761179648206
152.5631114749889
152.92124346724142
155.17190146783008
151.04229186993751
149.18545100733002
150.50144300334236
154.03746802115296
151.72757864301883
151.89926544874115
150.69368525314636
148.26641183027928
150.6934736047412
151.8790531987041
157.56987161825873
171.3084834179984
156.18090904603048
151.78359016892213
154.9146437735594
171.0799632031918
152.68737598122928
147.95249605482064
151.42052438664373
167.42871424005614
153.6433057433908
152.65624037780125
147.54023287016892
139.2339432057921
139.38801160911632
139.69541195287636
140.90822853321424
143.37940519564359
146.87844663716015
149.3772948333942
163.85068783381874
271.62916936857516
161.06468316260947
149.4511021457644
161.83744200156096
293.26962162221145
159.0138284697507
144.97258007928215
155.5122734493187
270.88566063207
160.22285923354414
150.90702402338533
138.15211032000252
129.48758531688247
126.51578493830102
126.1034236037211
126.01321892768692
139.13719538095555
139.25011481212667
139.4291581768334
140.25803526865346
140.77535997365493
140.72434208693943
142.56101625580175
145.89394942807465
153.85044495156788
143.87029119704567
140.11658590808864
141.09196584101616
149.88826215563927
138.8286180143346
135.85002066979573
137.73595761199223
146.7123641951855
137.18053812850178
131.79150769826526
126.59749102828265
126.53155908218217
125.77670051077811
125.93634845046873
126.00869928159081
138.99559297281164
139.13850449551342
139.2558674322547
140.25481994855429
141.04251079929176
138.31880804528848
137.7486586086645
138.40815454741264
139.14081625889227
135.88575405214138
133.42036647121841
132.58582855432843
132.87250111653614
130.1629708726416
128.6845341319555
128.83958835038675
130.05718414504736
127.26317322714326
124.43135572507782
124.06797748027597
126.66188851473756
125.65013084769238
126.17984160559209
126.26189133889991
138.79105540175667
138.9281105583871
139.29353315130544
142.1595384033207
150.41786907836857
138.162006154588
134.57421326603998
135.06504860201886
139.35695179298122
131.80737953408618
128.66772638079445
128.37719396051781
132.00540479617536
125.60740514649035
123.18248387795745
123.81260608562778
129.21860324773021
122.57844879257716
120.24893463530303
123.21410480035071
137.23189765792
128.16313264982793
128.2470403256425
127.34184071160603
144.86720613577089
144.56307961999053
144.03069329266742
142.14652562447398
139.25235412575788
138.00252220024723
138.83773602712483
149.08686227172691
230.4763185102679
141.60339109593133
131.93166598849342
135.58802235108968
184.9022696484668
131.31832473302023
124.39444025229066
127.36675898317183
171.48261400123653
124.25843890115365
118.17759650816508
122.39649804387616
175.07840906672047
121.99857354489609
116.15933140339564
126.24256759721503
224.21710880207743
136.3416267854194
130.59698565007648
127.46616843978775
131.25495019083473
135.2721519382533
136.51234944187243
137.34791220905106
145.28844785186502
145.08790738953152
144.79422003600828
143.53340843881384
140.86652407681837
136.23731964061434
134.79129050730984
135.50032374583526
140.0209032560859
129.75643036086848
125.82022641757887
124.84378863071753
127.69951722056163
120.56865706773297
117.33925616171116
116.62716840658187
119.26716930699634
113.05465549679215
110.2750464321507
110.27832382541101
114.62167172409949
109.07724499655497
107.97835204563869
111.53185085270665
123.03226448026217
118.55471370186109
119.24588099927371
124.39712612577077
132.52671165402546
136.59012648365746
137.65576886728923
138.47466008108756
145.7863562985198
145.55118498926265
145.25208486377866
144.38813387574726
142.56313981451552
136.84658558268268
132.87877020257574
130.47587645803316
128.79461282058205
124.02864701035868
120.3899326783792
118.2142349581427
116.79246978599623
113.11983639762502
110.2851733434796
108.68293291587298
107.74507073174605
104.68754763803148
102.41277804435488
101.62115471311543
102.08734234050141
100.76320148214718
101.0764228229689
104.02082974128261
109.56957704297822
112.71971968661987
117.38050769463511
124.98428680068304
134.4815169855444
137.89137061937575
139.26281986876967
140.45108720071818
147.29070626949218
147.29527927998362
147.26365397574205
149.00760784289403
154.5080739199746
138.90881177593332
132.19095117054684
129.2902526016706
130.17510539056187
121.18752427825433
116.17291719021544
113.82062980723646
115.06178153048238
107.60593181847273
103.58667289824146
102.35991456959835
104.45786370503687
97.95711057560081
94.97604727109373
94.97466257531391
98.95172377919792
95.0353027618022
95.63160082226783
100.28132485973022
110.84406264704043
111.33955356181487
117.55460172921823
128.84511660167254
150.6269791391913
145.45190464329212
146.7822121228266
147.5944691487088
148.22962293841294
148.64039426393686
149.20884567297904
160.2566260951405
239.85929245204488
145.11454317510004
131.583343172888
131.58282415111634
171.7562787469605
121.56291667807068
112.60653461829473
112.74565000177279
151.60412939274053
105.09583983815602
97.26300455014115
98.97816378683562
138.73312963628558
94.06966584361922
87.85309030578374
91.36770677887648
132.3646985399337
92.71108057934117
91.14929951645254
100.35809495162559
152.60178114642582
114.33861561547818
118.00124814994959
138.30849595268677
246.11860426391615
162.14249952787782
159.25028028543062
157.26415554043615
145.88378154932255
145.8270936511688
145.71480802145214
146.86514405495134
150.90408042725778
135.17358395036743
127.20347807027555
123.06712553948364
122.48073129016525
112.86470765611612
106.66302667389564
102.7713873246703
102.27282533875517
93.47201074742645
88.3301881761071
86.05949553844698
87.68623058043448
80.83079265618315
78.06487303813516
78.83412233763549
83.9126085535414
81.98693328999362
84.77753316172982
91.12023208964935
102.55503449086363
105.52228465197365
113.8045878902339
127.34367442717223
149.91607072889968
146.60686934772707
148.10777288330766
149.10824327907085
143.90876489623886
143.6779837185275
143.36723825932546
142.42325518052485
139.95256846067923
130.60935463537402
123.55223419593887
118.42706862404566
114.02949566062348
107.53461906866426
101.35897204957303
96.0030889909206
91.40809740147913
84.95840677841313
79.61126016746631
76.05187259836252
74.036119027426
70.49009147238681
68.75470090376749
69.6377539053696
72.56115517074197
75.10612474181373
79.6252398798703
86.08533712529237
94.30963351231756
101.34139346670916
110.87303105065065
123.9565137626806
139.3669246390679
143.62871455446674
145.45309466409722
146.93881810224406
143.747072726427
143.65160885586215
143.49326944557183
144.71339620611064
149.43907727747714
130.6470377565474
121.56481960773134
116.46859691488719
114.21895020523894
104.47821008958486
97.19216961619236
91.5910577188848
89.10154474295521
78.90523775577597
72.016632934619
68.38700887292458
69.3575119526681
62.570000184602236
60.82220828067416
63.24731833358894
70.20071307201955
71.28841674007673
76.49093182449903
84.30287877120989
96.10151528650286
100.9674913896278
110.93296813277692
127.64921347277571
154.44202932059076
150.17665246241648
151.91397736699585
153.01383560421294
144.2322583311649
144.62304285946152
145.19288252508105
157.05849928852936
236.25047828477756
137.84049460133346
120.94561722895392
118.00981745545342
145.09036047399147
104.53887783649432
93.9141110228582
90.60059273581058
119.36134878294652
76.26018870788859
65.6679894304272
64.65572376871484
101.53634733410154
58.87227838646371
54.638850975301395
61.05661665348303
98.85526497055035
71.60810424802179
74.97200120026935
86.25116763753812
128.7950283609156
105.00559426554729
113.34739347845468
140.40499415046963
245.67265912570713
168.3309769072846
165.42681148904722
163.45750296541706
141.93591578412062
141.82704283126077
141.6632350530074
142.59860737443714
146.72596274751322
127.93790568522824
118.03220972598224
111.91585757290225
108.73052900310746
97.90591735213727
89.25624142256034
82.25501150901857
78.10491823403873
66.25618561481927
57.97108148396871
53.17035733986713
53.81221258423952
48.203887483494604
48.48013764069439
53.23615059188268
62.59227959504917
65.86881583041702
72.55731491850162
81.77107062726425
94.70160328710129
100.62052509254727
111.99122963206192
129.49737875107795
155.7890662995029
152.30460005543182
153.98316599626597
155.06924710290323
140.60587473918667
140.34093510548234
140.01394613379205
138.6179174192729
135.37756098646426
125.34147286333787
116.63229901763152
109.46278507427093
102.87447228917819
94.37263454567963
85.825432059411
77.70605329908297
70.1311582924415
60.93470502145847
53.093905600263625
47.59716352783896
45.13965387830096
43.73627972851687
45.42325433137289
50.278273063003255
57.5057636446653
63.96977421944797
71.53043739691094
80.75311041095758
91.33545842600418
101.01498823603632
113.06000130956588
127.80859296834744
143.56831316709136
148.23400973306622
149.9284824564424
151.36120308863215
141.20934678308717
141.08004922651807
140.89735557104706
141.39551232345178
144.05117217789535
127.52761462207827
117.02210287874283
109.82445087234608
105.6070515161511
93.78336449589412
84.338811239559
76.50760787685005
71.25262272329006
59.86782346429766
51.9635180446884
47.44087872964018
47.948954418692544
44.38456312518466
45.86058257248515
51.25468352908232
60.87982738373345
65.22404628810166
72.61745320119736
82.78168170384615
96.91864491240645
104.03525566551893
116.09969508157964
132.65867861766353
154.68368920474327
152.62884230286207
154.0118232336139
154.95108844305676
142.55772720205195
142.82881367146965
143.23141096498566
152.16904936375565
204.95190353537868
135.48180177785707
118.44320425788177
113.82459619377231
136.968729103371
96.92306027633519
84.63071264791682
79.48093499605483
98.71283203132491
63.914878894364016
54.56599720119181
53.395224351911416
77.72394500848145
50.74716597120569
49.38757095596006
56.829355457357366
88.62355892774198
70.15102720993276
75.20100450816155
88.63117187415656
129.66564314045263
110.94462106450852
120.38025613456152
144.0959570667161
210.86518655416083
165.18350365229682
163.3995900315039
162.17297797820726
141.41328416466433
141.23235500013993
140.95446759277525
141.98569480854815
145.87317521965952
127.12406018558335
116.16268919346467
109.4960912578603
105.99147338709294
93.74968112716277
84.71457198524053
77.81783427669733
73.9582756570804
64.39471231553806
58.56738575096923
55.906911640473545
57.05867729211086
53.363197266751435
53.76134131935073
58.20636196146806
66.72139657310456
69.9721648697454
77.07044929523906
87.30993860182184
102.10465264347455
107.92498674529841
119.08728817325837
135.27112936581096
157.5365021270663
153.9695862785491
155.4882702690358
156.45052474464524
141.15752453749369
141.05995233744866
140.96404995969786
141.1023176746406
139.23439288591268
122.26996610243631
114.14285983894193
108.9132832713328
103.7940470225829
94.8326929932194
87.01413705263904
80.6586871547095
75.34444345081151
69.1777565124517
64.57557049096388
61.95035320582806
60.97418070624771
59.73165676637239
60.27260618313258
63.6611924520499
69.19021547283916
74.07995049124996
80.98448694152944
90.64093200244555
102.25977823703987
108.79914747368905
116.82721274206072
133.6949707823015
152.85792771517438
153.69499358127794
154.4104131937405
155.01446620196594
140.77196836728615
140.49541907175055
139.92643482040944
137.2496542032162
129.5027318740923
117.75819803499185
114.62889018409969
113.05313366940024
114.64411509152313
100.4297034679455
92.00343975894263
86.95620671954443
84.88526227740266
77.05141319169043
72.3440503637102
70.2518392571035
71.37367065058709
68.5460176708598
68.90918992902324
72.49061242350973
80.1528139973662
82.06924312143549
88.09258280036077
99.10085973115514
117.06207018202478
115.7510150990845
119.42416222555828
131.4293918117684
148.43696663608438
152.37242698534013
153.43591167967796
154.1092688439342
121.71605225680338
117.65181977170042
117.40228559605747
124.25203924523517
158.24880978004222
112.41844709151474
99.14080629833713
97.25865329680417
115.14478645418072
88.42544396237678
81.43671344982964
81.69774306442041
99.48129748511793
80.3137400101145
79.13151357452281
85.34483092665819
110.97662041354653
94.33011353009768
97.65374292405745
114.79508549595077
154.36211604298282
129.1026378723297
127.66367936137657
131.11049051842147
118.1832916129326
116.97958283470157
116.7613332683804
118.24253975333284
123.50552581411391
110.10976661626148
104.01370662705251
101.65197606700262
102.0314996912626
94.88426033366477
90.39771230633366
88.85949095283112
91.02062463271609
88.05595534114082
89.31321644032006
93.00850749476128
100.2534578073619
99.70286697091075
102.84088822785331
112.03007962591255
127.2951366966876
122.40550119412633
123.5974474953059
125.43233888791195
117.49897099981295
117.09967959914611
117.19337644273729
118.58790958385887
120.83813423242513
112.33757406066063
110.64794524566322
110.43357050251333
110.53896616367582
106.01914614897865
102.26377682197253
101.03700857140909
102.45330930147605
101.04345391059363
102.31702589332517
105.58076910147257
110.38651907657707
110.30300167503768
109.56106159875793
114.75187886123925
125.2921682769196
123.05504682493523
123.29520291964772
124.00420291483594
117.37344007387446
117.26165591738159
117.57896759606722
119.44664820062997
121.64123127697633
119.16865486463392
119.49704260795532
122.96135777144518
130.5320094107657
121.4960521251643
117.64858399523018
119.71932728364449
128.70069459343475
119.55351326919144
117.92978670111445
122.22279085152189
131.57112675975063
125.00862424617902
124.32790046426432
124.74425681293421
127.50603959102126
124.15697631780465
123.57230484660593
123.72593925712
126.74880049175341
127.09048300139693
128.5678175771175
139.0399724448608
164.17218604695836
140.64982143654757
133.94558728852596
142.6208183624144
161.765932093512
142.02847338897456
133.6357525831152
141.1302661769523
152.9293784842756
140.86414883391987
138.3375731450266
136.92643159425353
129.80689019584307
130.51365482654688
131.5262476195807
136.8713930675007
146.2935463805324
139.75634802188154
138.32540732696572
142.15350572940466
150.60143516446882
141.81513924025222
138.29603392755246
140.76442875453182
146.60020017461758
139.80013319168603
139.4359630998821
138.75691300395587
130.64396987635556
131.36367700724367
132.5811110624493
137.80409694343925
145.2799970035396
140.98170583921402
140.05526584149789
143.7530212847277
149.92711053920738
143.34146560949972
139.87949114416946
141.94825868624878
146.05153927842724
140.86669734106906
140.01287423594178
139.4179227087537
131.23657833677
132.00784920222824
133.47687997433366
138.40253618086936
144.56856679157826
141.84422949805258
141.44939739588324
144.87182873103563
149.50002785018086
144.4058958974929
141.2142278195901
142.78719488029316
145.68005869343358
141.58321469513797
140.48336385852457
139.87538416372035
