120.24277583596049
121.66918447846227
123.45658036310795
125.29469521217497
126.0920979987581
124.96506333643549
124.1936105904569
125.23843785458598
127.38604108656128
129.36848105001502
131.94621993988773
135.74054236498935
139.43957894093032
141.20673067567824
141.51964391210547
141.19946685670294
119.01713787207886
120.86558842350583
123.04383702629451
125.5775210075792
126.92130915927922
125.16343698231924
123.9332277518316
125.28305247701809
127.97784927118703
129.47939435236043
131.81969090196168
136.07283343964994
140.60314476516018
142.07349656332528
141.8073611134856
140.93325059994234
116.74243621075009
119.38096975119728
122.21293296797487
125.92259234449777
128.5610606948826
125.34470701410292
123.29158247532332
125.26409128688272
129.3001543534255
129.52505219372293
131.33344205258783
136.40074893488037
142.71362584959093
143.21280499815217
141.85718394644277
139.90126314828518
112.70811663820214
116.07140957226139
120.00848635607385
126.19366683681982
133.3945584934072
125.16227813343784
121.26071827798488
124.7814195968587
133.5090055445501
129.10872419677352
129.51355130974264
136.4440630771879
148.42274143872734
144.66652481257466
140.61273143101135
137.08539581084847
114.66121081408166
113.49496928107938
111.8649182142428
109.93763966074471
109.18604552714993
111.00057542648591
115.31980856393054
124.47698628637029
148.02121871032185
122.54517852258056
115.87051368928829
121.78550751047656
147.08130538356343
126.27776232526995
124.475026863417
134.17909120123468
164.45861840047934
143.83841305911216
136.19824522252807
133.16832407244388
134.32186099159105
138.04036694602993
140.98545771774852
143.03112575065163
115.99975989897543
114.77523795411325
113.30686441575737
111.16407683649356
108.39719526012713
106.06483310612046
106.85460082492872
109.91686258878943
113.59055949284485
107.62887686048481
104.48546630119279
106.62435967494415
112.68781767533967
111.51264371463078
113.61076611624392
119.86646520234241
129.285647297544
128.31308590617752
127.45276045720418
129.72837707984382
135.36595124675335
140.15435933751377
143.07059168427972
145.2511481446584
118.10300715930929
116.53922251151302
115.1826250706402
113.3443727859181
110.28768592879082
104.37615969552824
100.93786069362956
100.33713540788418
100.25324932377308
96.84586279476193
94.89614114244095
96.1007000245885
99.43885267771424
101.11859977976786
104.30401387859413
109.79623596733917
116.51283703904093
119.60438703597806
123.02823694226724
129.5531771301233
138.51129255050037
143.51549595632957
146.2545553476192
148.87215820646765
121.66816209856064
119.02653571160756
117.82721458250553
117.26412308194806
116.16859606449974
104.88073310642633
97.80348092572885
95.05285628792366
95.14388208464494
89.68896524119562
87.32979058101502
88.98486915391358
93.82852416436597
94.30972957875544
97.1997759680547
103.62100529947396
112.78248194364463
115.83957260107977
121.36928038248563
131.31871045212876
146.51524332605013
149.2896017878848
151.05649934635323
154.5686929851978
145.1079441985959
143.3925722683979
140.14601232249518
134.23697321491662
126.84579246374652
121.812942131573
119.79424174560559
121.5255945466706
132.10782025574406
105.92842961342271
95.28756916869649
92.04839465634737
98.65141323123727
83.7952073312888
79.703320390235
82.74113420045721
95.48336080976563
88.55975755675257
90.48029892799893
99.10922254629399
118.16763057960483
114.19199678831735
119.78942253731695
133.8487269157698
165.3301429868807
155.3548135590814
155.64616246327765
161.46726631298628
172.1503642728015
181.44806887319555
186.89385745744383
189.97060368129826
146.99906629792125
145.8347274698144
143.7677467013841
139.2274921340303
132.43530415732923
124.5822583487249
119.16162836588677
115.65322509062587
111.89088971706745
99.68735526970765
90.25857136459554
83.85920885345678
79.62065483758506
72.26511162514882
69.0107913832739
70.52175982223598
75.47299091865261
77.09639066140316
81.3106194816283
89.38677733618249
100.47494703656423
106.95265953522461
115.70243300735092
128.1499385021865
143.4574282610666
149.76074722337597
156.47748442541908
166.7764483168262
178.2768256841932
186.75699812071622
190.88960932776862
193.3191457224633
149.37450316009668
148.60919668454332
147.31083162290892
144.24428657326578
138.34705956549433
128.7761433064153
120.47554845209203
113.78515136451209
106.91615277572141
96.69101639990843
86.73452718470503
78.28201892679506
70.70691791279631
62.54323245773915
57.96853940540222
58.641755861711594
62.57762304218227
66.6264484536192
72.63207708312991
82.00646569370684
93.24106570293566
103.00409022889451
113.78923071071323
126.31127045721043
139.38552736372156
149.4828025807574
159.82488932499732
172.087804636717
185.41748180683734
192.8409461546053
196.0898892348041
198.02981334174441
152.09402230207027
151.9786150478055
151.77866257955813
151.12366266479083
148.32913470670692
133.91779014413495
123.3621110419671
115.81864363956629
109.11635446879781
96.5897628549774
85.34534974156479
75.93814048019782
67.86946204026226
56.199498013518365
48.819046876204595
48.55079754995935
54.231275082965674
58.62023582488441
66.56478462964846
78.54107982178263
93.14454715301095
103.1324936537826
114.58087864674053
128.2639728009947
143.43602579940605
153.06937931761794
164.38413239917773
179.21793447429803
197.87953421082
202.24930018904303
203.5850109582029
204.32069917897567
154.2917256975573
154.67041295217746
155.6173075057818
158.88891745677628
169.79169328051466
139.66510628978924
126.16438551831075
119.41700817558198
119.7551330638605
98.7653926127311
85.08971852612481
75.81137860392427
73.26618763042832
52.502295452366106
41.56486062888993
41.50838541811322
54.18329744411343
54.02301639031301
63.470817186448116
78.91999475645778
101.71914958006307
105.988125964441
116.83565801948016
132.30823680476126
155.70003222506335
158.14184711291878
168.81898769077443
187.26111120770142
223.80465701575505
213.74672715711995
211.15270112035574
210.28815321317498
155.42196301694497
155.25600375842782
154.96698017762515
154.0912807531273
150.91512995940798
136.77548169671016
125.65760747044676
117.51256809208546
110.17766481507947
97.22457066342446
84.3308287627159
72.56362189623619
61.494635528389516
45.80768482033002
33.59537525285956
31.23368139748742
39.816608110415345
49.31526130753798
61.9566289204334
77.82130782593912
94.40325987757655
105.97213546641943
118.5933511529875
132.6521326928947
147.5774242861318
157.70901344152554
169.9425300342127
185.90075033653807
204.88092165313026
209.9754411808041
211.70305952394415
212.64166650715
157.02872071994253
156.56319276336012
155.67665813515688
153.36554150484716
147.81721219670325
136.41763866365952
126.21375120706121
117.73680479633886
109.08285864723845
97.73082991806211
85.31719696076144
72.58380155581942
59.476629291155994
43.962869578433576
30.67739243199267
28.61154399368499
39.56869914601316
51.267298128991136
64.83879936698096
80.62949385891659
96.08504349828318
109.149699840454
122.17266651225565
135.21202912805273
148.1181259310027
159.56246700469177
172.18740091220099
187.7640760718465
203.99042187626378
211.55895125411232
214.60310821721745
216.24111972203332
160.03196705873066
159.8569911579724
159.520580806653
158.51174704330836
155.0695645477865
140.87962726660626
129.7566117499105
121.57224339545785
114.04778291892346
101.75791901140678
89.16634337997387
77.00546320314312
65.5892713141064
49.79813388017543
38.38446329689309
39.702762676820235
50.526765687113695
60.069437210875385
72.57760060022497
88.06808859375424
104.17296777737691
115.8076360926414
127.74201844424343
140.90628647487264
154.72449752273934
164.97875970719434
177.86526997008949
195.31059372727685
215.0725381008231
220.22619411155412
221.89820660625253
222.73898946460426
163.80489785345685
164.11610359720186
164.88400114853343
167.50133952948156
176.17551357041222
148.4049988570422
135.00571522135502
127.7743604299634
126.26329010740194
108.47546849012245
95.38507121005931
85.09870533231877
81.46631880560125
62.767633086486555
54.128857407682084
57.6285826877526
73.1592843141493
74.45727842739923
83.5977731571627
98.52593921123074
118.82699781553997
124.07384190249603
134.39973603752202
148.29021578061648
167.95559948591418
172.53214495279403
185.21015197692284
205.78937347929028
240.0382482266938
232.34139242905943
230.2485789868285
229.5301813706292
166.84734944157861
166.86009975053335
166.75194467488825
166.05191650076748
163.04770459064466
149.5261284745035
138.73762587863055
130.66004399983817
123.68606595237314
112.56157066099564
101.70044924656435
91.80928190525204
83.87244730313532
74.19166053601471
69.72466357833528
72.34806388214093
79.72544930274269
85.20696066895813
94.13379020189134
106.71894996355765
119.86930210582673
129.33317768877345
140.22318996880983
152.55912160160315
165.96030663213662
176.39439613895544
189.86284486743736
206.9367781137556
225.76924349408355
230.45224312023672
231.79368718806228
232.37412658093146
169.7016771789209
169.54753116155146
169.07098734297
167.42743337456236
162.98015507391267
152.94457557701094
143.4097118586162
135.46077424416634
127.99201051825568
118.82240304612847
109.76649470881458
101.71624785081826
94.94604287229149
89.14739587420617
86.57981923029938
88.03446559379059
92.64731822654764
98.28246618912638
105.95646557208035
116.17165577889146
127.02795395233784
136.61425665655676
147.151037172402
158.6015029541501
170.60660937008922
182.22653105232746
195.42108617134468
210.4994150297267
225.06325197523566
231.28538562099297
233.52964678719243
234.62185434857975
172.74143759679657
172.93618516656178
173.09048987111632
172.9517345934433
170.99057594807516
159.49797182763052
149.77481852726785
142.5621601419963
136.77052462686424
127.55618440493413
119.73020936042171
113.93297735152112
110.25295517854148
105.1487882790897
103.30403429271114
105.16716156921433
110.09659668865069
113.77391381842165
119.55297729867736
128.088467791008
138.51002503372766
146.32072117969028
155.57422141098812
166.834135598349
179.64547970323784
189.81724342953706
202.20476791922886
217.21373138868145
232.88797609092566
236.47939725372137
237.44483200511
237.8421287817624
175.59780359069703
176.37089745289705
177.71513999560867
181.14736989369015
190.02818590301192
167.47865292835218
156.42784706681488
151.00201467958237
151.34930615857647
137.86047844445062
130.31941217446357
126.99454852015246
129.36895890855695
121.07056797570647
118.69235648110683
121.81677186089674
130.60308908287058
129.0865126312164
133.14302834636132
141.30608151013084
154.76314008952446
157.24850686223496
164.56053457025226
176.42667991017436
194.3077302959678
198.3227116537395
209.33699841011588
225.7183490143825
251.27527035263526
244.45019273381868
242.21324326502537
241.16594083241674
176.98469327628752
177.54036891538823
178.24731198191495
179.08778820594353
178.43681436344121
167.68242735904835
160.0225636044204
155.32297262383253
152.03891170145096
145.04730706417436
139.81831466203928
136.93540839446658
135.93002534790713
133.05953593196344
132.132967041749
134.29230178832802
138.51210669663584
140.63651302210351
144.87008065387298
151.65670033815778
159.6603909684092
165.32792871941
172.8093585268484
182.85431360192052
194.3453966282663
202.24061748096665
212.1247087325403
224.83887899197106
239.17942986410384
241.33476390251278
241.46011239544043
241.28898090736124
177.32597447556282
177.53678418580375
177.61119390889473
176.9856375020259
174.4788845338132
168.17799779772648
163.90083128045603
161.31196629053986
158.82827630441682
153.92568592753332
150.19271005639794
148.0494568154717
147.07385564358376
145.76634188869986
145.45720662062124
147.21515706368186
150.13773772586512
152.97280555645406
157.17475552723985
162.70428383585232
169.2964237881454
174.98955081365042
182.02781195854678
191.2676575649933
201.16990222211055
207.52194550098454
214.4908529983854
224.30796339202186
234.34536237974075
238.61331872474304
239.919069103531
240.40021175259494
177.2620050588618
177.19414813936748
176.83578599827393
175.7193704315178
173.74245813325217
170.71083554357375
169.70373973006295
170.02200165252287
170.5319091634192
165.26428338611132
161.77661812197212
160.65754695574353
161.13334237891846
159.31621537342514
158.74072874452213
160.68478343463892
164.22395265106337
166.2394631066395
170.00826970494862
175.53036852792584
182.59944310044517
186.86177816708684
193.22635962597886
202.46628111915177
213.34781943563664
216.31162889777266
219.6667606296489
225.6057331127179
232.57631704877576
236.69977068666694
238.64313878144927
239.52645984675294
175.0814124415958
175.0479428911692
176.34714687235297
180.54518150342813
190.16190792501308
178.13137090871055
173.75492106452464
174.14271876915356
178.97544687635548
173.33964082656945
171.81042115286886
174.44005673481882
181.38621122453247
180.10020004745763
183.25010977059907
189.4841679462483
200.1926291563769
200.03501878214192
204.82625391950955
215.1463649804823
231.55433799192312
226.06406848525526
225.2852607995623
227.37335248579663
177.49074947642455
178.2532516419353
180.08837126012895
183.71442496996823
187.7965365802394
184.6225085541144
183.60683584255685
184.8668879888968
186.5445333185254
185.10766393674945
184.64099026367205
186.48855715962392
190.31220344787147
192.46678791902625
196.4760146164174
201.64133822247982
207.4149012002341
210.0539894147114
213.36456060201357
219.79318467326516
227.6835932720758
226.84850255158213
226.56032899695714
227.51964461499543
179.3826496849331
180.54792491603183
182.73095130958646
186.52989463947992
190.54275235006557
191.70747984756878
194.05926287285473
196.6053236267422
199.08918002358766
198.71613074191075
199.05292200436048
201.6675724532614
205.53341213087376
207.78425450220035
211.33611156259522
215.61737955008437
220.25157214449206
221.4578253023806
222.3949329000187
225.05022893747548
228.3278358710828
227.90438441726053
227.352132994797
227.5004290219855
180.98154058501493
182.62035170390615
185.73881764494854
190.95021068560635
197.1839350690697
201.45490059654995
204.94211681499135
209.51237698761403
214.96865497405201
214.26007076692406
215.28511481578926
220.16479048558597
226.53771887888698
225.72331040813776
227.2266302363653
231.0856416439728
235.83354758505735
234.18891636375344
233.0541110847895
233.07537486325995
232.09212070910448
230.11755695465914
228.6738627213949
228.10673258536485
206.5440920119733
210.45150135805025
214.64304641968982
221.93830152083166
233.61583022833278
228.92817186820258
230.30001749423613
237.74799079197854
249.39698282510312
242.71310144304366
241.18885452130442
244.80401443689212
251.648044105315
245.4214777898522
242.1309577547991
240.6412215184797
213.09270498645554
216.11288677235623
219.81180419215443
225.43588436878852
232.23020113545454
233.4419179539979
236.83103063265483
242.9852907315284
249.27755915771442
247.7318395349633
247.03263671154662
248.64474728434806
250.86340832502543
248.02575507579647
246.00850168227964
244.5714474567961
216.5165499746479
218.91484721311963
222.14633037081492
226.89919825829227
232.230322644253
235.26061742712773
239.48994277999972
244.98773594794974
249.52495640622493
249.61709419465737
249.3494704064359
250.0931325857183
250.71563267027
248.94072675181405
247.44273017993174
246.42376759882438
218.51034790404876
220.59148945987027
223.62003171565794
227.86783981021935
232.58944458042063
236.3928584362971
240.98347133961317
246.0945406802911
249.89259869222826
250.65399816657614
250.6248128476718
250.9000736583179
250.79149376815724
249.46389122166198
248.19521459489502
247.33635997914584
120.79983978867875
121.57913187376843
122.49156452012596
125.40778089365507
127.69591626126874
124.85777991811725
123.27933958803236
125.54741968084957
129.9178458196742
129.6320536514316
130.82424977890216
135.26981974284914
141.09610022217694
141.8663057913238
142.38489140294877
142.56797315763174
120.25110020150697
121.2239525006512
122.0625223249523
125.38383192593386
128.38015448798484
124.78013650849181
122.96029505144327
125.49600800636985
130.7236592121719
129.56351991741107
130.49933797148805
135.21566356297913
141.9057790297477
142.00041013479995
142.61190067425298
142.711562841624
119.28739963522267
120.71074861997074
121.52983328164316
125.29835823356406
129.33461775927853
124.617004400944
122.52683078173787
125.3528925082005
131.86419655940645
129.4093354983279
130.07404162643996
135.0902295158093
143.00464094680822
142.02487078323261
143.0377200539367
142.84493752467174
115.76374597396176
118.53787768082493
120.0702231406129
128.15919830592267
148.5701553925194
126.59368854933994
121.23288184615615
128.14708689038048
155.37351243351557
131.99688709117973
128.6793422493733
137.11788562638387
163.93110015004464
146.56094257128757
146.31594188362314
142.56659070348454
116.14472122114319
115.54357287592396
114.61762512073985
112.52130390804088
111.31677473780583
113.84742926056035
116.92693247646216
137.68225036232857
297.28977657518345
133.64257788495974
117.60272849187987
138.18424660351792
336.5059872706669
141.52611352483902
124.85046280229506
144.0836326214403
319.3341245341645
158.75797703771894
147.65207437380457
136.93363682371506
135.60850939246274
138.86716129032473
140.7749851290638
142.13294619328317
116.77667111522636
116.16504045145086
115.4974814011419
113.77032688741251
110.79823215504517
106.80804619964796
107.69734279883728
111.53948872109866
122.61401722882682
107.96418502225883
103.53980853367472
107.29301621508326
123.86764869781791
111.88762149331978
111.94867482690317
119.04732743462216
137.16294619643185
127.9110564202179
125.7392848978135
127.5321749510075
135.53756309418054
140.04057383745933
141.94029300804038
143.54005947474397
117.91567884112882
116.87786175564388
116.17119487080896
114.79720799771196
112.72362748610257
105.56805552062283
101.90080980849923
101.12569253784967
101.11040730427234
95.97461153449875
93.40569595367216
94.50921230769613
98.66284078300382
99.2134963403446
102.00100817943047
107.43580055994988
115.04345490560513
117.13801466593472
120.13360265587175
127.043339592989
137.5247955069624
141.4922914980355
143.86554555928248
146.41196724751865
121.72630189340009
119.41414171806606
118.9056956577147
120.4270242827452
129.01295235710245
107.48791966409483
99.10706978135855
97.12323442588584
101.97436638315871
89.88554828803235
86.07166780531566
87.97382233035208
97.33092739727407
92.84736069897426
94.83112608423373
101.81966506694954
116.66446066780753
114.06390139188807
118.6678864979174
130.34676625211887
157.31754356735217
149.7542961207843
151.89939664546242
155.18521609799407
146.7370027661609
145.92095276674803
144.42295497217006
138.38163007432337
128.70102271178575
122.45665107977229
121.6672922346093
134.0222863152119
251.45353984786394
115.41264988964603
97.55124798520053
99.54695689038496
170.42554606645444
89.5176022346291
79.41904947921418
86.20857998924764
155.85435396382493
91.38219627425724
88.6922973747465
102.01804413097202
187.41112378478482
117.79302311371195
117.97364355516287
140.45695564993107
290.62724947559997
167.55971712909928
162.67933240494094
164.91505971254875
176.66767690320432
185.72246977917723
188.28563254390687
189.87327080945758
147.85567430792133
147.3454710575154
146.59227262825863
143.04981706073949
135.99662052964797
125.16661532251231
119.83892635584951
117.84704928911586
121.04736825954924
101.81211718962071
91.68147539747537
86.12311418650418
86.5456473888216
74.18375762992058
68.9952414244892
70.11246339246084
78.6383785338517
75.72850759914799
78.91335578464778
87.40273241940265
103.17792971697472
104.8744743918077
113.06543445427147
126.83022196573236
150.1835289560557
149.1153761259778
155.08163491934948
167.48411707390554
181.4393980803397
188.8694928098239
190.675409335207
192.02087761633922
149.11096704663862
148.51848062846545
147.79709488970738
145.19088700602924
140.2787418143195
129.6051251736647
121.074254486675
114.66369532986266
108.71896188752496
97.81251458634256
87.91498109496665
79.85145728813708
73.03532889305147
64.19307229887447
59.186544880219934
58.59275649447831
62.25467552178255
65.1442508558714
70.54284042102306
79.65974947921852
91.36368668016009
100.6308143751679
111.43491940706915
124.2396282709595
138.23850706555814
147.48587682137128
157.83444896863978
170.4905347252289
185.12133780368058
191.27179828839826
193.39546426559698
195.2322288911525
152.89760167771271
152.72772347693484
152.48922795435908
153.92075871417987
160.25272306067663
135.89273774267818
124.12376902587881
117.40030065148271
115.52094292863556
98.32495892737471
86.55662971677064
77.97635960087415
74.44337303589626
58.67759004158683
50.6456645445631
50.765068738055206
59.23659635970578
58.57704071785492
65.41353752444812
77.62507135142242
95.9483965807836
101.88412615904808
112.7244828674167
127.10909099161823
147.23399912344948
152.01651057270374
162.64379173594364
179.00352044365087
209.09236304603846
203.23998222423722
205.19443431095263
206.45384497098283
156.5000590998941
156.9683127326913
157.6491741980823
172.64770277584546
288.75899526539143
148.54598249601656
127.7815570125624
125.73875038955943
181.8938050426872
104.6294925288232
86.86666345617101
81.91758842696888
132.99281542225646
59.393562042980626
44.29135051590063
48.49827665273508
113.16185780050745
59.36937316432084
63.799750268515
82.7231638584584
154.8376495381285
109.18328468135014
115.97858421095393
135.6954418534124
213.89651513638722
162.26100224007607
168.2800001604136
195.01387791939456
348.6092366842041
228.4829015856545
224.603982579806
221.98020400127103
156.165617768204
156.01790553200473
155.80017057632955
156.76517743506096
161.66963411630496
138.63228820933247
126.40783845290706
118.95894142827889
115.87132478985181
98.78732338064141
85.39794045592694
74.34989154513146
67.65505892971814
48.32353224554777
36.076257600285935
34.18726249124611
46.848155957079214
51.542328201217266
62.55111974436266
78.46576066791853
98.55777470001522
105.91940543704668
117.82567041984045
132.31816681599446
151.378291049
157.0870117283599
168.5329512818795
185.78263168064484
214.77746317997475
210.76807626595522
212.68880072935826
213.98391815536752
157.27877927633298
156.9389869216392
156.5035375784163
154.8004413939273
150.79305559840077
137.27488918189343
126.77101201634744
118.5027997289482
110.44785189883513
98.66475773777155
86.2500657353551
73.64059570963907
61.21355744094923
45.53376554126861
32.957635297148855
31.233362058796395
42.46726403335494
53.1224340770921
66.04148027423197
81.18612015098608
96.7456219068104
109.05379289232384
121.71467245607191
134.5978691220717
147.8116098387355
158.39140400838906
170.58670952465235
186.66019023925935
205.21851530664162
210.63488816026546
212.78424621456068
214.55518204177156
161.40759815764164
161.27048739374703
161.05091834064473
162.46055258701477
168.50115672385735
143.2275064875796
130.49939094627132
122.86017938220695
118.6550476532817
103.13988012344765
90.10805565550507
78.37078167498639
70.82635835277911
51.6911183394031
40.318269850305995
42.82907929048445
57.84078096453346
62.79105727299131
74.21653358850152
89.80494039304482
108.77154778544639
116.5773518341049
127.63698381162413
140.9822370367559
157.90565806316616
164.49304359233338
176.70764425863305
196.28928141653213
227.8315399986955
222.5723710777764
224.60798338897197
225.8908805903657
166.98149366839283
167.48914987195826
168.23380262233928
184.3322672913163
298.8757484037511
158.66745274197802
136.4745885964684
132.5888083716425
170.92847736901993
113.02078476041378
96.70203759469796
90.03011870552514
129.60885124133574
68.204771401861
56.11347370218481
64.6586236626688
128.4378945895445
81.25566337744061
85.7229384568894
103.81823724956651
162.2675003035457
128.4723926563051
134.9831728724708
151.6704132944383
209.02676655099145
176.08240216921894
185.42187526162544
216.10200931427897
359.19938778826497
249.4176713829978
245.51228412222133
242.8772681331366
168.6242859643345
168.50257966263774
168.29343571017986
169.86011909535472
175.8605782426491
151.86203880929529
139.4758615653385
131.87964370512577
128.2773885409121
113.95360737615671
102.66253679441142
93.01290582045269
88.84087405796616
75.60921216569812
71.20687001662789
74.84942713029433
86.37629947068979
87.54319492749114
95.53018353255514
108.49878131021673
124.7416594797996
130.70100502117597
140.73303134466008
153.1788452861135
169.56827818701774
176.24054803015085
189.17103559550358
208.16568130428703
237.6553461693791
232.74734381474528
234.60797851120927
235.77612180866262
170.61811549335363
170.33454271419814
169.96533184953464
168.7105791433617
165.38782171063028
153.93459705328604
144.05984229134327
136.22971793223562
129.29469976685533
119.76209116053711
110.7016351897496
102.73872739351103
96.28852641749593
90.33935582056347
87.95794819192157
89.51767021078946
94.47323933675831
99.57749327388787
107.08163612733982
117.30339678938516
128.4647031456906
137.44364874742476
147.6978421054161
158.97241508561814
171.1233320738219
181.9606016531365
194.85179668716188
210.07923017663433
226.15899528299107
230.75099799247724
232.51939391118307
234.00769147046998
174.26551292680892
174.20826899016703
174.09683584563743
175.39123664203305
179.57988263294467
161.39124442070766
150.60412574495408
143.88545619976088
141.24200246071365
128.95746151428807
120.72275936060407
115.42854452890788
114.61078567839488
106.82366995194013
104.63084352692796
106.8622929666033
114.54640993097271
115.35035090656405
120.61316398999041
129.51754136655978
142.5012780376678
147.53591726017345
156.19112599195824
167.77059399891442
183.52323004863823
190.3087662755519
202.0844840369832
218.19771875446384
240.57217221265876
237.68179556860989
239.07446724655765
240.00245137651248
178.62080254910427
179.14810645475765
179.8525005322711
192.10019992413146
267.22778227781
175.30808194796984
158.1179766001676
155.9698442679003
190.53230918291857
142.3380716636174
131.73039044784733
131.19187001163817
163.34873052311337
125.3913578653753
120.27455398922687
125.99931071375624
163.35981728285412
133.2005653674074
134.4084073515285
145.1807959754793
185.47244950972384
161.02638851710762
165.548055103509
180.4235705374035
228.90288774565823
202.61877690788765
210.45023554686452
233.25702315132398
318.1896076163177
254.828447387174
252.4175058192945
250.7368387204876
179.36790343007448
179.47622185682266
179.5189712884952
182.33554988051483
189.39903552331347
169.96090570423485
160.95379482789096
156.77590027828816
156.94126526831522
146.42082414128896
140.7340416913665
138.29159122566094
140.15925007276695
134.52229303941564
133.1109653083001
135.62973704167283
142.4201964583279
141.86267147382284
145.59043701759552
152.76632088116446
163.338567941795
166.29563256064037
173.28185395328498
183.80709190374515
198.7548447424375
203.01117987955308
212.33290978774235
226.65679476109972
249.2653485927789
243.77434816475753
245.1811013357571
245.99917574325423
179.76705945796638
179.9315424862462
180.2301919736466
182.35588065691306
183.60867472220997
169.51670602111207
164.55360120833933
162.21522963590945
160.4876222400284
154.78702501906434
150.9870604732396
149.0024569102978
148.36874521581333
146.62630890864693
146.16116447382856
147.8793997758802
150.9620208559362
153.5218511130953
157.61976171922086
163.20263912103522
170.14101453074014
175.41361914661232
182.2682149426721
191.70966874429172
202.55347594237773
207.71922453830422
213.4844111941799
226.7912836220534
244.6714587474556
244.04401089402367
244.51082315538915
244.95992282935484
179.9998020447612
180.16675143966864
180.40912234017267
181.11612374757087
179.2043770798923
171.74902467720304
170.65265168279575
172.05064432515323
177.2503751554553
167.01343055779324
162.67390823015128
161.88717206052993
164.57654822497972
160.31196959952192
159.24704300674028
161.37681365580505
166.70418360611973
166.78766317130308
170.24573075156584
176.18813147041402
185.69064377191958
187.62192028280205
193.6099209215806
204.03209732932666
220.27295677337196
218.13313776497702
220.82156661128127
229.48896398766726
242.06271204492205
243.65768565273808
244.13072106808744
244.4943808503839
178.88478500547828
177.34235369007502
178.20829051103024
188.35788047178175
234.23268754959338
184.59946399394948
175.2264237832913
177.79173688621242
202.87366340622265
176.41144812742846
172.31823891005308
176.79523806264038
200.77803945022904
182.2795276030991
183.45598106419394
192.26102783624097
221.52846066334556
203.29378711342108
206.02064369349472
221.9128040232759
264.96328693943644
233.79173902252262
231.89093119794333
234.33794717045959
180.16732934562498
180.3281670009343
181.19368083733167
186.09254492479113
195.7882661518865
186.35879893793805
184.25781584076583
185.72797632432645
189.749217976924
185.55507411340918
184.35437227319562
186.28347538784521
192.18109734576873
191.9785255130878
195.96198956370338
201.66998297995244
210.22958633728308
210.36615427489778
213.28550915760232
221.3928409691188
235.1569377612215
229.22362931024298
229.84256957498172
231.26512582284207
181.12441023069917
181.6037451159256
182.81786659911532
188.0091185792181
195.45051294994866
192.6393012597885
194.5121646923092
197.02614456588535
200.08195118858438
198.59558626691074
198.23695487783152
200.6671719132125
205.23926378355793
206.6283843351858
210.31160642695676
215.01658193639958
220.7696772435193
221.28673305184216
221.10232482609538
225.25634617025167
233.86768322240022
230.45635033390616
230.19394957560755
230.57560448810506
182.0144454937521
182.8988564998879
185.18991280737103
192.49592660548157
201.68078290637018
203.86256056729104
205.5031320124521
210.80848739500146
220.2015106071762
214.88938608283803
214.64861310912698
220.28650215665064
231.23164473454767
225.5347032452011
225.98637180339836
231.1293777781258
240.02825262148588
235.02711537844198
234.81005288176334
236.38624845240787
237.71908505169068
232.62564674321226
231.14502940609822
230.86610384128315
211.7874616762878
213.7101421541546
215.75065090410763
227.21598681267727
255.8079843330109
233.4721420516041
230.90989733669863
242.1320172453797
263.721671190555
246.49476666419
240.69662888853637
248.01516684714872
259.13668183764133
249.06580736390973
247.11247325291828
246.73603358462387
216.99963795858795
218.48821649653962
219.932820303093
226.3744113223991
237.04042468747238
233.54918057921606
235.56837511147484
242.46689286240172
252.62847350592102
246.84032376471345
245.05000936507327
248.00247818590975
253.52233419870512
248.19678599971243
248.00986241473845
247.94947608786276
218.37226264772073
219.58980708908194
221.17750347363412
227.41613732646164
236.21477673140436
234.74360265876084
237.1994466356458
243.99013575928194
252.13858166214985
248.27852471153253
246.4907122560385
249.07068953290454
253.0488211338783
249.05878989900663
248.44880199734206
248.25535093703155
219.2474652180882
220.3944487031929
222.23823279988832
228.13702250121963
235.67368373223266
235.6167225171069
238.52775692813162
245.07657780918848
251.86829658954255
249.29333162982715
247.707683394515
249.8372725835559
252.72775664258998
249.63120151433395
248.81376437316163
248.50876215933354
